0.110006913011592   0.144503576116553   0   0   0
0.114201606785456   0.152113139640499   0.00419469377386428   0.0076095635239459   0
0.286338588282491   0.179322711634367   0.172136981497035   0.0272095719938683   0
0.215876516288109   0.126341649804815   -0.0704620719943826   -0.0529810618295525   0
0.137923664877243   0.115109274920142   -0.0779528514108657   -0.0112323748846727   0
0.19710527244252   0.122537987714259   0.059181607565277   0.00742871279411714   0
0.111262251780332   0.128976819684078   -0.0858430206621879   0.00643883196981876   0
0.0945361984737064   0.139792357347648   -0.0167260533066257   0.0108155376635697   0
0.100020683764159   0.146668527002907   0.00548448529045314   0.00687616965525922   0
0.162884042859207   0.139587219959064   0.0628633590950476   -0.00708130704384355   0
0.11096329561391   0.150795303878884   -0.051920747245297   0.0112080839198205   0
0.279916953179492   0.139469619711794   0.168953657565582   -0.0113256841670898   0
0.157115316648823   0.115231254246678   -0.122801636530669   -0.0242383654651165   0
0.125122862980232   0.123493836780677   -0.0319924536685909   0.00826258253399927   0
0.130205178386499   0.11947213007434   0.00508231540626655   -0.00402170670633713   0
0.080006048179747   0.12520315732182   -0.0501991302067519   0.00573102724748047   0
0.101098965047621   0.126771855812676   0.0210929168678735   0.00156869849085597   0
0.0918428137327031   0.106379216473567   -0.00925615131491743   -0.0203926393391095   0
0.0626028880564755   0.0923305371776451   -0.0292399256762276   -0.0140486792959218   0
0.0874633941155956   0.0617054525815183   0.0248605060591201   -0.0306250845961268   0
0.0470425570759073   0.0557680163167474   -0.0404208370396882   -0.0059374362647709   0
0.108985031867695   0.0296277606390632   0.0619424747917872   -0.0261402556776841   0
0.0750775787920075   0.0380669404662366   -0.033907453075687   0.00843917982717334   0
0.0646256430275939   0.0636117433833172   -0.0104519357644136   0.0255448029170806   0
0.0370561043737736   0.0788181373010679   -0.0275695386538204   0.0152063939177507   0
0.254479457759813   0.0809450015508215   0.217423353386039   0.00212686424975359   0
0.16971943258708   0.0661060288912441   -0.0847600251727329   -0.0148389726595774   0
0.0898220096383398   0.040844267245294   -0.0798974229487403   -0.0252617616459501   0
0.0627847041271997   0.0306760607322713   -0.0270373055111401   -0.0101682065130227   0
0.0964422531276976   0.0508650557098142   0.033657549000498   0.0201889949775428   0
0.0736945975414752   0.0220188963320712   -0.0227476555862224   -0.028846159377743   0
0.0804786052968116   0.0237228963211704   0.00678400775533645   0.00170399998909916   0
0.0601355727003086   0.0543040680205912   -0.020343032596503   0.0305811716994208   0
0.0982760508460958   0.053953042531747   0.0381404781457872   -0.000351025488844255   0
0.0979415900019496   0.0570128486347376   -0.000334460844146151   0.00305980610299061   0
0.133942632323133   0.0300227504516991   0.0360010423211834   -0.0269900981830385   0
0.0908635547156835   0.0528863034430702   -0.0430790776074496   0.0228635529913711   0
0.0977939234029395   0.0795736904826903   0.00693036868725605   0.0266873870396201   0
0.0669891611579814   0.0831554031305994   -0.0308047622449581   0.00358171264790909   0
0.126180158881815   0.0656186228491958   0.0591909977238333   -0.0175367802814036   0
0.0939159930859601   0.073495098127171   -0.0322641657958546   0.00787647527797525   0
0.152255997616678   0.0941727207775426   0.0583400045307184   0.0206776226503715   0
0.167756844641404   0.0750924175501428   0.0155008470247251   -0.0190803032273997   0
0.123330579339351   0.0981363661926098   -0.0444262653020524   0.0230439486424669   0
0.213852584355111   0.0965141884466346   0.0905220050157601   -0.00162217774597515   0
0.172479937515556   0.0885530836521407   -0.0413726468395556   -0.00796110479449394   0
0.230329536074056   0.109143327132549   0.0578495985585006   0.0205902434804078   0
0.186112672046263   0.0725356500641064   -0.0442168640277929   -0.0366076770684421   0
0.225060328207439   0.114796945958211   0.0389476561611752   0.042261295894105   0
0.152447972656805   0.0893926806290343   -0.0726123555506336   -0.0254042653291771   0
0.234473844159642   0.115628880694436   0.0820258715028368   0.0262362000654013   0
0.0955039657082888   0.130237371021195   -0.138969878451353   0.0146084903267597   0
0.16241008736658   0.158774599069873   0.0669061216582908   0.0285372280486776   0
0.214549104572823   0.145070485685942   0.0521390172062431   -0.0137041133839313   0
0.172697838893514   0.123780870315146   -0.041851265679309   -0.0212896153707956   0
0.216047250069886   0.139980979324014   0.0433494111763726   0.0162001090088678   0
0.229513151005972   0.141558326219477   0.0134659009360855   0.00157734689546357   0
0.202185311146878   0.128385986440791   -0.0273278398590935   -0.0131723397786863   0
0.255975653520017   0.139113886844305   0.0537903423731391   0.0107279004035136   0
0.218120685474258   0.121742065680171   -0.0378549680457598   -0.017371821164134   0
0.199789221100739   0.107074655812615   -0.0183314643735185   -0.0146674098675556   0
0.19597469737586   0.109910508811396   -0.00381452372487881   0.00283585299878104   0
0.203771942772527   0.127542326810573   0.00779724539666671   0.0176318179991768   0
0.21880872086937   0.120138513043445   0.0150367780968434   -0.00740381376712798   0
0.235369675622859   0.142540803994856   0.016560954753489   0.0224022909514112   0
0.264523708123185   0.143870856448686   0.0291540325003257   0.00133005245383025   0
0.267070782397027   0.154523420210959   0.00254707427384165   0.0106525637622723   0
0.304935968601016   0.16838232503042   0.0378651862039896   0.0138589048194613   0
0.243209604070234   0.149497564225536   -0.0617263645307823   -0.0188847608048835   0
0.334652371759129   0.176434262694927   0.0914427676888946   0.0269366984693905   0
0.256167285565195   0.140058733431849   -0.0784850861939339   -0.0363755292630785   0
0.30937617987914   0.169142313052403   0.0532088943139453   0.0290835796205549   0
0.259637846072968   0.151444451652772   -0.0497383338061724   -0.017697861399631   0
0.306107660467833   0.177194930891039   0.0464698143948652   0.0257504792382664   0
0.290215050142132   0.162707055855838   -0.0158926103257011   -0.014487875035201   0
0.302371488399965   0.180265476966175   0.012156438257833   0.017558421110337   0
0.236422826099766   0.129099279645279   -0.0659486623001991   -0.0511661973208956   0
0.192822118712273   0.142210154940848   -0.0436007073874923   0.0131108752955688   0
0.268097883617234   0.159160088877088   0.0752757649049608   0.0169499339362398   0
0.268172441571482   0.153157905289203   7.45579542480446e-05   -0.00600218358788443   0
0.312655943874429   0.185645737922993   0.0444835023029467   0.0324878326337893   0
0.302293593430443   0.1574048094015   -0.0103623504439858   -0.0282409285214928   0
0.330657719145403   0.182393144885204   0.0283641257149597   0.0249883354837041   0
0.361871137827597   0.195424073385452   0.0312134186821947   0.013030928500248   0
0.310332644519216   0.161130305631196   -0.0515384933083816   -0.0342937677542564   0
0.368694135195083   0.187841761841749   0.0583614906758669   0.0267114562105538   0
0.367585236818469   0.183892212925976   -0.00110889837661365   -0.00394954891577337   0
0.293421646890767   0.150708820293422   -0.0741635899277021   -0.0331833926325539   0
0.358862201599778   0.193074082661397   0.0654405547090114   0.042365262367975   0
0.305648884063741   0.167492054817639   -0.0532133175360378   -0.025582027843758   0
0.349134245903907   0.192503933098918   0.0434853618401666   0.0250118782812785   0
0.32027435215735   0.161136968253137   -0.0288598937465577   -0.0313669648457804   0
0.353707914841455   0.189264473860819   0.0334335626841055   0.0281275056076816   0
0.237979648970243   0.148993178938576   -0.115728265871212   -0.0402712949222427   0
0.329381851342541   0.208038750303579   0.0914022023722986   0.0590455713650033   0
0.29475299639225   0.177829475398674   -0.0346288549502909   -0.0302092749049053   0
0.356917959775422   0.216882447959863   0.0621649633831719   0.0390529725611886   0
0.285103034307967   0.193326885206721   -0.071814925467455   -0.0235555627531421   0
0.368255230678398   0.230314432058224   0.0831521963704305   0.036987546851504   0
0.395592839891169   0.223536971717186   0.0273376092127711   -0.00677746034103852   0
0.333368029166925   0.202356231748178   -0.0622248107242436   -0.0211807399690075   0
0.408030633892371   0.24353775184012   0.0746626047254455   0.0411815200919418   0
0.354235420977349   0.224042937571127   -0.0537952129150214   -0.019494814268993   0
0.407016281443151   0.242886604897512   0.0527808604658012   0.0188436673263846   0
0.390484067090131   0.20484030280153   -0.0165322143530195   -0.0380463020959818   0
0.17292140920421   0.109317868395336   -0.217562657885921   -0.095522434406194   0
0.119737282133093   0.129275827106047   -0.0531841270711171   0.0199579587107108   0
0.213010272463583   0.157445523254045   0.0932729903304899   0.0281696961479982   0
0.220317036775212   0.155840555297714   0.00730676431162847   -0.00160496795633047   0
0.261249833563602   0.16425986170547   0.0409327967883907   0.00841930640775515   0
0.279021593176388   0.160767356954856   0.0177717596127859   -0.00349250475061388   0
0.269720242353536   0.151152144929372   -0.00930135082285277   -0.00961521202548329   0
0.308368544940693   0.177157437446894   0.038648302587157   0.0260052925175211   0
0.318455012298692   0.171452415160155   0.0100864673579992   -0.00570502228673894   0
0.376007661445096   0.198707515327176   0.0575526491464042   0.0272551001670217   0
0.263662947343763   0.152354176517252   -0.112344714101333   -0.0463533388099242   0
0.270285559389047   0.179028857067401   0.00662261204528375   0.0266746805501492   0
0.253564077752765   0.177184333764303   -0.0167214816362823   -0.00184452330309812   0
0.273879961976502   0.194934757462234   0.0203158842237371   0.0177504236979309   0
0.263364612073243   0.198882121753968   -0.0105153499032583   0.00394736429173356   0
0.160293337589589   0.269673222302938   -0.103071274483654   0.0707911005489707   0
0.171906510800522   0.376764377696127   0.0116131732109329   0.107091155393189   0
0.201146456397248   0.421102291866549   0.029239945596726   0.0443379141704217   0
0.249095677515689   0.414342046790813   0.0479492211184407   -0.00676024507573525   0
0.291775102400805   0.385151738279421   0.0426794248851158   -0.0291903085113921   0
0.326613348340205   0.357786651022994   0.0348382459394003   -0.027365087256427   0
0.354705110539727   0.336722539520671   0.0280917621995221   -0.0210641115023232   0
0.331296814818676   0.324419174706505   -0.0234082957210512   -0.0123033648141659   0
0.398293295130611   0.346670803928237   0.0669964803119352   0.0222516292217316   0
0.426736828827792   0.337743013263413   0.0284435336971807   -0.0089277906648238   0
0.333487437565495   0.274612235715654   -0.0932493912622966   -0.0631307775477589   0
0.293383094359576   0.266375544033701   -0.0401043432059189   -0.00823669168195351   0
0.370807185239175   0.27812763747109   0.077424090879599   0.0117520934373892   0
0.278147821717158   0.232142204851897   -0.092659363522017   -0.0459854326191931   0
0.311772350817067   0.284206344095399   0.0336245290999084   0.0520641392435025   0
0.360492255632489   0.281873146879053   0.0487199048154228   -0.00233319721634656   0
0.318250640876024   0.254986285650209   -0.0422416147564653   -0.0268868612288437   0
0.394894313024384   0.290905073297545   0.0766436721483598   0.035918787647336   0
0.358652816581719   0.266718045372356   -0.0362414964426651   -0.0241870279251893   0
0.364939326088598   0.295159671964176   0.00628650950687915   0.0284416265918203   0
0.399265203104403   0.281754059204566   0.0343258770158049   -0.0134056127596101   0
0.341856041217645   0.264870233430448   -0.0574091618867581   -0.0168838257741179   0
0.410296727315732   0.273275571999218   0.0684406860980871   0.0084053385687704   0
0.403986036224026   0.274559825559931   -0.00631069109170584   0.0012842535607131   0
0.457838147948596   0.298253023205549   0.0538521117245696   0.0236931976456179   0
0.372918702235487   0.257069207040147   -0.0849194457131083   -0.0411838161654023   0
0.430851277410199   0.290306742645602   0.0579325751747115   0.0332375356054553   0
0.407303395646292   0.275972889943016   -0.0235478817639066   -0.0143338527025865   0
0.424825506383503   0.298761046468997   0.0175221107372112   0.0227881565259808   0
0.421276403070478   0.303907112505614   -0.0035491033130251   0.00514606603661732   0
0.466240813132012   0.322071878834912   0.0449644100615342   0.0181647663292975   0
0.43173704375117   0.297891759550764   -0.034503769380842   -0.0241801192841479   0
0.457638630727346   0.330244264849899   0.0259015869761755   0.032352505299135   0
0.441063431975493   0.312715994541773   -0.0165751987518533   -0.017528270308126   0
0.464127382540612   0.337519796720133   0.0230639505651199   0.0248038021783605   0
0.438874531096303   0.310371153739358   -0.0252528514443093   -0.0271486429807755   0
0.439932987643573   0.311167618860804   0.00105845654726966   0.000796465121446155   0
0.403371053236347   0.308801849968957   -0.0365619344072257   -0.0023657688918472   0
0.414617384842893   0.316292968940965   0.0112463316065462   0.00749111897200799   0
0.447215911777801   0.313006103335562   0.0325985269349077   -0.0032868656054027   0
0.441377274053615   0.327897959513718   -0.00583863772418602   0.0148918561781562   0
0.363187786855505   0.301246388066314   -0.0781894871981098   -0.0266515714474045   0
0.364579741792121   0.335195339994831   0.00139195493661615   0.0339489519285169   0
0.433636699303011   0.346674188513509   0.0690569575108895   0.0114788485186785   0
0.374545487497847   0.292523857191597   -0.0590912118051638   -0.0541503313219117   0
0.386559085835529   0.30685183789127   0.0120135983376819   0.0143279806996722   0
0.428887016620928   0.328133727030231   0.0423279307853986   0.0212818891389612   0
0.436327489096206   0.327342796090734   0.00744047247527851   -0.000790930939496559   0
0.418332299017181   0.326989614051043   -0.0179951900790254   -0.000353182039691258   0
0.476090596681976   0.359841057031087   0.0577582976647952   0.0328514429800441   0
0.441807079944403   0.322027523887322   -0.0342835167375732   -0.0378135331437645   0
0.481720642392456   0.35138202661811   0.0399135624480527   0.0293545027307873   0
0.473975010895089   0.330878220439182   -0.00774563149736629   -0.0205038061789277   0
0.497400445991959   0.349669152017661   0.02342543509687   0.0187909315784787   0
0.492887847736176   0.346333783849482   -0.0045125982557831   -0.00333536816817848   0
0.51206279053745   0.352545970604189   0.0191749428012734   0.00621218675470703   0
0.540465932526741   0.364170006815498   0.0284031419892917   0.0116240362113088   0
0.416420219694001   0.316831640246046   -0.12404571283274   -0.0473383665694521   0
0.473149199007036   0.354459477500955   0.0567289793130353   0.0376278372549088   0
0.462409071499468   0.328377087243462   -0.0107401275075683   -0.0260823902574933   0
0.272050681950992   0.295153974981703   -0.190358389548476   -0.0332231122617582   0
0.404379133968359   0.386308758566577   0.132328452017367   0.0911547835848737   0
0.420996489159945   0.370432854931444   0.0166173551915865   -0.0158759036351335   0
0.457105721068989   0.405696582511487   0.0361092319090432   0.0352637275800436   0
0.494328956636165   0.396692216507017   0.0372232355671769   -0.00900436600447041   0
0.504781328578029   0.399281172076145   0.0104523719418634   0.00258895556912803   0
0.594644615227448   0.42615001406371   0.0898632866494193   0.0268688419875648   0
0.552449450187074   0.419243893549149   -0.0421951650403746   -0.00690612051456091   0
0.630612388456649   0.44536196001932   0.0781629382695757   0.0261180664701708   0
0.536250191915117   0.408195972550257   -0.0943621965415322   -0.037165987469063   0
0.520266264638598   0.389893939639038   -0.0159839272765189   -0.0183020329112185   0
0.496522316562911   0.396870929684324   -0.0237439480756869   0.00697699004528618   0
0.413258155014514   0.357936751148509   -0.0832641615483975   -0.038934178535815   0
0.490664562617885   0.405052103051879   0.0774064076033707   0.0471153519033696   0
0.268030405493481   0.375307021365175   -0.222634157124403   -0.029745081686704   0
0.278593309311638   0.47884434400805   0.0105629038181567   0.103537322642875   0
0.387201132293024   0.479508396847493   0.108607822981386   0.000664052839442375   0
0.364195261013924   0.417207021588204   -0.0230058712791005   -0.0623013752592887   0
0.417115128055792   0.436008022316964   0.0529198670418686   0.0188010007287598   0
0.446551767464871   0.451033332438136   0.0294366394090785   0.0150253101211721   0
0.403976361559683   0.413901924612885   -0.0425754059051874   -0.0371314078252513   0
0.456466754125643   0.448730427751451   0.0524903925659594   0.0348285031385662   0
0.465201182114792   0.447296198138884   0.00873442798914942   -0.00143422961256645   0
0.417473994416419   0.412704745263184   -0.0477271876983735   -0.0345914528756999   0
0.460318239874329   0.443471490668228   0.04284424545791   0.0307667454050434   0
0.470784376771362   0.442190310682516   0.0104661368970335   -0.00128117998571164   0
0.42481911912248   0.401727029061401   -0.045965257648882   -0.0404632816211147   0
0.467886970159461   0.439501543896606   0.0430678510369804   0.0377745148352042   0
0.394575189563409   0.398181100544087   -0.0733117805960518   -0.0413204433525189   0
0.412247544760427   0.374753992139844   0.0176723551970179   -0.023427108404243   0
0.338693995916668   0.289575673809973   -0.0735535488437585   -0.0851783183298704   0
0.304931172734111   0.314492693925074   -0.0337628231825575   0.0249170201151003   0
0.367409228513656   0.338609046176413   0.0624780557795455   0.0241163522513392   0
0.332878682458039   0.331571977628539   -0.0345305460556171   -0.00703706854787423   0
0.400263339846407   0.360193678357214   0.0673846573883676   0.0286217007286753   0
0.353749146018757   0.324921094890359   -0.0465141938276494   -0.0352725834668544   0
0.408886190539617   0.357448275181529   0.0551370445208598   0.0325271802911694   0
0.422962683008797   0.376514826364779   0.0140764924691799   0.0190665511832506   0
0.389819698564606   0.34003840253639   -0.0331429844441913   -0.0364764238283895   0
0.372586601300959   0.352458982058196   -0.0172330972636464   0.0124205795218064   0
0.375488817704336   0.331553202675679   0.00290221640337662   -0.0209057793825171   0
0.410300985441176   0.365488845351674   0.03481216773684   0.033935642675995   0
0.361950745190558   0.335720579597826   -0.0483502402506182   -0.0297682657538486   0
0.399079124502899   0.358958080386136   0.0371283793123409   0.0232375007883108   0
0.3426659196725   0.354392786953967   -0.0564132048303989   -0.00456529343216922   0
0.411639512123168   0.393767821634145   0.0689735924506686   0.039375034680178   0
0.425150369437685   0.388804249055357   0.0135108573145168   -0.00496357257878827   0
0.390148356784954   0.378772326733356   -0.0350020126527307   -0.0100319223220012   0
0.454234579205503   0.415298597298378   0.0640862224205483   0.0365262705650218   0
0.408770368976275   0.379579959198322   -0.0454642102292276   -0.0357186381000552   0
0.422242081061327   0.38574456139588   0.0134717120850517   0.00616460219755788   0
0.452315403314988   0.402022078689094   0.030073322253661   0.0162775172932136   0
0.415043799024874   0.39045812214404   -0.0372716042901137   -0.0115639565450539   0
0.453652867150644   0.406464802227081   0.0386090681257703   0.016006680083041   0
0.403286959714792   0.379813412920739   -0.0503659074358526   -0.0266513893063416   0
0.462325431366262   0.407719371191142   0.0590384716514701   0.0279059582704024   0
0.375862932254565   0.362147404681091   -0.0864624991116965   -0.0455719665100506   0
0.452456200622778   0.40644480759231   0.0765932683682131   0.044297402911219   0
0.401704923293205   0.384894085221831   -0.0507512773295731   -0.0215507223704793   0
0.452849727050818   0.412068948516507   0.0511448037576123   0.0271748632946766   0
0.217318834679671   0.415250498925649   -0.235530892371147   0.00318155040914114   0
0.245079354355462   0.498483219698016   0.0277605196757912   0.083232720772367   0
0.332988454298344   0.616528455461911   0.0879090999428817   0.118045235763896   0
0.354995306208406   0.554266216457399   0.0220068519100626   -0.0622622390045127   0
0.386770641968855   0.56290953183016   0.0317753357604487   0.00864331537276131   0
0.438377076097736   0.561952485657151   0.051606434128881   -0.000957046173009402   0
0.459279238947288   0.56869157135261   0.0209021628495522   0.00673908569545889   0
0.452144310478414   0.560803521916099   -0.00713492846887442   -0.00788804943651089   0
0.4571909484034   0.565378479456903   0.005046637924986   0.00457495754080472   0
0.436293206416281   0.530273761529599   -0.020897741987118   -0.0351047179273044   0
0.473189265319914   0.549843917142401   0.0368960589036325   0.0195701556128024   0
0.481427911692914   0.541306548504634   0.00823864637299981   -0.008537368637767   0
0.446858159291066   0.517226547168888   -0.0345697524018475   -0.0240800013357462   0
0.458178282038771   0.538965376737922   0.0113201227477052   0.0217388295690337   0
0.492572117640656   0.528577558687701   0.0343938356018843   -0.0103878180502208   0
0.360221750711975   0.5063404386717   -0.132350366928681   -0.0222371200160006   0
0.490973072764688   0.54860645558041   0.130751322052714   0.0422660169087093   0
0.426358789604483   0.529664869962838   -0.0646142831602052   -0.0189415856175719   0
0.515840351237667   0.564894650352833   0.0894815616331842   0.0352297803899956   0
0.457499546942945   0.535630341063919   -0.0583408042947222   -0.0292643092889147   0
0.510390074301019   0.562932876569001   0.0528905273580741   0.0273025355050822   0
0.481026876260568   0.549556956577069   -0.029363198040451   -0.0133759199919324   0
0.572837856613894   0.609690593730336   0.0918109803533256   0.0601336371532676   0
0.507787104211992   0.566065611371597   -0.0650507524019023   -0.0436249823587391   0
0.576832222641038   0.608689536098864   0.0690451184290464   0.0426239247272667   0
0.5167813628499   0.597497444462317   -0.060050859791138   -0.0111920916365464   0
0.561688878800355   0.683907384391337   0.0449075159504551   0.0864099399290197   0
0.553027278304606   0.642263119620962   -0.00866160049574916   -0.0416442647703752   0
0.49190371030721   0.641740691771217   -0.0611235679973955   -0.000522427849744878   0
0.564350902724537   0.656482556656306   0.0724471924173268   0.0147418648850891   0
0.498091005080397   0.633513139095986   -0.0662598976441401   -0.0229694175603202   0
0.56240496621207   0.703135155522216   0.0643139611316734   0.0696220164262297   0
0.591114856810417   0.735894769165402   0.0287098905983468   0.0327596136431865   0
0.589859365182074   0.74012869597422   -0.00125549162834271   0.0042339268088184   0
0.429085959740004   0.629476595793084   -0.160773405442071   -0.110652100181136   0
0.481915337414156   0.681857320332854   0.0528293776741525   0.0523807245397696   0
0.586357021451095   0.734467873436613   0.104441684036939   0.0526105531037587   0
0.558719818859149   0.703959536995203   -0.0276372025919464   -0.0305083364414099   0
0.605168922987623   0.739805974412379   0.0464491041284746   0.0358464374171767   0
0.541803596088103   0.713497227689954   -0.0633653268995207   -0.0263087467224253   0
0.584044463994823   0.739336627314142   0.0422408679067202   0.0258393996241877   0
0.532710772766048   0.707765781878087   -0.051333691228775   -0.0315708454360545   0
0.33807376858492   0.606713370939895   -0.194637004181128   -0.101052410938193   0
0.435937894597384   0.669289240136318   0.0978641260124642   0.0625758691964236   0
0.489891405943195   0.684428989007625   0.0539535113458106   0.0151397488713072   0
0.457910445194254   0.676447956641529   -0.0319809607489406   -0.00798103236609604   0
0.533372456256414   0.688097686693721   0.0754620110621596   0.0116497300521915   0
0.499624751493558   0.669471059624873   -0.0337477047628554   -0.018626627068848   0
0.55424899320522   0.689394996347703   0.0546242417116616   0.0199239367228307   0
0.530409084764769   0.671201534154422   -0.0238399084404509   -0.0181934621932811   0
0.533747063000819   0.664902280233156   0.00333797823604975   -0.00629925392126651   0
0.541591301904859   0.685769031430043   0.00784423890404007   0.0208667511968876   0
0.481370466932694   0.63522624887299   -0.0602208349721647   -0.0505427825570532   0
0.544063683465456   0.680479440397724   0.0626932165327619   0.0452531915247342   0
0.481708505605828   0.66505343842995   -0.0623551778596281   -0.0154260019677739   0
0.572439902263984   0.71805182275411   0.0907313966581564   0.0529983843241598   0
0.498674157521723   0.678280418704535   -0.0737657447422616   -0.0397714040495748   0
0.55545973368733   0.729005010104526   0.0567855761656076   0.0507245913999905   0
0.553425864878034   0.715911075436922   -0.00203386880929635   -0.0130939346676043   0
0.52573485576762   0.702701301265516   -0.0276910091104142   -0.0132097741714052   0
0.579555030289618   0.713117518808261   0.0538201745219982   0.0104162175427444   0
0.514760445887211   0.681154294815059   -0.0647945844024072   -0.0319632239932021   0
0.5881415003917   0.720889471231894   0.0733810545044892   0.0397351764168355   0
0.580077194626715   0.731390419721403   -0.00806430576498485   0.0105009484895088   0
0.568812399413023   0.704616274184928   -0.0112647952136924   -0.0267741455364748   0
0.487618645350032   0.675089155117493   -0.0811937540629911   -0.0295271190674355   0
0.552558767004018   0.700289694095415   0.0649401216539858   0.0252005389779224   0
0.481775335134542   0.640364741617033   -0.0707834318694758   -0.0599249524783816   0
