0   0   0   0   0
0.0649731101562793   0.0509823454088766   0.0649731101562793   0.0509823454088766   0
0.0580989235357248   0.0326597332415622   -0.00687418662055444   -0.0183226121673144   0
0.0820778016311962   0.0206872650732431   0.0239788780954714   -0.011972468168319   0
0.0663708039292127   0.0296977387661923   -0.0157069977019835   0.00901047369294915   0
0.0456557268484743   0.00747700253364442   -0.0207150770807384   -0.0222207362325479   0
0.0791061433214893   0.0282162894177619   0.0334504164730149   0.0207392868841174   0
0.0691358674364472   0.0331066344124863   -0.00997027588504205   0.00489034499472448   0
0.0490644770527517   0.0202283911733509   -0.0200713903836955   -0.0128782432391355   0
0.0875791572155156   0.0392990169331562   0.0385146801627639   0.0190706257598053   0
0.0682830159926317   0.0283389613998114   -0.0192961412228839   -0.0109600555333448   0
0.0845649171859111   0.02580971751957   0.0162819011932794   -0.00252924388024136   0
0.065909775892655   0.0320946847922284   -0.0186551412932561   0.00628496727265842   0
0.0590245719771859   0.0339799156191566   -0.00688520391546905   0.00188523082692811   0
0.0514394490822948   0.0262593216813573   -0.0075851228948911   -0.00772059393779929   0
0.0776408498262352   0.0368277054714246   0.0262014007439404   0.0105683837900674   0
0.0653270960172729   0.0279246744951933   -0.0123137538089622   -0.00890303097623133   0
0.0567094591709355   0.0375933695030786   -0.00861763684633746   0.00966869500788528   0
0.0627786568449023   0.0244852883354985   0.00606919767396683   -0.0131080811675801   0
0.0611436064818718   0.0303186812296066   -0.00163505036303048   0.00583339289410808   0
0.0454892930535307   0.0214306723899858   -0.0156543134283411   -0.0088880088396208   0
0.0854192489201936   0.0343895023303987   0.0399299558666629   0.0129588299404129   0
0.0572023074277603   0.0348340485609626   -0.0282169414924333   0.000444546230563864   0
0.0588368584024504   0.0252474774153657   0.00163455097469013   -0.00958657114559692   0
0.0716817906926159   0.0284420064391562   0.0128449322901655   0.00319452902379047   0
0.0873974067554638   0.0276943420122685   0.0157156160628479   -0.000747664426887649   0
0.0467483264394566   0.0421743686735605   -0.0406490803160072   0.014480026661292   0
0.0709831758045306   0.0628340138959187   0.024234849365074   0.0206596452223582   0
0.0515902613795472   0.0432420764425692   -0.0193929144249834   -0.0195919374533494   0
0.0456434370253819   0.0377230136731214   -0.00594682435416535   -0.00551906276944787   0
0.0962321031195411   0.0526677663250968   0.0505886660941593   0.0149447526519754   0
0.0455683919086465   0.0566299605249951   -0.0506637112108946   0.00396219419989827   0
0.06344526782779   0.063203291842692   0.0178768759191435   0.00657333131769695   0
0.0996684036924441   0.0700809587251416   0.0362231358646541   0.00687766688244958   0
0.0823495669802823   0.0786035749727867   -0.0173188367121618   0.00852261624764511   0
0.0929246737773128   0.0838404362902569   0.0105751067970305   0.00523686131747018   0
0.106711369384429   0.0804924715715234   0.013786695607116   -0.00334796471873351   0
0.086524824932848   0.045661677387745   -0.0201865444515807   -0.0348307941837784   0
0.127533677528447   0.0609082850468021   0.0410088525955993   0.0152466076590572   0
0.130447363528703   0.0445249322834971   0.00291368600025568   -0.0163833527633051   0
0.0889964669547056   0.0532575730948426   -0.0414508965739974   0.00873264081134551   0
0.140010785707887   0.0608883028521284   0.0510143187531819   0.00763072975728577   0
0.114624511972527   0.0678308605778373   -0.0253862737353604   0.00694255772570892   0
0.100428261808019   0.0497782496138876   -0.0141962501645081   -0.0180526109639497   0
0.115827477783814   0.0552233249060123   0.0153992159757954   0.00544507529212472   0
0.113430172279028   0.0509863127583521   -0.00239730550478617   -0.00423701214766018   0
0.117003153617926   0.0430480656246596   0.00357298133889791   -0.00793824713369252   0
0.109676145599214   0.0487659697087528   -0.007327008018712   0.00571790408409324   0
0.13393377814211   0.038863526109998   0.0242576325428962   -0.00990244359875479   0
0.107927868839378   0.0480786932314617   -0.0260059093027321   0.00921516712146364   0
0.114144910675246   0.0478046448836303   0.00621704183586839   -0.000274048347831395   0
0.114424436198611   0.0575341878050998   0.000279525523364507   0.00972954292146955   0
0.120522740802639   0.0719919499952946   0.00609830460402756   0.0144577621901948   0
0.125075526124698   0.0379810312662782   0.00455278532205938   -0.0340109187290164   0
0.11554904837345   0.0423133462574458   -0.00952647775124744   0.0043323149911676   0
0.131486327867273   0.0474142061417778   0.0159372794938225   0.00510085988433203   0
0.111001743640449   0.0357479786089717   -0.0204845842268238   -0.0116662275328061   0
0.154744299763707   0.0561065403121956   0.0437425561232578   0.0203585617032238   0
0.143611109522523   0.0518283056463599   -0.0111331902411843   -0.00427823466583568   0
0.146906954862219   0.0628915492179394   0.00329584533969615   0.0110632435715796   0
0.111314395024049   0.0390862454077198   -0.0355925598381699   -0.0238053038102196   0
0.145590392702025   0.0462606812434977   0.0342759976779766   0.00717443583577786   0
0.131035221435956   0.0670337382751775   -0.0145551712660696   0.0207730570316798   0
0.120776139350453   0.0503463714110809   -0.0102590820855031   -0.0166873668640967   0
0.127238913699465   0.0489032935451438   0.00646277434901255   -0.00144307786593709   0
0.142080011157376   0.0593017832948766   0.0148410974579103   0.0103984897497328   0
0.123479399953676   0.0597655012040809   -0.0186006112036992   0.000463717909204381   0
0.151562122473823   0.0479790761427573   0.0280827225201461   -0.0117864250613237   0
0.157660123027004   0.073094003308753   0.00609800055318127   0.0251149271659958   0
0.132118944096598   0.043407037905304   -0.0255411789304058   -0.029686965403449   0
0.164629686475435   0.0920045746717608   0.0325107423788369   0.0485975367664567   0
0.176139399572299   0.0751820457761353   0.0115097130968641   -0.0168225288956255   0
0.163727653066182   0.0541866923770726   -0.0124117465061171   -0.0209953533990627   0
0.205579675731552   0.0566947363087165   0.04185202266537   0.0025080439316439   0
0.167145227289205   0.062626811935957   -0.0384344484423468   0.00593207562724047   0
0.143102657594644   0.0590328813397457   -0.0240425696945607   -0.00359393059621126   0
0.163591825530281   0.06349187444833   0.020489167935637   0.00445899310858427   0
0.164885804823369   0.0677928801793293   0.00129397929308731   0.0043010057309993   0
0.139854019129376   0.0561509425604103   -0.0250317856939921   -0.011641937618919   0
0.175600442513679   0.0548189603909313   0.0357464233843028   -0.00133198216947898   0
0.162398165463776   0.0608212223601474   -0.0132022770499032   0.0060022619692161   0
0.161656626385342   0.0605404933442279   -0.0007415390784343   -0.000280729015919558   0
0.18608638642265   0.063097415602404   0.0244297600373087   0.00255692225817614   0
0.158206453130711   0.0561897560707412   -0.0278799332919391   -0.0069076595316628   0
0.154912434331334   0.058199947732193   -0.00329401879937705   0.0020101916614518   0
0.196612720120037   0.0762774661999206   0.0417002857887026   0.0180775184677276   0
0.168035093828581   0.0645619134674779   -0.028577626291456   -0.0117155527324427   0
0.167753183541565   0.0646543202138303   -0.000281910287015935   9.24067463523998e-05   0
0.197962351650914   0.0785769668365961   0.0302091681093486   0.0139226466227658   0
0.175490622033914   0.0762924043129991   -0.0224717296169999   -0.002284562523597   0
0.163497142383132   0.0688972150602802   -0.0119934796507822   -0.0073951892527189   0
0.232724738042371   0.101055412474484   0.069227595659239   0.0321581974142039   0
0.18039397956642   0.0675466707418841   -0.0523307584759504   -0.0335087417326001   0
0.209373833421968   0.0825751464587862   0.0289798538555479   0.0150284757169022   0
0.22350664835143   0.0797706138317237   0.0141328149294625   -0.0028045326270625   0
0.203777638904861   0.0872792831000719   -0.0197290094465693   0.00750866926834816   0
0.261806018861695   0.117898493475765   0.0580283799568334   0.0306192103756931   0
0.207914197042722   0.0855851627322896   -0.0538918218189722   -0.0323133307434753   0
0.253905247594472   0.126086975888878   0.0459910505517493   0.0405018131565884   0
0.252168861936778   0.101676792918197   -0.00173638565769341   -0.0244101829706806   0
0.241379154471839   0.118478570991298   -0.0107897074649392   0.0168017780731004   0
0.226107977482198   0.0819039567522534   -0.0152711769896415   -0.0365746142390444   0
0.227904068721666   0.100303263119527   0.00179609123946864   0.0183993063672732   0
0.225661555108552   0.0854648177209488   -0.00224251361311442   -0.0148384453985779   0
0.24237876145663   0.0965232821982992   0.0167172063480782   0.0110584644773504   0
0.222487475903724   0.0851485769162828   -0.0198912855529065   -0.0113747052820164   0
0.219870838648262   0.0810337146077454   -0.00261663725546177   -0.00411486230853739   0
0.240250882846161   0.0871042866183405   0.0203800441978996   0.00607057201059506   0
0.24149616596882   0.122748173795499   0.00124528312265887   0.0356438871771584   0
0.214126089481408   0.0910168204348103   -0.0273700764874122   -0.0317313533606886   0
0.242777215090482   0.119555143277119   0.0286511256090735   0.0285383228423089   0
0.230080369880201   0.115996960929694   -0.0126968452102809   -0.00355818234742501   0
0.238257140724575   0.0932609794611337   0.00817677084437438   -0.0227359814685605   0
0.256209927260225   0.129570808388937   0.0179527865356503   0.0363098289278028   0
0.220388541777244   0.0997843916909854   -0.0358213854829815   -0.0297864166979511   0
0.265710054879449   0.112557907398514   0.0453215131022054   0.0127735157075288   0
0.234377998074073   0.0963366648403919   -0.0313320568053768   -0.0162212425581223   0
0.229508349040204   0.0897226847370413   -0.00486964903386886   -0.00661398010335063   0
0.243132860313122   0.108357071022661   0.013624511272918   0.0186343862856197   0
0.23064845891809   0.0960662385601726   -0.0124844013950315   -0.0122908324624884   0
0.253636674020162   0.0884047210306243   0.0229882151020718   -0.00766151752954837   0
0.246377533541595   0.108723702130906   -0.00725914047856671   0.0203189811002818   0
0.229576028696465   0.101133431997498   -0.0168015048451307   -0.00759027013340836   0
0.279302479229401   0.110972973076578   0.0497264505329363   0.00983954107908067   0
0.247390256390586   0.118569010785291   -0.0319122228388148   0.00759603770871278   0
0.259377281554033   0.109162944792498   0.0119870251634465   -0.00940606599279303   0
0.260952323287531   0.100431422775606   0.00157504173349804   -0.0087315220168922   0
0.283814604404072   0.1277270455249   0.0228622811165414   0.0272956227492945   0
0.251722266110906   0.08932685378089   -0.0320923382931657   -0.0384001917440105   0
0.243265879651483   0.0939362033451427   -0.00845638645942309   0.00460934956425273   0
0.24794101956304   0.105206805111706   0.00467513991155705   0.0112706017665634   0
0.249733371120081   0.098900675115858   0.00179235155704036   -0.00630612999584805   0
0.236637619086252   0.0913645099703654   -0.013095752033829   -0.00753616514549263   0
0.254465176956868   0.109712155849887   0.0178275578706159   0.0183476458795221   0
0.243687556070145   0.0932734961344459   -0.0107776208867228   -0.0164386597154415   0
0.245486953574808   0.106336412010233   0.00179939750466326   0.0130629158757869   0
0.279100621656868   0.101611949666378   0.0336136680820595   -0.00472446234385505   0
0.235322060205264   0.0842606952011138   -0.0437785614516035   -0.017351254465264   0
0.251715643525169   0.0873734878699626   0.0163935833199049   0.00311279266884879   0
0.267997798722378   0.105676393715673   0.0162821551972085   0.0183029058457107   0
0.234210684905044   0.0886404231543092   -0.0337871138173331   -0.0170359705613641   0
0.276401495180634   0.0997932690392117   0.0421908102755895   0.0111528458849025   0
0.261112053936543   0.100431285943736   -0.0152894412440913   0.000638016904524433   0
0.256863502270681   0.097851431213064   -0.00424855166586197   -0.00257985473067214   0
0.270363823580911   0.108508708625161   0.0135003213102303   0.0106572774120966   0
0.248696311818752   0.0991414551301951   -0.0216675117621589   -0.00936725349496544   0
0.289211556104195   0.111687412193015   0.0405152442854429   0.0125459570628201   0
0.286169211681061   0.124487839448639   -0.00304234442313395   0.0128004272556232   0
0.251201097896406   0.119659303969865   -0.0349681137846546   -0.00482853547877372   0
0.293286037573373   0.12736532114415   0.0420849396769666   0.00770601717428536   0
0.274900508492454   0.108664919478827   -0.0183855290809186   -0.0187004016653229   0
0.312989265348334   0.12023665391427   0.0380887568558799   0.011571734435443   0
0.293228759701773   0.119663211990162   -0.0197605056465615   -0.000573441924108048   0
0.344529394653765   0.138913942186638   0.0513006349519926   0.0192507301964754   0
0.32860352498718   0.114902157916866   -0.0159258696665858   -0.0240117842697712   0
0.320806384797061   0.134120900281397   -0.00779714019011862   0.0192187423645308   0
0.331737794728005   0.123906813973536   0.0109314099309441   -0.0102140863078611   0
0.302066918793568   0.137685668132199   -0.0296708759344371   0.0137788541586627   0
0.318330831708916   0.137504162505804   0.0162639129153477   -0.000181505626395073   0
0.314259781082928   0.148603408212943   -0.00407105062598745   0.011099245707139   0
0.300616724657179   0.120061834537708   -0.0136430564257495   -0.0285415736752346   0
0.303331260685476   0.11371202860564   0.00271453602829697   -0.00634980593206765   0
0.314989367924141   0.115419735434641   0.0116581072386656   0.00170770682900044   0
0.29351801684607   0.112274944029434   -0.021471351078071   -0.00314479140520707   0
0.301852635769112   0.115253235114302   0.00833461892304144   0.00297829108486784   0
0.340740412921993   0.120612622050607   0.0388877771528809   0.00535938693630503   0
0.298606804080902   0.103671243965299   -0.0421336088410909   -0.0169413780853079   0
0.326776283746602   0.115229383371777   0.0281694796657007   0.0115581394064784   0
0.34508900664091   0.110921911632249   0.0183127228943076   -0.00430747173952799   0
0.310826811578104   0.108262021650311   -0.0342621950628063   -0.00265988998193777   0
0.33904761294597   0.101344781135254   0.0282208013678659   -0.00691724051505761   0
0.322333097473778   0.113043286462808   -0.0167145154721917   0.0116985053275543   0
0.31149930477099   0.0940767018679572   -0.0108337927027881   -0.0189665845948509   0
0.350152599377757   0.108921406467645   0.0386532946067672   0.0148447045996881   0
0.339207487103749   0.124296371512295   -0.0109451122740081   0.0153749650446499   0
0.407265763677246   0.134086894475266   0.0680582765734966   0.00979052296297124   0
0.319533888242311   0.12931408021844   -0.087731875434934   -0.00477281425682682   0
0.372191586855493   0.136189249044154   0.0526576986131816   0.00687516882571476   0
0.366850460855864   0.13982716121363   -0.00534112599962877   0.00363791216947576   0
0.342060316061714   0.138527650929247   -0.0247901447941499   -0.00129951028438338   0
0.362842419448498   0.154966669247384   0.0207821033867839   0.016439018318137   0
0.359330705800729   0.1494660877507   -0.00351171364776942   -0.00550058149668356   0
0.341399674864007   0.137868363821836   -0.0179310309367214   -0.0115977239288647   0
0.382729875409851   0.149393878008513   0.0413302005458434   0.0115255141866776   0
0.324814549890995   0.137318191103992   -0.0579153255188554   -0.012075686904521   0
0.326764556678429   0.144562979228743   0.00195000678743318   0.00724478812475096   0
0.352596654761726   0.142498609277503   0.0258320980832977   -0.00206436995123993   0
0.342358665378124   0.149815436734345   -0.0102379893836027   0.00731682745684178   0
0.330536750208143   0.138618507541598   -0.0118219151699811   -0.0111969291927471   0
0.365126275625584   0.149152071791754   0.0345895254174415   0.0105335642501561   0
0.326739583887245   0.145283702131072   -0.0383866917383391   -0.00386836966068207   0
0.350200420707914   0.145459776772868   0.0234608368206691   0.000176074641795892   0
0.349329619690071   0.144928897735786   -0.000870801017842593   -0.000530879037081405   0
0.335983141150505   0.140252548090079   -0.0133464785395667   -0.00467634964570704   0
0.355787354254982   0.131727500508664   0.0198042131044772   -0.00852504758141553   0
0.357056593494939   0.133101536458299   0.00126923923995692   0.00137403594963567   0
0.359850091406741   0.126672971257723   0.00279349791180233   -0.00642856520057605   0
0.355532769122974   0.134327729240801   -0.00431732228376708   0.00765475798307788   0
0.335037701916978   0.10526766211862   -0.0204950672059959   -0.029060067122181   0
0.346778590850358   0.104266335784878   0.0117408889333798   -0.00100132633374193   0
0.35730658085192   0.105222768536579   0.0105279900015625   0.000956432751700764   0
0.340154808767655   0.0928191310160249   -0.0171517720842654   -0.0124036375205542   0
0.332575378714601   0.11021668437224   -0.0075794300530545   0.0173975533562152   0
0.309719964022599   0.145867340348208   -0.0228554146920016   0.0356506559759681   0
0.309126534906485   0.152667539383795   -0.00059342911611443   0.00680019903558648   0
0.302775973433841   0.168968836045001   -0.00635056147264357   0.0163012966612065   0
0.337612129325947   0.116676270504557   0.0348361558921061   -0.0522925655404445   0
0.39102814068499   0.135967387450999   0.0534160113590425   0.0192911169464419   0
0.405955963811298   0.127134052681894   0.0149278231263085   -0.00883333476910511   0
0.35922161629959   0.13098932339001   -0.0467343475117079   0.00385527070811595   0
0.426852096552939   0.101407098804879   0.0676304802533493   -0.0295822245851305   0
0.386826156363501   0.115375192450815   -0.0400259401894382   0.0139680936459355   0
0.387285186539584   0.12380647184998   0.000459030176082231   0.00843127939916587   0
0.421537626603189   0.119994020980016   0.0342524400636059   -0.00381245086996453   0
0.382989942007372   0.105494891267113   -0.0385476845958178   -0.0144991297129029   0
0.405661602784008   0.1012359812832   0.0226716607766359   -0.00425890998391264   0
0.43208591679342   0.105461685553344   0.026424314009412   0.00422570427014407   0
0.395648874010833   0.10204648399259   -0.0364370427825867   -0.0034152015607541   0
0.41988301837207   0.105538568684913   0.0242341443612369   0.00349208469232218   0
0.452276437407478   0.0968892204165278   0.0323934190354077   -0.00864934826838477   0
0.425054838303295   0.0959021233792558   -0.0272215991041829   -0.000987097037271983   0
0.453731643784969   0.106832204371025   0.0286768054816743   0.0109300809917695   0
0.44371193259686   0.108633695006303   -0.0100197111881095   0.00180149063527793   0
0.395770892220802   0.113592581666465   -0.0479410403760571   0.00495888666016174   0
0.430653412337357   0.117832726724465   0.0348825201165551   0.00424014505800031   0
0.440785962696466   0.0947358391988613   0.0101325503591082   -0.0230968875256039   0
0.440219711928271   0.11621172214055   -0.000566250768194498   0.0214758829416892   0
0.437894265887611   0.120710781727089   -0.00232544604065982   0.00449905958653887   0
0.446293754456647   0.118743516546473   0.00839948856903577   -0.00196726518061635   0
0.427548404505923   0.141114674686724   -0.0187453499507245   0.0223711581402512   0
0.451280454413616   0.115927647543276   0.0237320499076937   -0.0251870271434478   0
0.450487461651309   0.121586401105099   -0.000792992762306821   0.00565875356182248   0
0.470083862551098   0.13290700202258   0.0195964008997889   0.0113206009174809   0
0.472429970520669   0.127488327216122   0.00234610796957047   -0.00541867480645775   0
0.438862515056606   0.1470730884459   -0.0335674554640626   0.0195847612297783   0
0.427684830411648   0.152361514672072   -0.0111776846449584   0.00528842622617201   0
0.47785683903776   0.171945125633013   0.0501720086261124   0.0195836109609403   0
0.477643171979094   0.171282167571571   -0.000213667058666711   -0.000662958061441926   0
0.490322448371732   0.170624194743933   0.0126792763926386   -0.000657972827637548   0
0.49504131635613   0.169041183808164   0.00471886798439775   -0.00158301093576874   0
0.521791158868987   0.179739320574443   0.0267498425128566   0.0106981367662789   0
0.509664333033821   0.177389135379018   -0.0121268258351651   -0.00235018519542518   0
0.522111976740632   0.170401112492121   0.0124476437068103   -0.00698802288689704   0
0.477617571390972   0.176550010436024   -0.04449440534966   0.00614889794390241   0
0.513474203272657   0.181695508034211   0.0358566318816854   0.00514549759818736   0
0.506438387031394   0.177829444145973   -0.00703581624126315   -0.00386606388823815   0
0.478561992662821   0.170960035424995   -0.0278763943685729   -0.00686940872097744   0
0.522083691441525   0.183889045542965   0.0435216987787044   0.0129290101179693   0
0.479509450223757   0.183325447838564   -0.0425742412177681   -0.000563597704400676   0
0.485342022550706   0.168955630299184   0.00583257232694867   -0.0143698175393803   0
0.522043378891075   0.175460099000501   0.0367013563403685   0.00650446870131741   0
0.494229452412096   0.184379412428428   -0.0278139264789788   0.0089193134279274   0
0.544847634720947   0.180583251388426   0.0506181823088508   -0.00379616104000197   0
0.502425964046405   0.17486943292589   -0.0424216706745411   -0.00571381846253599   0
0.528200843114255   0.186528611807445   0.0257748790678496   0.0116591788815545   0
0.54786351113353   0.195400757318813   0.0196626680192754   0.00887214551136795   0
0.510638062258475   0.19264700582753   -0.0372254488750556   -0.0027537514912826   0
0.554039353268015   0.191677984029622   0.0434012910095398   -0.000969021797908365   0
0.506477289963291   0.199215193710445   -0.0475620633047232   0.00753720968082275   0
0.526610331137369   0.195880311350478   0.020133041174078   -0.00333488235996721   0
0.531723569275813   0.208003803673328   0.00511323813844333   0.0121234923228508   0
0.504731540734042   0.197829529875275   -0.0269920285417706   -0.0101742737980528   0
0.520891936253423   0.191231530950501   0.0161603955193808   -0.00659799892477425   0
0.468355766866642   0.20014751518021   -0.0525361693867813   0.00891598422970905   0
0.478502469130108   0.190642248292292   0.0101467022634665   -0.009505266887918   0
0.465728765143672   0.183945935966964   -0.0127737039864356   -0.006696312325328   0
0.480166320894552   0.184941739100135   0.0144375557508796   0.000995803133170992   0
0.544900774226831   0.207455984501297   0.0647344533322791   0.0225142454011621   0
0.484235562289016   0.202250720547771   -0.0606652119378147   -0.00520526395352644   0
0.549041158557908   0.195688343751844   0.0648055962688917   -0.0065623767959265   0
0.528790412844295   0.205767730695705   -0.0202507457136132   0.0100793869438602   0
0.560055853884628   0.200424234003033   0.0312654410403332   -0.00534349669267165   0
0.572086573928142   0.196297438341596   0.0120307200435142   -0.00412679566143739   0
0.561943216062584   0.212009620713784   -0.0101433578655583   0.0157121823721883   0
0.550674490904781   0.227746937528257   -0.011268725157803   0.0157373168144735   0
0.57069773098389   0.240151254294559   0.0200232400791085   0.0124043167663017   0
0.527794336468487   0.228671763514322   -0.0429033945154031   -0.0114794907802371   0
0.568549622514526   0.230414112420491   0.0407552860460395   0.00174234890616859   0
0.560386260560018   0.224241161578472   -0.0081633619545084   -0.00617295084201835   0
0.547406936422037   0.210966517100872   -0.0129793241379808   -0.0132746444776003   0
0.579155632085504   0.243615350198238   0.0317486956634675   0.0326488330973657   0
0.543966746903016   0.225737492012077   -0.0351888851824883   -0.0178778581861607   0
0.54084350259845   0.215669773836994   -0.00312324430456568   -0.0100677181750833   0
0.552801603560997   0.230241900830409   0.0119581009625469   0.0145721269934155   0
0.517002699642748   0.228590638025757   -0.0357989039182488   -0.00165126280465261   0
0.591098717256475   0.24673969791126   0.0740960176137264   0.0181490598855037   0
0.564698196693809   0.231901250175673   -0.0264005205626656   -0.0148384477355874   0
0.58716118316527   0.236611132944548   0.0224629864714609   0.00470988276887499   0
0.542091836711677   0.240172492359039   -0.0450693464535927   0.00356135941449084   0
0.598597284958794   0.242632967892087   0.0565054482471169   0.00246047553304829   0
0.579703681120588   0.255988600336519   -0.0188936038382067   0.0133556324444319   0
0.586063932743383   0.259664315023262   0.00636025162279485   0.00367571468674344   0
0.581231831041186   0.255663993175613   -0.00483210170219639   -0.00400032184764909   0
0.588661923097324   0.27467403409041   0.00743009205613798   0.0190100409147972   0
0.571406093306687   0.262072088360245   -0.0172558297906374   -0.0126019457301656   0
0.572695679500562   0.263977765739371   0.00128958619387498   0.00190567737912567   0
0.550323079550631   0.267363249313551   -0.0223725999499307   0.00338548357418039   0
0.594194615532016   0.261611881685924   0.0438715359813848   -0.00575136762762674   0
0.598847490164432   0.272260225932838   0.00465287463241659   0.0106483442469139   0
0.628895542406686   0.290826375735592   0.0300480522422537   0.0185661498027544   0
0.555100961134648   0.268447517723409   -0.0737945812720381   -0.0223788580121834   0
0.641580380214116   0.282849613237759   0.0864794190794682   0.0144020955143502   0
0.61693361347089   0.273762945404414   -0.0246467667432257   -0.00908666783334555   0
0.60419310736469   0.279392582088358   -0.0127405061062003   0.00562963668394451   0
0.624377261510827   0.28842303692233   0.0201841541461371   0.00903045483397225   0
0.587619826314293   0.263466085671856   -0.0367574351965342   -0.024956951250474   0
0.581090863199001   0.262836537209441   -0.00652896311529216   -0.000629548462415142   0
0.597171578449954   0.264431484287045   0.0160807152509534   0.00159494707760421   0
