0.0876128294888939   0.221699095712094   0   0   0
0.194063682805645   0.0751876075111617   0.106450853316751   -0.146511488200932   0
0.197143169809253   0.178846613163019   0.00307948700360805   0.103659005651857   0
0.14252625343164   0.198511104203014   -0.0546169163776133   0.0196644910399955   0
0.137442465091143   0.204545854584213   -0.00508378834049694   0.00603475038119891   0
0.0630408710696481   0.167841472892108   -0.0744015940214947   -0.0367043816921056   0
0.183138828845333   0.171419970947444   0.120097957775684   0.00357849805533622   0
0.0600578260175974   0.156801979352941   -0.123081002827735   -0.0146179915945033   0
0.13447049514507   0.163260350030748   0.074412669127473   0.00645837067780788   0
0.0399630558640114   0.136829692605443   -0.0945074392810589   -0.0264306574253055   0
0.216525328662145   0.13661464163472   0.176562272798134   -0.000215050970723163   0
0.0657268252302825   0.13075623514373   -0.150798503431863   -0.00585840649098937   0
0.145887533981199   0.141802100623468   0.0801607087509169   0.0110458654797372   0
0.122155901185084   0.133537872092648   -0.0237316327961154   -0.00826422853081929   0
0.0650712880266712   0.122546391955233   -0.0570846131584128   -0.0109914801374157   0
0.175513676549521   0.132703648053435   0.11044238852285   0.0101572560982026   0
0.0608947221215435   0.11771218899171   -0.114618954427978   -0.0149914590617255   0
0.166698787439321   0.0979930108952291   0.105804065317778   -0.0197191780964806   0
0.0898312248031273   0.0498244264347569   -0.0768675626361939   -0.0481685844604723   0
0.203567885196978   0.0986952324041035   0.113736660393851   0.0488708059693466   0
0.0630650118012357   0.0654893813605878   -0.140502873395742   -0.0332058510435157   0
0.153921754982913   0.0291668406744388   0.0908567431816776   -0.0363225406861489   0
0.0922459841000138   0.0362572137335872   -0.0616757708828995   0.00709037305914836   0
0.0866481803729311   0.0701550446328345   -0.00559780372708271   0.0338978308992473   0
0.100664027200634   0.0312298224286674   0.014015846827703   -0.038925222204167   0
0.122683073139614   0.109583293175602   0.0220190459389804   0.0783534707469348   0
0.077788277926883   0.124221843072394   -0.0448947952127314   0.0146385498967918   0
0.197056269678739   0.13339946533372   0.119267991751856   0.0091776222613264   0
0.240486337359132   0.121545698452691   0.0434300676803923   -0.0118537668810295   0
0.172011614975617   0.103593951554181   -0.0684747223835142   -0.01795174689851   0
0.190417567854334   0.124323299437327   0.018405952878717   0.0207293478831458   0
0.109643314626748   0.0596504843477913   -0.0807742532275865   -0.0646728150895355   0
0.146095831530027   0.080204757619327   0.0364525169032791   0.0205542732715357   0
0.0716974793056213   0.0941788257536693   -0.0743983522244056   0.0139740681343422   0
0.112037241733497   0.104440158486974   0.0403397624278754   0.0102613327333046   0
0.0859474080321798   0.0900217149234839   -0.026089833701317   -0.01441844356349   0
0.161013489873023   0.0431921502709404   0.075066081840843   -0.0468295646525434   0
0.156096741608177   0.113113072022866   -0.00491674826484567   0.0699209217519252   0
0.141466636642496   0.0784313907128071   -0.014630104965681   -0.0346816813100586   0
0.103389382357426   0.139101786275671   -0.0380772542850702   0.0606703955628641   0
0.0643159027353267   0.126235789849393   -0.0390734796220992   -0.0128659964262786   0
0.0990822508871291   0.129662050314317   0.0347663481518024   0.00342626046492456   0
0.0798150607242142   0.167856439300922   -0.0192671901629149   0.0381943889866052   0
0.0745224959551812   0.182011416137414   -0.00529256476903298   0.0141549768364912   0
0.145177802093777   0.21329608914918   0.0706553061385962   0.0312846730117666   0
0.144655590369989   0.235214952373977   -0.000522211723788635   0.0219188632247974   0
0.199016744564321   0.238036071968772   0.0543611541943317   0.00282111959479475   0
0.225390619539523   0.255689361298187   0.0263738749752025   0.0176532893294151   0
0.174017711870631   0.236522774854981   -0.0513729076688918   -0.0191665864432063   0
0.312652308747097   0.223911123686464   0.138634596876466   -0.012611651168517   0
0.392936071307904   0.286564837005105   0.0802837625608069   0.0626537133186411   0
0.223064998967476   0.287208568859   -0.169871072340428   0.000643731853894935   0
0.289318354017249   0.287754130105829   0.0662533550497727   0.00054556124682914   0
0.239367751259939   0.253712338234663   -0.0499506027573097   -0.0340417918711663   0
0.210828583897179   0.188014506624516   -0.0285391673627596   -0.0656978316101474   0
0.361290346988195   0.263189630567458   0.150461763091015   0.0751751239429423   1
0.465511901301664   0.184757601350012   0.104221554313469   -0.0784320292174458   0
0.265770658183103   0.125917582567448   -0.19974124311856   -0.0588400187825645   0
0.335188082343704   0.156300554945632   0.069417424160601   0.0303829723781842   0
0.257646377030398   0.112902424474632   -0.0775417053133065   -0.0433981304709998   0
0.366905979792767   0.127597417029353   0.109259602762369   0.0146949925547205   0
0.219334786567225   0.0851820659377606   -0.147571193225542   -0.0424153510915919   0
0.366315418303148   0.126995664087637   0.146980631735923   0.0418135981498766   0
0.225882060607344   0.0974559142864223   -0.140433357695803   -0.0295397498012149   0
0.275880587126097   0.0720526963237671   0.0499985265187526   -0.0254032179626553   0
0.186803090075218   0.0602111404929769   -0.089077497050879   -0.0118415558307902   0
0.300986937918392   0.0594181651867087   0.114183847843174   -0.000792975306268179   0
0.212354373128645   0.0667873392754383   -0.0886325647897466   0.00736917408872959   0
0.296008090906583   0.0664938476128807   0.0836537177779376   -0.000293491662557585   0
0.211998973752351   0.049199783125208   -0.0840091171542321   -0.0172940644876727   0
0.250017469911284   0.0498801040276832   0.0380184961589334   0.000680320902475245   0
0.223193098838203   0.057336985330195   -0.0268243710730811   0.00745688130251181   0
0.221523719718679   0.0575091804451255   -0.001669379119524   0.000172195114930412   0
0.247280448533017   0.0381470970613099   0.0257567288143375   -0.0193620833838155   0
0.11741555959216   0.0996347898997885   -0.129864888940857   0.0614876928384786   0
0.0764712736912365   0.117432031726069   -0.0409442859009232   0.0177972418262806   0
0.221130675850276   0.0678993038808389   0.14465940215904   -0.0495327278452302   0
0.0675223746393742   0.100048815565503   -0.153608301210902   0.032149511684664   0
0.149052563952889   0.0647722422412998   0.0815301893135146   -0.035276573324203   0
0.0530746640954844   0.11208935097669   -0.0959778998574044   0.0473171087353903   0
0.195642505195701   0.0542584043867918   0.142567841100217   -0.0578309465898984   0
0.130428685789783   0.133485960070488   -0.065213819405918   0.0792275556836965   0
0.112687666364425   0.143388706000508   -0.0177410194253581   0.0099027459300193   0
0.149574982010362   0.0829975504301934   0.0368873156459365   -0.0603911555703142   0
0.0582406292665395   0.136485294632252   -0.0913343527438221   0.0534877442020581   0
0.215680855937216   0.0579137777932203   0.157440226670676   -0.0785715168390312   0
0.0933000211085619   0.0559962277710294   -0.122380834828654   -0.00191755002219097   0
0.265479763300802   0.0599022192209898   0.17217974219224   0.00390599144996047   0
0.170162684894456   0.0538214923007306   -0.095317078406346   -0.00608072692025927   0
0.192147977428882   0.0585185658683595   0.0219852925344254   0.0046970735676289   0
0.129246985451731   0.103129165659997   -0.0629009919771505   0.0446105997916371   0
0.126624008799043   0.136650403137814   -0.0026229766526886   0.0335212374778172   0
0.0893672020077276   0.149117187857326   -0.0372568067913149   0.0124667847195121   0
0.0689058229364282   0.16566362185163   -0.0204613790712994   0.0165464339943045   0
0.0556485488912335   0.184196588243655   -0.0132572740451948   0.0185329663920244   0
0.093461123881323   0.179073772864314   0.0378125749900895   -0.00512281537934056   0
0.13116535217831   0.161700646327218   0.0377042282969867   -0.0173731265370963   0
0.109696736758582   0.172482661020541   -0.0214686154197278   0.0107820146933236   0
0.104229496586571   0.175406389839359   -0.00546724017201092   0.00292372881881706   0
0.082789743478344   0.169125051025861   -0.0214397531082269   -0.00628133881349782   0
0.159886914587342   0.151309301700117   0.077097171108998   -0.0178157493257437   0
0.144905640192161   0.155795881142529   -0.0149812743951811   0.00448657944241201   0
0.126430214125026   0.147827497758289   -0.0184754260671346   -0.00796838338423972   0
0.193439193622311   0.11341527647667   0.0670089794972849   -0.0344122212816192   0
0.126147888710236   0.151911441131017   -0.0672913049120756   0.0384961646543471   0
0.175738429438071   0.109024772275043   0.0495905407278358   -0.0428866688559741   0
0.072766727682781   0.149220362929131   -0.10297170175529   0.040195590654088   0
0.0830997303878298   0.14453722416783   0.0103330027050488   -0.00468313876130086   0
0.291556304139166   0.172081656433072   0.208456573751336   0.0275444322652423   0
0.337856380969917   0.167723562652576   0.0463000768307513   -0.00435809378049676   0
0.317763082908068   0.11881578745474   -0.020093298061849   -0.0489077751978355   0
0.186941738440296   0.106962470059105   -0.130821344467773   -0.0118533173956349   0
0.195503662556944   0.106327107139313   0.00856192411664855   -0.000635362919792049   0
0.126651296606272   0.118318886500941   -0.068852365950672   0.0119917793616275   0
0.176002540365558   0.0924525946721886   0.0493512437592859   -0.0258662918287521   0
0.334628888257141   0.0749045909924252   0.158626347891582   -0.0175480036797634   0
0.355166417188844   0.0714244959415361   0.0205375289317033   -0.00348009505088911   0
0.344674892157923   0.0669993334537367   -0.0104915250309207   -0.00442516248779937   0
0.284465110741142   0.0814734100487699   -0.0602097814167818   0.0144740765950332   0
0.272370152603107   0.103580162179215   -0.0120949581380342   0.0221067521304452   0
0.211381916647195   0.104832468292331   -0.0609882359559127   0.00125230611311553   0
0.228728073079039   0.123509618593017   0.0173461564318438   0.0186771503006863   0
0.317871631408687   0.169078690084676   0.0891435583296482   0.0455690714916594   0
0.357640020112753   0.184846237525274   0.0397683887040657   0.0157675474405977   0
0.328362103035993   0.178442308658149   -0.0292779170767597   -0.00640392886712524   0
0.403531356367458   0.201906583135617   0.0751692533314647   0.0234642744774688   0
0.274979238797027   0.177572086400143   -0.12855211757043   -0.0243344967354741   0
0.357030525917553   0.151560255273274   0.082051287120526   -0.0260118311268694   0
0.290930537153159   0.131171259159543   -0.0660999887643942   -0.020388996113731   0
0.301330184559894   0.137165186401288   0.0103996474067353   0.00599392724174469   0
0.298028948758069   0.143955713590152   -0.0033012358018249   0.00679052718886475   0
0.210184464092853   0.13312836288452   -0.087844484665216   -0.0108273507056322   0
0.288310855030746   0.127154556500151   0.0781263909378929   -0.00597380638436956   0
0.204199656446454   0.123552923706766   -0.0841111985842919   -0.00360163279338441   0
0.298279443324544   0.136695368817857   0.0940797868780899   0.013142445111091   0
0.146004708206962   0.148339457989446   -0.152274735117583   0.0116440891715884   0
0.201916073316514   0.212216236453329   0.0559113651095527   0.0638767784638837   0
0.175497628693837   0.128105901843115   -0.026418444622677   -0.084110334610214   0
0.108971130575449   0.144176165470519   -0.0665264981183881   0.0160702636274038   0
0.177257242117835   0.116040808064534   0.0682861115423861   -0.0281353574059852   0
0.125704637889379   0.115578871701768   -0.0515526042284559   -0.000461936362766036   0
0.22860109944845   0.103566865276793   0.10289646155907   -0.0120120064249749   0
0.16904613091402   0.120458753886974   -0.0595549685344297   0.0168918886101807   0
0.210124136352324   0.108081036101726   0.0410780054383039   -0.0123777177852482   0
0.175698533972854   0.119622806440505   -0.0344256023794703   0.0115417703387794   0
0.2980511520582   0.11245782609722   0.122352618085346   -0.00716498034328525   0
0.197406595904595   0.114459343589722   -0.100644556153605   0.00200151749250217   0
0.227720521828051   0.115429273372421   0.0303139259234564   0.000969929782698747   0
0.139463689844095   0.1538674411799   -0.088256831983956   0.0384381678074795   0
0.192201075386716   0.146194136172454   0.0527373855426205   -0.00767330500744612   0
0.15210349321038   0.152711412551264   -0.0400975821763361   0.00651727637881058   0
0.217884418631439   0.162775517638065   0.065780925421059   0.0100641050868005   0
0.151211656542543   0.152213304616416   -0.0666727620888956   -0.0105622130216485   0
0.426049743422573   0.199457339023286   0.27483808688003   0.0472440344068694   0
0.569080037545686   0.206408236557435   0.143030294123114   0.00695089753414901   0
0.336394562519967   0.152669855768911   -0.232685475025719   -0.0537383807885242   0
0.42380045029897   0.191006045120305   0.0874058877790033   0.0383361893513943   0
0.418634848127052   0.286855013092851   -0.00516560217191819   0.0958489679725465   0
0.459225935199529   0.435170117302418   0.0405910870724769   0.148315104209566   0
0.399811769608099   0.385309368857026   -0.0594141655914296   -0.0498607484453913   0
0.398811087132605   0.346116580797208   -0.00100068247549479   -0.0391927880598187   0
0.341480974180188   0.360096751261727   -0.057330112952417   0.0139801704645192   0
0.475149699106597   0.361579230760355   0.13366872492641   0.00148247949862806   0
0.326344393056231   0.339205017109859   -0.148805306050366   -0.0223742136504956   0
0.477316528233215   0.337312471822863   0.150972135176984   -0.00189254528699601   0
0.347152598666177   0.348084554857724   -0.130163929567038   0.0107720830348609   0
0.38714504058957   0.344981582355856   0.0399924419233929   -0.00310297250186858   0
0.303952656323316   0.313307813937428   -0.083192384266254   -0.0316737684184276   0
0.343465243835952   0.346284337206435   0.0395125875126358   0.032976523269007   0
0.371105831402863   0.308722721297364   0.0276405875669107   -0.0375616159090708   0
0.316217336695855   0.283568817415632   -0.0548884947070073   -0.0251539038817323   0
0.457282634061255   0.317041882465472   0.1410652973654   0.0334730650498398   0
0.318555814176558   0.241522300300614   -0.138726819884697   -0.0755195821648576   0
0.384772613517386   0.26361967610793   0.066216799340828   0.022097375807316   0
0.286965997149293   0.210902844216241   -0.0978066163680934   -0.0527168318916892   0
0.391718200830648   0.238983009029931   0.104752203681355   0.0280801648136899   0
0.296097491672945   0.217330925400643   -0.0956207091577028   -0.0216520836292875   0
0.392901426361626   0.258208542927514   0.0968039346886803   0.040877617526871   0
0.32674577431087   0.229418719413325   -0.0661556520507557   -0.0287898235141892   0
0.316909937000546   0.238994643252731   -0.00983583731032411   0.00957592383940556   0
0.324982557418087   0.268932043236298   0.00807262041754075   0.0299373999835672   0
0.353755766398005   0.26642868039496   0.0287732089799185   -0.0025033628413374   0
0.340469458492241   0.255417896630698   -0.0132863079057639   -0.0110107837642623   0
0.307338368389972   0.224977500418375   -0.0331310901022695   -0.0304403962123229   0
0.368172712347072   0.240253758703688   0.0608343439571005   0.015276258285313   0
0.316862141737397   0.233733779502985   -0.0513105706096756   -0.00651997920070319   0
0.324328547762913   0.235306199369035   0.00746640602551624   0.00157241986604995   0
0.307469255496367   0.221420796431817   -0.0168592922665462   -0.0138854029372182   0
0.357073368578504   0.213167917784314   0.0496041130821371   -0.00825287864750282   0
0.294243714122851   0.217708632700911   -0.0628296544556529   0.00454071491659672   0
0.324616197690442   0.218972381403455   0.0303724835675909   0.001263748702544   0
0.320924889611261   0.227039344092604   -0.00369130807918083   0.00806696268914975   0
0.29113989782577   0.220002374784342   -0.0297849917854907   -0.00703696930826253   0
0.344361930453992   0.214608640211665   0.0532220326282216   -0.00539373457267653   0
0.218905041816515   0.199527404662242   -0.125456888637477   -0.0150812355494234   0
0.264843716442358   0.175973809137894   0.0459386746258432   -0.0235535955243477   0
0.258625664858014   0.175910956143856   -0.0062180515843433   -6.28529940382427e-05   0
0.306433812313524   0.189063661845025   0.0478081474555094   0.0131527057011692   0
0.281089302146506   0.196755301331908   -0.0253445101670174   0.00769163948688312   0
0.332702128009425   0.214043004867013   0.0516128258629188   0.0172877035351044   0
0.288257019389364   0.223242109422707   -0.0444451086200615   0.00919910455569461   0
0.340192096260333   0.254586375368459   0.0519350768709697   0.0313442659457519   0
0.251519163744316   0.237523963645776   -0.0886729325160175   -0.0170624117226831   0
0.381638733099773   0.270577771323699   0.130119569355457   0.033053807677923   0
0.334184423544485   0.252268587720013   -0.0474543095552879   -0.0183091836036859   0
0.418171038206856   0.273142248865403   0.0839866146623708   0.0208736611453902   0
0.318112349385811   0.254937776022405   -0.100058688821046   -0.0182044728429983   0
0.418362343426126   0.25462836259979   0.100249994040316   -0.000309413422615368   0
0.285080190876111   0.213804996520778   -0.133282152550015   -0.0408233660790115   0
0.388906504282199   0.235489958253531   0.103826313406088   0.0216849617327532   0
0.296777585155298   0.206112187680035   -0.0921289191269011   -0.0293777705734964   0
0.405426184604547   0.24105276162803   0.108648599449249   0.0349405739479952   0
0.313227259508172   0.226613729236558   -0.0921989250963743   -0.0144390323914724   0
0.393765735556054   0.249998351723066   0.0805384760478812   0.0233846224865084   0
0.302311444720507   0.215110065949969   -0.0914542908355469   -0.0348882857730974   0
0.37860734278141   0.224837502145994   0.0762958980609031   0.00972743619602537   0
0.301505489802425   0.203327783183337   -0.0771018529789852   -0.0215097189626576   0
0.340916099421837   0.222086135462685   0.0394106096194126   0.0187583522793481   0
0.311640117932528   0.194901559581369   -0.0292759814893091   -0.0271845758813157   0
0.300996321220974   0.167598384384524   -0.0106437967115537   -0.0273031751968456   0
0.315912154932348   0.169926671246901   0.0149158337113738   0.00232828686237782   0
0.195106558950769   0.151505330531016   -0.120805595981579   -0.0184213407158851   0
0.296962358429482   0.157162225121847   0.101855799478712   0.00565689459083038   0
0.240911250198989   0.177202682559407   -0.0560511082304925   0.0200404574375604   0
0.374163918347293   0.225462271919827   0.133252668148304   0.0482595893604199   0
0.266265170960529   0.200371735833675   -0.107898747386764   -0.0250905360861521   0
0.322841439064132   0.21397851234645   0.056576268103603   0.0136067765127754   0
0.327710279921152   0.227644110931954   0.00486884085701983   0.0136655985855041   0
0.324175543454469   0.235350305705134   -0.00353473646668379   0.00770619477317944   0
0.358128874316216   0.236504250994036   0.0339533308617475   0.00115394528890209   0
0.296148746190154   0.213476244826561   -0.0619801281260624   -0.0230280061674746   0
0.367561163756456   0.235074345241032   0.0714124175663021   0.0215981004144708   0
0.290458509046714   0.202917029029724   -0.0771026547097417   -0.0321573162113079   0
0.489556745963121   0.211871623003176   0.199098236916407   0.00895459397345175   0
0.286947901778075   0.147981550331452   -0.202608844185046   -0.0638900726717243   0
0.264618128449753   0.155854824257223   -0.0223297733283224   0.00787327392577167   0
0.333898937078272   0.173002949155499   0.0692808086285193   0.0171481248982751   0
0.264129937963571   0.158577303915157   -0.069768999114701   -0.0144256452403417   0
0.383554559503599   0.168212856887486   0.119424621540028   0.00963555297232968   0
0.283350497959682   0.213731885471611   -0.100204061543917   0.0455190285841249   1
0.172877636984255   0.196876527966414   -0.110472860975427   -0.0168553575051978   1
0.192444416154379   0.148518451672351   0.0195667791701241   -0.0483580762940624   0
0.220307520029821   0.0854442240683945   0.0278631038754416   -0.0630742276039567   0
0.170405883530382   0.0919315190764747   -0.0499016364994394   0.00648729500808022   0
0.2130643716726   0.0838971682425917   0.0426584881422187   -0.00803435083388296   0
0.17399327637656   0.0836215148088846   -0.0390710952960404   -0.000275653433707182   0
0.209462749018173   0.0940778160121674   0.0354694726416127   0.0104563012032829   0
0.185336803109081   0.0843334896351681   -0.0241259459090913   -0.00974432637699935   0
0.187412884404701   0.0939402402451287   0.00207608129562009   0.00960675060996065   0
0.269035133939491   0.0722992426404662   0.0816222495347898   -0.0216409976046626   0
0.15021244715339   0.0913403848278652   -0.118822686786101   0.019041142187399   0
0.239210600371305   0.0621640538362404   0.0889981532179146   -0.0291763309916247   0
0.161288763834311   0.0788466714295696   -0.0779218365369941   0.0166826175933291   0
0.21400488261215   0.0698408153762182   0.0527161187778392   -0.00900585605335133   0
0.115197415998146   0.0906034274895409   -0.0988074666140034   0.0207626121133227   0
0.223620560105729   0.0648760428795754   0.108423144107583   -0.0257273846099656   0
0.144441060397831   0.0875427772203396   -0.0791794997078976   0.0226667343407642   0
0.276204474840307   0.0711308304900906   0.131763414442476   -0.016411946730249   0
0.132059567989146   0.0931042908611091   -0.144144906851161   0.0219734603710185   0
0.274173356949577   0.0763361251195821   0.14211378896043   -0.0167681657415269   0
0.135230377976437   0.116681270982975   -0.13894297897314   0.0403451458633931   0
0.275762941242818   0.0848401342239332   0.140532563266381   -0.031841136759042   0
0.133751202535491   0.1263688532244   -0.142011738707327   0.041528719000467   0
0.247032656522398   0.0975139802526412   0.113281453986906   -0.028854872971759   0
0.0802350859384228   0.168565518837899   -0.166797570583975   0.0710515385852575   0
0.174066148561402   0.136840995503623   0.0938310626229789   -0.031724523334276   0
0.0816792033200771   0.180258013230175   -0.0923869452413246   0.0434170177265524   0
0.155788712395892   0.149883174986688   0.074109509075815   -0.0303748382434876   0
0.170690444282039   0.148031629281186   0.0149017318861473   -0.0018515457055015   0
0.170046026132721   0.145034349382689   -0.000644418149318537   -0.00299727989849669   0
0.174159512458809   0.173548987526577   0.00411348632608796   0.0285146381438877   0
0.151188151812249   0.200192578189727   -0.02297136064656   0.02664359066315   0
0.280592958662205   0.151806214666462   0.129404806849956   -0.0483863635232649   0
0.159848964844554   0.188794444495197   -0.120743993817651   0.0369882298287348   0
0.188146437782117   0.218943362090519   0.0282974729375625   0.0301489175953218   0
0.17608471537953   0.200633098557417   -0.0120617224025872   -0.0183102635331022   0
0.115499388182492   0.225135032697046   -0.0605853271970376   0.0245019341396296   0
0.273096879377997   0.175649959176547   0.157597491195504   -0.0494850735204994   0
0.0856374617109825   0.224104143711133   -0.187459417667014   0.048454184534586   0
0.192474417463724   0.209733523830842   0.106836955752742   -0.0143706198802904   0
0.588918881563497   0.520542649104999   0.396444464099773   0.310809125274157   1
0.660813129657977   0.522091545585784   0.07189424809448   0.00154889648078482   0
0.572455111182213   0.435762811039446   -0.0883580184757637   -0.0863287345463377   0
0.520755301270184   0.498180963958379   -0.0516998099120292   0.0624181529189333   0
0.886118879389216   0.813758089201883   0.365363578119032   0.315577125243504   0
0.795799265431302   0.734813318770489   -0.0903196139579139   -0.0789447704313943   0
0.747163594862437   0.676887989912319   -0.0486356705688648   -0.0579253288581697   0
0.715043347011187   0.636394167255291   -0.0321202478512507   -0.0404938226570284   0
0.710944768337007   0.629202976208581   -0.00409857867417995   -0.00719119104670995   0
0.655194608797786   0.600282830426466   -0.0557501595392208   -0.0289201457821143   0
0.624605150069213   0.563460339444111   -0.0305894587285725   -0.0368224909823557   0
0.64932851318211   0.538767722541626   0.0247233631128971   -0.0246926169024853   0
0.557252165554886   0.456627217099269   -0.0920763476272244   -0.082140505442357   0
0.708829395009377   0.461551885313095   0.151577229454491   0.00492466821382659   0
0.590663588140818   0.429580585909876   -0.118165806868559   -0.0319712994032189   0
0.646157375526659   0.431001058728888   0.0554937873858408   0.00142047281901203   0
0.548583265250099   0.378980864949898   -0.0975741102765605   -0.0520201937789906   0
0.544004643055278   0.365127723373168   -0.00457862219482097   -0.0138531415767299   0
0.62761679002557   0.398654539092044   0.083612146970292   0.0335268157188763   0
0.585092907257343   0.381687727832665   -0.0425238827682265   -0.016966811259379   0
0.659670203890671   0.424023720810817   0.0745772966333282   0.0423359929781524   0
0.602548926814122   0.397116944197172   -0.0571212770765496   -0.0269067766136452   0
0.628791072448743   0.434249994135291   0.0262421456346208   0.0371330499381184   0
0.56371847479209   0.398870346312245   -0.0650725976566529   -0.0353796478230459   0
