0.150160685462141   0.129682255805806   0   0   0
0.119416866071632   0.104195956749302   -0.0307438193905093   -0.0254862990565036   0
0.0954018963749673   0.104551404778415   -0.0240149696966643   0.000355448029112679   0
0.216716819614376   0.11892890414299   0.121314923239409   0.0143774993645749   0
0.125838297282902   0.0872750355002076   -0.0908785223314741   -0.0316538686427824   0
0.119532738791094   0.0981126176007577   -0.00630555849180753   0.01083758210055   0
0.163183658237766   0.100341812329158   0.0436509194466716   0.00222919472840052   0
0.120636568706384   0.0554488305221129   -0.0425470895313824   -0.0448929818070453   0
0.159647686683052   0.0800495738295339   0.0390111179766686   0.024600743307421   0
0.107611191312939   0.0432557627534763   -0.052036495370113   -0.0367938110760576   0
0.0957719963306603   0.0684229089410484   -0.0118391949822789   0.0251671461875721   0
0.158322597380728   0.0555805466092229   0.0625506010500674   -0.0128423623318255   0
0.0794631470563556   0.0525096084089617   -0.0788594503243721   -0.00307093820026122   0
0.194756018117644   0.0961684685838997   0.115292871061288   0.043658860174938   0
0.0911431243261937   0.0720929457350024   -0.10361289379145   -0.0240755228488973   0
0.104116179090764   0.0872660162595526   0.0129730547645701   0.0151730705245502   0
0.194542856602138   0.0836042829228413   0.0904266775113741   -0.00366173333671127   0
0.105171711427218   0.0489686751197896   -0.08937114517492   -0.0346356078030517   0
0.130180590769078   0.0989336827908579   0.0250088793418599   0.0499650076710683   0
0.149360468147834   0.0699920949636495   0.0191798773787558   -0.0289415878272085   0
0.0749749621223646   0.0539240568640567   -0.074385506025469   -0.0160680380995927   0
0.125718750390584   0.0923271167192635   0.0507437882682196   0.0384030598552068   0
0.0921092547473922   0.0837987018486713   -0.0336094956431919   -0.00852841487059222   0
0.125962720672745   0.0350563710914824   0.0338534659253528   -0.0487423307571889   0
0.150648783750185   0.0538061197074738   0.02468606307744   0.0187497486159914   0
0.156380468924255   0.0508442154815337   0.00573168517407036   -0.00296190422594014   0
0.182610915787666   0.0780134582292697   0.0262304468634105   0.027169242747736   0
0.182367470920227   0.0789446746192705   -0.000243444867438408   0.000931216390000891   0
0.194221158568153   0.0669222198024879   0.0118536876479255   -0.0120224548167827   0
0.207997503954374   0.0710038751075073   0.0137763453862215   0.00408165530501947   0
0.234384948468028   0.109427402620413   0.0263874445136533   0.0384235275129058   0
0.217570879811936   0.0712758182900816   -0.0168140686560914   -0.0381515843303316   0
0.218158461665735   0.0871824960994035   0.000587581853798841   0.0159066778093219   0
0.221775626857642   0.0830844292740222   0.0036171651919068   -0.00409806682538125   0
0.227080462799885   0.065305658265613   0.00530483594224324   -0.0177787710084092   0
0.243920350364622   0.0827166603910906   0.016839887564737   0.0174110021254777   0
0.219848080282726   0.0524181053795003   -0.0240722700818959   -0.0302985550115903   0
0.219174703126729   0.0486860105468452   -0.000673377155996663   -0.00373209483265508   0
0.224622555007283   0.0573232474727097   0.00544785188055374   0.00863723692586451   0
0.233196069051003   0.0766484183460696   0.00857351404371942   0.0193251708733599   0
0.239004179925812   0.0591212159659713   0.00580811087480954   -0.0175272023800983   0
0.237484659496903   0.0567921499075797   -0.0015195204289091   -0.00232906605839166   0
0.238407468973688   0.0805257354004917   0.000922809476784914   0.023733585492912   0
0.237818275952123   0.0683194062617277   -0.000589193021565265   -0.012206329138764   0
0.235947862594366   0.0994376225204651   -0.00187041335775637   0.0311182162587374   0
0.2400071984664   0.0751178756813749   0.0040593358720338   -0.0243197468390901   0
0.260274247963105   0.0754585359613515   0.020267049496705   0.000340660279976576   0
0.267148138539276   0.12351951996471   0.00687389057617038   0.0480609840033589   0
0.257313563971296   0.0852752476282684   -0.00983457456798009   -0.038244272336442   0
0.240407230042417   0.102155226128378   -0.0169063339288785   0.0168799785001093   0
0.234725151151831   0.080755420048146   -0.00568207889058578   -0.0213998060802318   0
0.240299735740616   0.0783687519525978   0.00557458458878504   -0.00238666809554816   0
0.222910259224761   0.0977809505025519   -0.0173894765158556   0.019412198549954   0
0.217654286084538   0.0890988490537426   -0.00525597314022247   -0.00868210144880932   0
0.235130462117544   0.111170490565718   0.0174761760330062   0.0220716415119759   0
0.241150694604847   0.0856770264228399   0.00602023248730216   -0.0254934641428786   0
0.249825750612162   0.091155435556869   0.00867505600731505   0.00547840913402915   0
0.253451880498311   0.10817535322221   0.00362612988614908   0.0170199176653415   0
0.264627971931162   0.0973958733088959   0.0111760914328515   -0.0107794799133146   0
0.267362242823974   0.102524425602646   0.00273427089281159   0.00512855229375013   0
0.305533802453427   0.101036391103268   0.0381715596294536   -0.0014880344993782   0
0.288541455122431   0.107909815357329   -0.0169923473309962   0.00687342425406146   0
0.293793162737069   0.122733511057535   0.00525170761463795   0.0148236957002054   0
0.3003608351975   0.10226969773716   0.00656767246043127   -0.0204638133203751   0
0.290210474955953   0.111434292680855   -0.0101503602415472   0.00916459494369552   0
0.288504704238662   0.0985084902701919   -0.00170577071729078   -0.0129258024106633   0
0.299616762648955   0.0997899223150564   0.0111120584102921   0.0012814320448645   0
0.288001267161535   0.0913446733114334   -0.0116154954874194   -0.00844524900362301   0
0.309534440633042   0.094001963453696   0.0215331734715065   0.00265729014226256   0
0.297409872679388   0.0864358804505398   -0.0121245679536534   -0.00756608300315624   0
0.286322551366758   0.0946452768294462   -0.01108732131263   0.00820939637890641   0
0.292808719803863   0.0876703581124772   0.00648616843710426   -0.00697491871696894   0
0.309316233414446   0.0842146266852291   0.0165075136105833   -0.00345573142724813   0
0.324198390592601   0.0939402370766116   0.0148821571781554   0.00972561039138253   0
0.332553815989232   0.0805240540885455   0.0083554253966307   -0.0134161829880661   0
0.313525613658339   0.0738572907276086   -0.019028202330893   -0.00666676336093688   0
0.313673525643749   0.113314599018055   0.000147911985409865   0.039457308290446   0
0.331512622995822   0.0805800245299665   0.017839097352073   -0.0327345744880881   0
0.330455739603067   0.0749504989079626   -0.001056883392755   -0.00562952562200392   0
0.339682797715781   0.0440478529381399   0.00922705811271379   -0.0309026459698227   0
0.344306860727346   0.09149511650412   0.00462406301156515   0.0474472635659801   0
0.367753900826626   0.097761463972122   0.0234470400992803   0.00626634746800192   0
0.362081855643237   0.133579194540402   -0.00567204518338915   0.0358177305682798   0
0.375497927858424   0.0919385366234013   0.0134160722151866   -0.0416406579170005   0
0.370774923824684   0.0969837556441928   -0.00472300403374004   0.00504521902079151   0
0.36902425906459   0.0862463358901264   -0.00175066476009322   -0.0107374197540664   0
0.349643109341769   0.0964603409625038   -0.0193811497228218   0.0102140050723775   0
0.354669037190548   0.0431432000345364   0.00502592784877903   -0.0533171409279674   0
0.370230968713113   0.025091669167126   0.0155619315225653   -0.0180515308674105   0
0.351986727712751   0.0759015176516583   -0.0182442410003625   0.0508098484845323   0
0.370995179780762   0.0490179698114375   0.0190084520680116   -0.0268835478402208   0
0.356345912799429   0.0674731773897598   -0.014649266981333   0.0184552075783223   0
0.400863412744291   0.0491923522412112   0.0445174999448621   -0.0182808251485486   0
0.412741071401345   0.071492940190081   0.0118776586570535   0.0223005879488698   0
0.416730819854807   0.0714911565871087   0.00398974845346262   -1.78360297227453e-06   0
0.428852268765131   0.0564244648233036   0.0121214489103234   -0.0150666917638051   0
0.391384040754921   0.0599431312132383   -0.0374682280102093   0.00351866638993466   0
0.403388987896789   0.044452204358558   0.0120049471418673   -0.0154909268546803   0
0.419594492918389   0.0537352058914126   0.0162055050216002   0.0092830015328546   0
0.402692567518544   0.0769954224637088   -0.0169019253998453   0.0232602165722963   0
0.42187434334356   0.0876246986435474   0.0191817758250163   0.0106292761798386   0
0.414542631464099   0.0910081740894465   -0.00733171187946074   0.00338347544589908   0
0.445900231057005   0.0948054274533373   0.0313575995929052   0.00379725336389082   0
0.430973714413884   0.0793142623795525   -0.0149265166431206   -0.0154911650737848   0
0.433672391048462   0.0824908535014186   0.00269867663457785   0.00317659112186605   0
0.436563133537636   0.0832397971530056   0.00289074248917437   0.000748943651587064   0
0.42907798306059   0.0827894320905452   -0.00748515047704618   -0.000450365062460406   0
0.442473908613559   0.0976790314187876   0.0133959255529687   0.0148895993282424   0
0.430951713657447   0.0925679139871505   -0.011522194956112   -0.0051111174316371   0
0.456326663881155   0.138863198362489   0.0253749502237077   0.0462952843753386   0
0.443888429935353   0.120948942698953   -0.0124382339458019   -0.0179142556635364   0
0.466411702578366   0.139912414068311   0.0225232726430132   0.0189634713693583   0
0.473360680423047   0.132912390130162   0.00694897784468124   -0.00700002393814855   0
0.467079734977145   0.121716039478164   -0.00628094544590163   -0.0111963506519983   0
0.491805068352381   0.162791449685395   0.0247253333752355   0.0410754102072309   0
0.471438902490885   0.130436574159666   -0.0203661658614961   -0.0323548755257292   0
0.488778383367026   0.137362351626237   0.0173394808761415   0.00692577746657128   0
0.485220046986027   0.132326820689959   -0.00355833638099889   -0.00503553093627832   0
0.494868168813837   0.145802843800833   0.00964812182780944   0.0134760231108738   0
0.477374230004228   0.137330104365585   -0.0174939388096084   -0.00847273943524748   0
0.467985588621797   0.149132664650648   -0.00938864138243123   0.0118025602850624   0
0.488047125130607   0.162290599587468   0.0200615365088094   0.0131579349368208   0
0.468479436294412   0.154680936519833   -0.0195676888361946   -0.00760966306763572   0
0.501864626463043   0.158039822838264   0.0333851901686313   0.00335888631843173   0
0.500670488543883   0.14670076138042   -0.00119413791916079   -0.0113390614578442   0
0.50401292809432   0.149380373152935   0.00334243955043723   0.00267961177251441   0
0.502333388654796   0.145806519759886   -0.00167953943952415   -0.00357385339304875   0
0.525568965519845   0.158306998748476   0.0232355768650495   0.0125004789885901   0
0.518850687884646   0.16810496490084   -0.0067182776351995   0.00979796615236353   0
0.536011938732282   0.172603431621448   0.0171612508476366   0.00449846672060877   0
0.546579600264307   0.155165507349258   0.010567661532025   -0.0174379242721908   0
0.538441312406412   0.128170193411495   -0.00813828785789483   -0.0269953139377627   0
0.531676512727335   0.121245418690532   -0.00676479967907739   -0.00692477472096248   0
0.537877057924857   0.131819266699106   0.00620054519752189   0.0105738480085735   0
0.527675583367603   0.132655261937861   -0.0102014745572541   0.000835995238755077   0
0.537828407242022   0.136897180945226   0.010152823874419   0.00424191900736523   0
0.542115675182078   0.134849426761638   0.00428726794005596   -0.00204775418358771   0
0.550358844944869   0.148300069049891   0.00824316976279094   0.0134506422882527   0
0.553533678214117   0.148381488285509   0.00317483326924861   8.14192356173304e-05   0
0.536098051675941   0.11841362025654   -0.0174356265381762   -0.0299678680289688   0
0.557062795259206   0.141039513362391   0.0209647435832647   0.022625893105851   0
0.552985733712589   0.141840612325596   -0.00407706154661724   0.000801098963205182   0
0.544431956489044   0.137563761852904   -0.00855377722354489   -0.00427685047269188   0
0.540293313693682   0.138309060149724   -0.00413864279536125   0.000745298296820046   0
0.537106516231185   0.125980389555885   -0.00318679746249773   -0.0123286705938393   0
0.553804882994832   0.155058231779225   0.0166983667636477   0.0290778422233406   0
0.548261408972481   0.15297357653121   -0.00554347402235167   -0.00208465524801532   0
0.570658587510378   0.180044651297949   0.0223971785378975   0.0270710747667387   0
0.576288281701372   0.180206966045295   0.00562969419099391   0.000162314747345849   0
0.59570958880196   0.197312284468682   0.0194213071005876   0.0171053184233871   0
0.617133256683166   0.217905950479788   0.0214236678812063   0.0205936660111066   0
0.641674954601264   0.267630857833603   0.0245416979180978   0.0497249073538142   0
0.64562143476321   0.268931105486145   0.00394648016194588   0.00130024765254227   0
0.65198439224062   0.277884361447347   0.00636295747740989   0.00895325596120244   0
0.671266537321897   0.266738914841836   0.0192821450812773   -0.0111454466055118   0
0.656272712645719   0.23951138811234   -0.0149938246761784   -0.0272275267294955   0
0.651186815240793   0.217830839920459   -0.0050858974049256   -0.0216805481918814   0
0.637733162839843   0.214607086277457   -0.01345365240095   -0.00322375364300137   0
0.635545082409556   0.217762041399552   -0.00218808043028662   0.00315495512209424   0
0.633228309082948   0.221187707224543   -0.00231677332660807   0.0034256658249911   0
0.644890121811166   0.261069062028135   0.0116618127282172   0.039881354803592   0
0.641032591558546   0.266384050623343   -0.00385753025261959   0.00531498859520885   0
0.628136659414   0.243627684115024   -0.0128959321445459   -0.0227563665083193   0
0.60455840299168   0.231648212923174   -0.0235782564223206   -0.0119794711918505   0
0.61039108244831   0.244963863151792   0.0058326794566308   0.0133156502286186   0
0.610247859018096   0.281784561838029   -0.000143223430214223   0.0368206986862368   0
0.591316070890053   0.241426822622301   -0.0189317881280433   -0.0403577392157281   0
0.600213201010741   0.249603992716964   0.00889713012068805   0.00817717009466257   0
0.599122594097185   0.263763707706822   -0.00109060691355611   0.0141597149898588   0
0.601291920925502   0.251118509838482   0.00216932682831705   -0.0126451978683399   0
0.609449960162703   0.284120871576694   0.00815803923720115   0.0330023617382111   0
0.620833862310602   0.279295983752452   0.0113839021478994   -0.00482488782424145   0
0.62942694539921   0.33149910695204   0.00859308308860762   0.0522031231995878   0
0.640845662777614   0.344955142087344   0.0114187173784045   0.0134560351353045   0
0.648473166449885   0.357262409592025   0.00762750367227039   0.0123072675046807   0
0.65309406798005   0.361298155460279   0.00462090153016503   0.00403574586825395   0
0.662716921387918   0.386383612959   0.00962285340786817   0.0250854574987205   0
0.662225609975105   0.382269349922277   -0.000491311412812889   -0.00411426303672291   0
0.639120676168069   0.385270094042478   -0.0231049338070359   0.00300074412020146   0
0.617352714034144   0.354981250346057   -0.0217679621339252   -0.0302888436964211   0
0.627863639506191   0.354875862511456   0.0105109254720468   -0.00010538783460079   0
0.617004460046481   0.383979766165484   -0.0108591794597095   0.029103903654028   0
0.624139207184431   0.370593973930365   0.00713474713794959   -0.0133857922351193   0
0.638756198370959   0.403156931262815   0.0146169911865281   0.0325629573324498   0
0.637047028040952   0.412581747870952   -0.00170917033000662   0.00942481660813738   0
0.67160669299698   0.396983011402566   0.0345596649560277   -0.015598736468386   0
0.656187651220114   0.417200498324846   -0.0154190417768661   0.02021748692228   0
0.654618992318409   0.392312804416004   -0.00156865890170454   -0.0248876939088419   0
0.658508069259519   0.439598439395831   0.00388907694110996   0.0472856349798266   0
0.646710460015138   0.447404802254625   -0.011797609244381   0.00780636285879399   0
0.643596487542326   0.423581403172401   -0.00311397247281198   -0.023823399082224   0
0.632172662108557   0.448671468750243   -0.0114238254337692   0.0250900655778418   0
0.627645401972547   0.466509296002234   -0.00452726013601046   0.0178378272519913   0
0.616879481068288   0.432564671346667   -0.010765920904259   -0.0339446246555671   0
0.60464588340618   0.440966030040864   -0.0122335976621076   0.00840135869419689   0
0.583766383115309   0.432298672936605   -0.0208795002908709   -0.00866735710425859   0
0.608802922877124   0.424878582796015   0.0250365397618152   -0.00742009014059042   0
0.624239360331115   0.479770204142046   0.0154364374539909   0.0548916213460307   0
0.610924543455286   0.454689742500862   -0.013314816875829   -0.0250804616411837   0
0.625325067363683   0.470683909500314   0.0144005239083969   0.0159941669994524   0
0.630815469022956   0.474793849497074   0.00549040165927317   0.00410993999675963   0
0.642741130611189   0.483244682836759   0.0119256615882322   0.00845083333968527   0
0.631031207977453   0.496472410396842   -0.0117099226337352   0.0132277275600826   0
0.643455678120127   0.467349372018943   0.0124244701426736   -0.0291230383778991   0
0.637240512706317   0.473497829929029   -0.00621516541380973   0.00614845791008672   0
0.642984102353099   0.430594887292569   0.00574358964678146   -0.0429029426364606   0
0.643450212575161   0.430578884594623   0.000466110222062555   -1.60026979453831e-05   0
0.618088978626168   0.413271232961175   -0.0253612339489928   -0.0173076516334481   0
0.647495149474257   0.399131170261732   0.0294061708480884   -0.014140062699443   0
0.637569649223753   0.438032527362124   -0.00992550025050332   0.0389013571003918   0
0.635605528190921   0.407365895760188   -0.00196412103283228   -0.0306666316019366   0
0.63745605706196   0.417875327143156   0.00185052887103831   0.0105094313829689   0
0.64379178121993   0.447892585866299   0.00633572415797046   0.0300172587231425   0
0.654285506131177   0.439619576134298   0.0104937249112467   -0.00827300973200085   0
0.643042713832557   0.467905829099724   -0.0112427922986196   0.0282862529654258   0
0.646333479575465   0.450094893757139   0.00329076574290821   -0.0178109353425852   0
0.640611022388635   0.427849166167529   -0.00572245718683029   -0.0222457275896096   0
0.655309414169324   0.458860251772258   0.0146983917806889   0.0310110856047289   0
0.647467531730494   0.428787422994775   -0.00784188243882977   -0.0300728287774831   0
0.653030337121665   0.447712508652037   0.00556280539117104   0.0189250856572618   0
0.63580992015313   0.410433737557599   -0.0172204169685348   -0.0372787710944377   0
0.641179901822909   0.375673537981117   0.00536998166977887   -0.0347601995764815   0
0.658211788120397   0.402342048493567   0.0170318862974875   0.0266685105124498   0
0.655269714209996   0.37901169157989   -0.00294207391040047   -0.0233303569136769   0
0.670373238592718   0.394127001964151   0.0151035243827222   0.0151153103842607   0
0.682989696228464   0.388705640613498   0.0126164576357459   -0.00542136135065296   0
0.687206225490085   0.415294968759254   0.00421652926162097   0.0265893281457562   0
0.696715924485267   0.377843881269103   0.00950969899518139   -0.0374510874901514   0
0.710639931945848   0.380573660850958   0.0139240074605816   0.002729779581855   0
0.694466206631267   0.327961264995197   -0.0161737253145809   -0.0526123958557607   0
0.701557334271006   0.326570951647954   0.0070911276397384   -0.00139031334724377   0
0.702349007797406   0.36204224430341   0.000791673526399639   0.0354712926554565   0
0.684586912768021   0.330939810282776   -0.0177620950293845   -0.0311024340206336   0
0.688174671202043   0.373404691925865   0.00358775843402204   0.0424648816430884   0
0.671957823459955   0.352834903956511   -0.016216847742088   -0.0205697879693543   0
0.68660395141194   0.381476828578749   0.0146461279519852   0.0286419246222381   0
0.673740038059933   0.408024486081718   -0.0128639133520072   0.0265476575029692   0
0.645131326161902   0.370721504340522   -0.028608711898031   -0.0373029817411954   0
0.668480535819107   0.420734093927804   0.0233492096572048   0.0500125895872813   0
0.653672801110227   0.393967568177255   -0.0148077347088801   -0.0267665257505489   0
0.645648222631519   0.375245191023483   -0.00802457847870719   -0.0187223771537722   0
0.654683676242199   0.409784599641385   0.00903545361067926   0.0345394086179021   0
0.641709526139857   0.363659847971288   -0.0129741501023416   -0.0461247516700972   0
0.652529764477767   0.375689888544728   0.0108202383379099   0.0120300405734402   0
0.638978010742936   0.39999663046112   -0.0135517537348308   0.0243067419163925   0
0.615316754317652   0.342905391376762   -0.023661256425284   -0.0570912390843587   0
0.643650616696667   0.391024745409737   0.028333862379015   0.0481193540329759   0
0.651272457003212   0.379295882348464   0.00762184030654434   -0.0117288630612732   0
0.63346804761425   0.353183255832224   -0.0178044093889613   -0.0261126265162405   0
0.642483180347937   0.382374303417803   0.00901513273368681   0.0291910475855792   0
0.639668711173214   0.358092963618039   -0.0028144691747235   -0.0242813397997642   0
0.662203303795179   0.345322065196028   0.0225345926219654   -0.0127708984220105   0
0.692172844122767   0.401939046516695   0.0299695403275877   0.0566169813206669   0
0.670039942994901   0.366723041909354   -0.0221329011278659   -0.0352160046073409   0
0.705466188385383   0.392233206896102   0.0354262453904818   0.0255101649867472   0
0.69930332067369   0.369227726039771   -0.00616286771169228   -0.0230054808563308   0
0.727635205831191   0.414717009075164   0.028331885157501   0.0454892830353936   0
0.725450049727898   0.395037664018888   -0.00218515610329295   -0.0196793450562762   0
0.734567918965973   0.418426182543588   0.00911786923807456   0.0233885185246997   0
0.707135609967431   0.360667417037151   -0.0274323089985423   -0.0577587655064372   0
0.721662728440371   0.37189703147175   0.0145271184729401   0.0112296144345995   0
0.702332912843966   0.341309464516441   -0.0193298155964046   -0.0305875669553088   0
0.70663465063002   0.348390501604521   0.00430173778605369   0.00708103708807994   0
0.711959725763333   0.369706389826309   0.00532507513331304   0.0213158882217873   0
0.68936776235389   0.311725601318291   -0.0225919634094424   -0.0579807885080179   0
0.712010129258004   0.362384027751724   0.0226423669041139   0.0506584264334335   0
0.687161796636782   0.314662846503206   -0.0248483326212225   -0.0477211812485185   0
0.727661040305168   0.377302697307149   0.0404992436683866   0.0626398508039431   0
0.726241003464415   0.358279034417746   -0.00142003684075376   -0.0190236628894027   0
0.724310625093951   0.341913363454107   -0.00193037837046361   -0.0163656709636395   0
0.737813182192593   0.395313962831444   0.0135025570986417   0.053400599377337   0
0.729303453210226   0.393291890026825   -0.0085097289823669   -0.00202207280461825   0
0.731608179049995   0.367918513481246   0.00230472583976926   -0.025373376545579   0
0.745201723451503   0.400135749803054   0.0135935444015076   0.0322172363218081   0
0.707643233651676   0.338674043776977   -0.037558489799827   -0.061461706026077   0
0.723991244390428   0.381114033319504   0.0163480107387521   0.0424399895425267   0
0.690627768640452   0.352973416939311   -0.0333634757499756   -0.0281406163801933   0
0.715011357656121   0.33835571777975   0.0243835890156692   -0.0146176991595605   0
0.724922361417414   0.372152157871616   0.00991100376129272   0.0337964400918655   0
0.713929357982287   0.340141767030399   -0.0109930034351274   -0.0320103908412164   0
0.742963546545858   0.371668437855318   0.0290341885635718   0.0315266708249188   0
0.715003311712302   0.336547453732475   -0.027960234833556   -0.035120984122843   0
0.730099647803668   0.362153669454846   0.0150963360913655   0.025606215722371   0
0.719104833257961   0.336107831030965   -0.0109948145457067   -0.0260458384238808   0
0.728609066734864   0.340876758351666   0.00950423347690299   0.00476892732070044   0
0.727775904913731   0.348671034617765   -0.000833161821133355   0.00779427626609885   0
0.716816829205174   0.314796724066456   -0.0109590757085567   -0.0338743105513086   0
