0.123784087799113   0.204232395245367   0   0   0
0.101693834874293   0.194905311676908   -0.0220902529248194   -0.00932708356845985   0
0.0970753012343511   0.190722809833545   -0.00461853363994207   -0.0041825018433628   0
0.0973826584566554   0.178547107404461   0.000307357222304364   -0.0121757024290842   0
0.0976124982155277   0.18055872191686   0.000229839758872294   0.0020116145123994   0
0.0919320599934539   0.171360881475937   -0.00568043822207386   -0.00919784044092342   0
0.0933286010392849   0.121425196595311   0.00139654104583099   -0.0499356848806253   0
0.0949401223307091   0.118495514409006   0.00161152129142421   -0.00292968218630509   0
0.096662246044927   0.110748126109711   0.00172212371421791   -0.007747388299295   0
0.116459575926628   0.075361139925644   0.0197973298817009   -0.0353869861840672   0
0.112051156319826   0.0969063087823104   -0.00440841960680223   0.0215451688566664   0
0.0999560549884298   0.0808288934979627   -0.0120951013313958   -0.0160774152843477   0
0.100877830498133   0.0847329020422557   0.000921775509702946   0.00390400854429297   0
0.0841640294238578   0.104316356626612   -0.0167138010742749   0.0195834545843564   0
0.0904058030144636   0.0861028411555188   0.00624177359060583   -0.0182135154710933   0
0.108000689017591   0.0655438642517551   0.0175948860031273   -0.0205589769037637   0
0.10833445476477   0.0655438642517551   0.000333765747179041   0   0
0.0983919691851932   0.0434031887694038   -0.00994248557957686   -0.0221406754823513   0
0.0824099908996476   0.0358659894352923   -0.0159819782855456   -0.00753719933411148   0
0.0761614376934942   0.0332923068602943   -0.0062485532061534   -0.002573682574998   0
0.0726892538958132   0.0378749583620233   -0.00347218379768095   0.00458265150172901   0
0.0710771414904961   0.0341207105045088   -0.00161211240531717   -0.00375424785751448   0
0.0719411347926206   0.0506136473915386   0.000863993302124486   0.0164929368870297   0
0.0292626031367409   0.0761826626031474   -0.0426785316558796   0.0255690152116089   0
0.0604390811221754   0.0775587675318046   0.0311764779854345   0.00137610492865711   0
0.0387133191965362   0.0753044991953004   -0.0217257619256392   -0.00225426833650415   0
0.0777092243234251   0.0611904302099783   0.0389959051268889   -0.0141140689853221   0
0.0797035882919332   0.0566113077215586   0.00199436396850818   -0.0045791224884197   0
0.0996723228620082   0.0472551416376517   0.0199687345700749   -0.00935616608390689   0
0.102418306887803   0.0512532423674103   0.00274598402579436   0.00399810072975856   0
0.0892202641989475   0.0598331195383251   -0.013198042688855   0.00857987717091482   0
0.0972429470103102   0.0630184157761245   0.00802268281136267   0.00318529623779942   0
0.0985118659036565   0.0624602241951228   0.00126891889334628   -0.000558191581001753   0
0.119542987577315   0.0647221620099684   0.0210311216736581   0.00226193781484566   0
0.102454485484141   0.0504352637579938   -0.0170885020931739   -0.0142868982519747   0
0.0824399010046106   0.0498954902400508   -0.0200145844795301   -0.000539773517943008   0
0.083993838668619   0.0724045507354683   0.0015539376640084   0.0225090604954175   0
0.102014036195712   0.0687618570458397   0.0180201975270928   -0.00364269368962855   0
0.0954468002999577   0.0621483098992644   -0.00656723589575414   -0.00661354714657537   0
0.131458310752687   0.0686084386394713   0.0360115104527292   0.00646012874020695   0
0.127311294461921   0.0610666231008396   -0.00414701629076575   -0.00754181553863169   0
0.120662430710516   0.0665709114026556   -0.00664886375140547   0.005504288301816   0
0.112966933669769   0.0615210618027388   -0.00769549704074665   -0.00504984959991686   0
0.116480921059674   0.0742286631450412   0.00351398738990494   0.0127076013423025   0
0.12701774421572   0.0712223999048754   0.0105368231560458   -0.00300626324016579   0
0.13977170163624   0.0906282281977448   0.0127539574205199   0.0194058282928693   0
0.153460179591482   0.088753479847384   0.0136884779552426   -0.00187474835036076   0
0.148854860044273   0.126176280524471   -0.00460531954720964   0.037422800677087   0
0.156514079969982   0.150392565441547   0.00765921992570961   0.024216284917076   0
0.15531515884269   0.148157403284952   -0.00119892112729234   -0.00223516215659467   0
0.139826838033413   0.133847972068622   -0.0154883208092766   -0.0143094312163308   0
0.148146731659387   0.144016877603634   0.00831989362597363   0.0101689055350121   0
0.141634219525262   0.139086508586922   -0.00651251213412532   -0.00493036901671143   0
0.133556674614877   0.137490165189196   -0.00807754491038473   -0.00159634339772588   0
0.116865859398355   0.144189410166151   -0.0166908152165218   0.00669924497695451   0
0.11690343648948   0.143026887377488   3.75770911254097e-05   -0.00116252278866336   0
0.114700928431029   0.140474966015301   -0.00220250805845165   -0.00255192136218646   0
0.113427966301305   0.143843083825092   -0.00127296212972375   0.00336811780979113   0
0.129006488878816   0.15311812684493   0.0155785225775106   0.00927504301983756   0
0.10283764125324   0.148428055547831   -0.0261688476255761   -0.00469007129709878   0
0.124792750781886   0.141266655684241   0.0219551095286468   -0.0071613998635896   0
0.122352277443005   0.157590181230661   -0.00244047333888163   0.0163235255464194   0
0.11616429434921   0.160374511190027   -0.0061879830937943   0.00278432995936595   0
0.141088491295428   0.167004473893186   0.0249241969462174   0.00662996270315971   0
0.127985065305957   0.169071312808117   -0.0131034259894711   0.00206683891493012   0
0.109983160664031   0.174365407322353   -0.018001904641926   0.00529409451423626   0
0.116604759026122   0.175285782186947   0.00662159836209136   0.000920374864594675   0
0.141281065095398   0.182216575899813   0.0246763060692756   0.00693079371286601   0
0.152270980532602   0.185190249302069   0.0109899154372041   0.0029736734022556   0
0.145360370557074   0.178796149242377   -0.00691060997552734   -0.00639410005969165   0
0.1345975223123   0.179226631075442   -0.0107628482447748   0.000430481833064322   0
0.144076615460699   0.178789291129677   0.00947909314839893   -0.000437339945764476   0
0.160707791058492   0.178346188290225   0.0166311755977937   -0.000443102839452009   0
0.166744675057556   0.198880921767907   0.00603688399906394   0.0205347334776821   0
0.148334876714986   0.178041467886761   -0.0184097983425705   -0.0208394538811466   0
0.1483998519756   0.190199439469081   6.49752606143583e-05   0.0121579715823199   0
0.160421254937555   0.193148164902336   0.0120214029619549   0.00294872543325533   0
0.157427876544308   0.191346664782673   -0.00299337839324659   -0.0018015001196634   0
0.131358552109332   0.191928017298179   -0.0260693244349767   0.000581352515506089   0
0.138490065749605   0.190944899662206   0.00713151364027365   -0.00098311763597253   0
0.137458072515076   0.185043846016586   -0.00103199323452891   -0.00590105364562019   0
0.140205670238657   0.200402957316627   0.00274759772358016   0.0153591113000414   0
0.132230072179979   0.201982872061569   -0.00797559805867742   0.00157991474494118   0
0.134376086046327   0.19851612003107   0.00214601386634833   -0.00346675203049909   0
0.141789146690923   0.210201453462006   0.00741306064459524   0.0116853334309368   0
0.137274762692674   0.213633708461288   -0.00451438399824858   0.00343225499928149   0
0.179200834705896   0.227429397146065   0.0419260720132222   0.013795688684777   0
0.179736316935003   0.209834377853517   0.00053548222910707   -0.0175950192925479   0
0.194522920123799   0.203609186293153   0.0147866031887958   -0.00622519156036361   0
0.155179903695936   0.190438651029465   -0.0393430164278632   -0.0131705352636879   0
0.140245282007988   0.205926607356237   -0.0149346216879484   0.0154879563267721   0
0.162671898385062   0.20779562383265   0.0224266163770745   0.00186901647641205   0
0.0985821331041787   0.198063463722767   -0.0640897652808835   -0.00973216010988215   0
0.113089998081219   0.197124833550748   0.0145078649770398   -0.000938630172019672   0
0.108625866389928   0.202190373806105   -0.00446413169129045   0.00506554025535735   0
0.144692665572551   0.198086794805997   0.0360667991826226   -0.00410357900010791   0
0.141120011380739   0.197178546026875   -0.00357265419181133   -0.000908248779122073   0
0.150641185578181   0.208291092383856   0.00952117419744175   0.0111125463569808   0
0.176622773015741   0.204113546131103   0.02598158743756   -0.00417754625275263   0
0.1584323025515   0.19557931060378   -0.0181904704642412   -0.00853423552732288   0
0.164995655854116   0.216631687215883   0.00656335330261645   0.0210523766121022   0
0.172647741486241   0.224259349781587   0.00765208563212494   0.00762766256570396   0
0.178310000449105   0.224854443491555   0.00566225896286421   0.00059509370996863   0
0.169570609803026   0.24230542749351   -0.00873939064607979   0.0174509840019544   0
0.164986797669692   0.247639930034137   -0.00458381213333334   0.00533450254062778   0
0.181356383589109   0.265551288233935   0.0163695859194165   0.0179113581997977   0
0.185794277408993   0.267056164217983   0.00443789381988455   0.00150487598404825   0
0.19728075506212   0.301491793537158   0.0114864776531261   0.0344356293191749   0
0.198616480720634   0.29958249098857   0.00133572565851456   -0.00190930254858784   0
0.216064018508705   0.30299300191832   0.0174475377880709   0.00341051092974948   0
0.215366226931058   0.286678597702357   -0.000697791577646878   -0.0163144042159626   0
0.221408017224535   0.293221789763299   0.00604179029347696   0.006543192060942   0
0.226024326851448   0.302403066324157   0.00461630962691253   0.00918127656085777   0
0.237047615239217   0.308058141580855   0.0110232883877697   0.00565507525669784   0
0.241083836280847   0.310221671705125   0.00403622104162921   0.00216353012427029   0
0.2479344574756   0.318204635988054   0.00685062119475327   0.00798296428292894   0
0.234881202624838   0.279261563048538   -0.0130532548507622   -0.0389430729395162   0
0.220895987595452   0.290272675489569   -0.0139852150293857   0.0110111124410309   0
0.223862999569022   0.29140862498164   0.00296701197357027   0.00113594949207102   0
0.200369103786986   0.285152969301571   -0.023493895782036   -0.00625565568006919   0
0.187895710099619   0.279829809357853   -0.0124733936873673   -0.0053231599437174   0
0.187090747639267   0.26688277870095   -0.000804962460351472   -0.0129470306569037   0
0.211068885104579   0.279125582192178   0.0239781374653118   0.0122428034912288   0
0.210895630750971   0.282979527629478   -0.000173254353607877   0.00385394543729967   0
0.219772851289712   0.287872843856836   0.0088772205387411   0.00489331622735839   0
0.211367497013708   0.259117377535568   -0.00840535427600397   -0.0287554663212686   0
0.200419377160418   0.263309745487273   -0.01094811985329   0.00419236795170513   0
0.198573703209791   0.278764418172626   -0.00184567395062768   0.0154546726853527   0
0.192622543750024   0.265295750129718   -0.00595115945976638   -0.0134686680429073   0
0.206153423611251   0.253674376022437   0.013530879861227   -0.0116213741072819   0
0.204751553098188   0.248494051265317   -0.00140187051306345   -0.00518032475711949   0
0.232925408830166   0.27234283256231   0.0281738557319783   0.0238487812969931   0
0.236469825906478   0.25848903035586   0.0035444170763119   -0.0138538022064505   0
0.218357716309042   0.271215628989302   -0.0181121095974361   0.0127265986334421   0
0.228766189744376   0.277711976804319   0.0104084734353345   0.00649634781501718   0
0.232900042504161   0.27576764419582   0.00413385275978465   -0.00194433260849858   0
0.22705626027399   0.284809924585679   -0.00584378223017074   0.00904228038985844   0
0.231788632638035   0.270732897310564   0.00473237236404486   -0.0140770272751145   0
0.237829897674788   0.288490785985515   0.00604126503675259   0.0177578886749504   0
0.251040440817809   0.295062664775146   0.0132105431430216   0.00657187878963106   0
0.254492014247992   0.292073571037286   0.00345157343018243   -0.00298909373785972   0
0.246410584650274   0.304883888767613   -0.0080814295977174   0.0128103177303275   0
0.257443317784401   0.312179183694637   0.0110327331341265   0.00729529492702369   0
0.266377262561954   0.301862050079424   0.00893394477755283   -0.0103171336152135   0
0.247609079914308   0.314972897488518   -0.018768182647646   0.0131108474090944   0
0.250792992750994   0.31690846637239   0.00318391283668604   0.00193556888387153   0
0.280732617196506   0.323841441076065   0.0299396244455123   0.00693297470367538   0
0.2550649874985   0.31460387419625   -0.025667629698006   -0.00923756687981481   0
0.275570046460061   0.304544348242567   0.0205050589615606   -0.010059525953683   0
0.301497492487085   0.314079628467448   0.0259274460270245   0.00953528022488054   0
0.282800418254641   0.319639475155213   -0.018697074232444   0.00555984668776527   0
0.277628214565811   0.318526246154065   -0.00517220368883015   -0.00111322900114796   0
0.275568184814575   0.309841234591125   -0.00206002975123565   -0.0086850115629401   0
0.261567496754107   0.310315247348664   -0.014000688060468   0.000474012757539111   0
0.288693393694764   0.317644889713734   0.0271258969406566   0.00732964236506961   0
0.298454128383241   0.324896529823727   0.00976073468847682   0.00725164010999352   0
0.287286703383571   0.322779405963268   -0.0111674249996697   -0.00211712386045942   0
0.29090122128482   0.316803540233139   0.00361451790124917   -0.00597586573012893   0
0.299667693589082   0.327934629797236   0.00876647230426181   0.0111310895640969   0
0.299023682103943   0.327160791587638   -0.000644011485139095   -0.000773838209597533   0
0.313368933691583   0.33447665136193   0.0143452515876404   0.00731585977429183   0
0.320098539029781   0.34280394218864   0.00672960533819716   0.00832729082671013   0
0.320772025009975   0.352505100808701   0.000673485980194344   0.00970115862006099   0
0.253020231697329   0.417731646300888   -0.0677517933126461   0.0652265454921868   0
0.28722596176676   0.389238534011601   0.0342057300694307   -0.0284931122892872   0
0.287524954832811   0.417028345608545   0.000298993066051412   0.0277898115969443   0
0.2945031659694   0.391410305761422   0.00697821113658909   -0.0256180398471228   0
0.315674261057185   0.390075812191682   0.0211710950877853   -0.00133449356974064   0
0.330046914872719   0.395762823667787   0.0143726538155339   0.00568701147610562   0
0.335466055275344   0.394605160745206   0.00541914040262448   -0.00115766292258096   0
0.327327490458715   0.388350932610571   -0.008138564816629   -0.0062542281346355   0
0.325918565457692   0.3948438515673   -0.00140892500102252   0.00649291895672927   0
0.308230400763779   0.356682891012623   -0.0176881646939129   -0.0381609605546772   0
0.310884188887116   0.363029197371661   0.00265378812333666   0.00634630635903838   0
0.299434725644839   0.373026354511984   -0.011449463242277   0.0099971571403224   0
0.32324331386898   0.378296184097408   0.0238085882241412   0.00526982958542449   0
0.326559497030786   0.376099786944622   0.00331618316180593   -0.00219639715278608   0
0.329891805261968   0.378705369378149   0.00333230823118152   0.00260558243352677   0
0.317973726880068   0.370415936454548   -0.0119180783818997   -0.00828943292360035   0
0.326638017445918   0.3658667851643   0.00866429056585039   -0.00454915129024841   0
0.336772255766416   0.375916761024662   0.0101342383204973   0.0100499758603616   0
0.32388642778295   0.375289199844297   -0.0128858279834657   -0.000627561180364722   0
0.329068053194168   0.366524029201361   0.00518162541121842   -0.00876517064293597   0
0.33576358589043   0.375900998789113   0.00669553269626144   0.0093769695877518   0
0.333440122735702   0.378112543046779   -0.00232346315472781   0.00221154425766668   0
0.351441896334231   0.3653660608996   0.0180017735985286   -0.0127464821471797   0
0.349872112505412   0.378331645487514   -0.00156978382881806   0.0129655845879144   0
0.357221304601223   0.388311869049122   0.00734919209581092   0.00998022356160799   0
0.355416864554849   0.367554498849504   -0.0018044400463742   -0.020757370199618   0
0.359783281363934   0.374299127782232   0.00436641680908528   0.00674462893272848   0
0.366349477369629   0.394216208466877   0.00656619600569414   0.0199170806846443   0
0.368956755174641   0.388638961717093   0.00260727780501241   -0.00557724674978377   0
0.363586293768068   0.375037253025353   -0.00537046140657271   -0.0136017086917402   0
0.371009072510363   0.376382244259463   0.00742277874229502   0.00134499123411014   0
0.373338491721655   0.377327944405817   0.00232941921129132   0.000945700146353978   0
0.365138615862524   0.366294158944693   -0.00819987585913046   -0.0110337854611239   0
0.369388784316741   0.367417528953863   0.00425016845421705   0.00112337000916968   0
0.372109219805153   0.37950890842476   0.00272043548841222   0.0120913794708969   0
0.369434468437909   0.416500876990421   -0.00267475136724493   0.0369919685656617   0
0.368813408292052   0.414619739013062   -0.000621060145856334   -0.00188113797735878   0
0.393315110428013   0.40072177233284   0.0245017021359608   -0.0138979666802224   0
0.373597150624841   0.403172506575213   -0.0197179598031721   0.00245073424237269   0
0.392269466274142   0.386952433449542   0.0186723156493009   -0.0162200731256703   0
0.381610254994543   0.403897945050012   -0.0106592112795988   0.0169455116004695   0
0.387965697231083   0.40027629787211   0.00635544223653967   -0.00362164717790153   0
0.397462776301127   0.396353755349952   0.00949707907004477   -0.00392254252215807   0
0.377824040968809   0.406642325915368   -0.0196387353323187   0.0102885705654152   0
0.34643324022097   0.392333237135397   -0.0313908007478391   -0.0143090887799702   0
0.330189635671685   0.372628511486242   -0.0162436045492846   -0.0197047256491553   0
0.370862961747328   0.379936580542398   0.0406733260756429   0.00730806905615566   0
0.382927257360977   0.389812665125878   0.0120642956136492   0.00987608458348033   0
0.398961207144254   0.410778789591417   0.0160339497832765   0.0209661244655392   0
0.394128343205611   0.401112023319496   -0.00483286393864246   -0.0096667662719212   0
0.386486918645379   0.412721921905658   -0.00764142456023187   0.0116098985861618   0
0.388351680952973   0.375504609014989   0.00186476230759414   -0.0372173128906686   0
0.346612857719329   0.404971255575936   -0.0417388232336441   0.0294666465609466   0
0.367200363683099   0.44579465554754   0.0205875059637695   0.0408233999716043   0
0.362666561036443   0.436805160890127   -0.00453380264665587   -0.00898949465741294   0
0.380979180961375   0.453317001847769   0.0183126199249319   0.0165118409576414   0
0.379294268411744   0.433613205856614   -0.00168491254963099   -0.0197037959911551   0
0.397225491220037   0.414904184540539   0.0179312228082935   -0.0187090213160741   0
0.410976757553271   0.423896170806307   0.0137512663332335   0.0089919862657678   0
0.3909661944785   0.429588094792558   -0.0200105630747712   0.00569192398625096   0
0.385375340054342   0.438882790572267   -0.0055908544241573   0.00929469577970837   0
0.378344801922796   0.438529173416661   -0.00703053813154603   -0.000353617155605501   0
0.362751439656688   0.452124116522499   -0.0155933622661079   0.0135949431058377   0
0.356660188938996   0.440320637858936   -0.00609125071769284   -0.0118034786635631   0
0.374974461042349   0.460711067660904   0.0183142721033532   0.0203904298019683   0
0.385155929631104   0.46383399919233   0.0101814685887553   0.00312293153142562   0
0.366253222747596   0.464030907225208   -0.0189027068835083   0.000196908032878695   0
0.36810039353008   0.484156737418008   0.00184717078248453   0.0201258301927998   0
0.380304715286308   0.465464159976093   0.012204321756228   -0.018692577441915   0
0.375393978625124   0.480527067048517   -0.00491073666118441   0.0150629070724238   0
0.361013009483038   0.476464656299394   -0.014380969142086   -0.00406241074912256   0
0.360338810601911   0.489600204867706   -0.000674198881126686   0.013135548568312   0
0.361637328634642   0.494011716875723   0.00129851803273068   0.00441151200801715   0
0.336670797489031   0.512071848670184   -0.0249665311456111   0.0180601317944607   0
0.35108905849851   0.50986136737377   0.014418261009479   -0.00221048129641455   0
0.347246704935857   0.507673865346149   -0.00384235356265289   -0.00218750202762041   0
0.369614095992022   0.513267815327681   0.0223673910561656   0.00559394998153129   0
0.405526839817046   0.512412367413688   0.0359127438250235   -0.000855447913992835   0
0.363663572803216   0.514698403629494   -0.0418632670138299   0.00228603621580681   0
0.360505000411922   0.520753395939719   -0.00315857239129391   0.00605499231022477   0
0.368845415307009   0.520184095186262   0.00834041489508691   -0.000569300753457291   0
0.384991712827692   0.522443455195632   0.0161462975206829   0.00225936000936966   0
0.383082005645005   0.505437466508222   -0.00190970718268646   -0.0170059886874097   0
0.396031123564803   0.506147588446542   0.0129491179197972   0.000710121938319985   0
0.414378097302452   0.521191505819118   0.0183469737376489   0.0150439173725763   0
0.388711219525498   0.504980646777924   -0.0256668777769534   -0.0162108590411947   0
0.396461726089669   0.49726321219677   0.0077505065641712   -0.00771743458115343   0
0.390681106311785   0.496555180800936   -0.00578061977788469   -0.000708031395834419   0
0.385314032843342   0.514284222375867   -0.00536707346844273   0.0177290415749311   0
0.342432584130322   0.534370088033331   -0.04288144871302   0.0200858656574643   0
0.333982419508123   0.53255420132532   -0.00845016462219872   -0.00181588670801058   0
0.338197519964902   0.527360948529089   0.00421510045677831   -0.00519325279623184   0
0.358831846489759   0.546903070505414   0.0206343265248574   0.0195421219763255   0
0.38901276617998   0.545684549436073   0.0301809196902214   -0.00121852106934117   0
0.390643685368137   0.560034600598258   0.00163091918815667   0.0143500511621847   0
0.414015087502859   0.565113501376051   0.023371402134722   0.00507890077779327   0
0.401969417023236   0.547826128529162   -0.0120456704796232   -0.0172873728468889   0
0.405515483256805   0.552445426640723   0.00354606623356912   0.00461929811156059   0
0.396464767521655   0.55263630480362   -0.00905071573514982   0.000190878162897645   0
0.371395792402122   0.541035922283355   -0.0250689751195332   -0.0116003825202659   0
0.394338507560446   0.543451802710001   0.0229427151583241   0.00241588042664664   0
0.384986189888676   0.554150847398296   -0.00935231767176964   0.0106990446882953   0
0.394988492839981   0.549808091980511   0.0100023029513049   -0.00434275541778562   0
0.404102820074297   0.552594687511788   0.00911432723431604   0.00278659553127669   0
0.403684226745361   0.561587281976052   -0.000418593328936456   0.0089925944642647   0
0.406709265185833   0.562927800457128   0.00302503844047181   0.00134051848107575   0
0.387229133942683   0.535527344352275   -0.0194801312431502   -0.027400456104853   0
0.381159527276966   0.553693113483679   -0.00606960666571682   0.0181657691314038   0
0.404929025650175   0.535664890943956   0.0237694983732092   -0.018028222539723   0
0.406368471904502   0.560641564450942   0.00143944625432707   0.0249766735069865   0
0.407055297367569   0.565911191412575   0.000686825463067031   0.00526962696163258   0
0.406892561796109   0.559982294104019   -0.000162735571460459   -0.00592889730855595   0
0.4174737997276   0.571219615473769   0.0105812379314911   0.0112373213697496   0
0.404480670110452   0.561715440703075   -0.0129931296171481   -0.00950417477069343   0
0.438803914614489   0.57370449476124   0.0343232445040377   0.0119890540581652   0
0.447221549867624   0.570997533364637   0.0084176352531351   -0.00270696139660298   0
0.454657662718886   0.593671598673248   0.00743611285126133   0.0226740653086106   0
0.477084052058964   0.603831633453606   0.022426389340078   0.0101600347803581   0
0.476473934206269   0.603796243432542   -0.000610117852694603   -3.53900210635638e-05   0
0.47463002447064   0.609507300944378   -0.00184390973562937   0.00571105751183509   0
0.488471850013898   0.627009587048316   0.0138418255432583   0.0175022861039386   0
0.47426196135153   0.598295715275482   -0.0142098886623681   -0.0287138717728346   0
0.44033134653463   0.598647245492285   -0.0339306148169003   0.000351530216803342   0
0.456248355663886   0.584823849803084   0.0159170091292566   -0.0138233956892009   0
0.475156792688477   0.615475665986885   0.0189084370245906   0.0306518161838014   0
0.490932686501928   0.637974745446087   0.015775893813451   0.0224990794592019   0
0.483563174674209   0.625918708465604   -0.00736951182771828   -0.0120560369804832   0
0.481167877901258   0.626103842658908   -0.00239529677295142   0.000185134193303349   0
0.476536169956699   0.610736613058567   -0.00463170794455892   -0.0153672296003404   0
0.484757878305242   0.620287139537207   0.00822170834854308   0.00955052647863952   0
0.485923794097387   0.627954131214414   0.00116591579214503   0.00766699167720786   0
0.471765126656263   0.617611045714251   -0.014158667441124   -0.0103430855001639   0
0.490617135666907   0.621273982181775   0.0188520090106435   0.00366293646752414   0
0.499125388216228   0.623384668503525   0.00850825254932092   0.00211068632175049   0
0.473094429658604   0.617515175023456   -0.0260309585576234   -0.00586949348006871   0
0.474117705138713   0.60825975936067   0.00102327548010922   -0.00925541566278665   0
0.467048953320741   0.615426892618652   -0.00706875181797217   0.00716713325798235   0
0.501163321471155   0.632354133257821   0.0341143681504135   0.0169272406391688   0
0.5250789005102   0.644601480984569   0.0239155790390448   0.0122473477267484   0
0.508279669112389   0.667749418631346   -0.0167992313978101   0.0231479376467761   0
0.4989928895295   0.663691564173638   -0.0092867795828892   -0.00405785445770779   0
0.496351058042591   0.673999594720946   -0.00264183148690877   0.0103080305473087   0
0.520154467201811   0.683700990861868   0.0238034091592197   0.00970139614092158   0
0.513307435179932   0.686636712029913   -0.0068470320218792   0.00293572116804519   0
0.512816954808438   0.691962810721971   -0.000490480371493462   0.00532609869205769   0
0.517747112368577   0.700622016731918   0.00493015756013859   0.00865920600994718   0
0.529907837969019   0.700666123997371   0.0121607256004419   4.41072654534524e-05   0
