0.104461392618804   0.2633926060818   0   0   0
0.11662738722157   0.282947193947475   0.0121659946027655   0.0195545878656745   0
0.117201497822639   0.271593472871317   0.000574110601068906   -0.0113537210761584   0
0.101788235391521   0.265877662685872   -0.0154132624311182   -0.0057158101854442   0
0.0865983724977554   0.271567560885063   -0.0151898628937651   0.00568989819919091   0
0.118339294231882   0.239378511571549   0.0317409217341268   -0.0321890493135147   0
0.100246395958171   0.230593460775734   -0.0180928982737112   -0.00878505079581451   0
0.173598990765413   0.198960824188243   0.0733525948072422   -0.0316326365874909   0
0.108680122773808   0.218238804676695   -0.0649188679916051   0.0192779804884516   0
0.176472294898208   0.225723837038293   0.0677921721243997   0.00748503236159864   0
0.135147718694176   0.229906945127241   -0.0413245762040322   0.0041831080889472   0
0.252600503696509   0.193911354885518   0.117452785002333   -0.0359955902417223   0
0.185560835977557   0.204774000011116   -0.0670396677189514   0.0108626451255977   0
0.227228156679801   0.221505390057761   0.0416673207022431   0.0167313900466446   0
0.196591194076566   0.210228718606212   -0.0306369626032347   -0.0112766714515482   0
0.29289456009793   0.200009007398348   0.0963033660213643   -0.0102197112078641   0
0.247706243429712   0.10642891196692   -0.0451883166682177   -0.0935800954314278   0
0.214506404301247   0.0677998454770732   -0.0331998391284656   -0.0386290664898472   0
0.137507303405492   0.0612583354022128   -0.076999100895755   -0.00654151007486037   0
0.155340178080238   0.0640450490919673   0.017832874674746   0.00278671368975447   0
0.0996899845911815   0.0551481728600776   -0.0556501934890564   -0.00889687623188969   0
0.296019139724748   0.297218810854735   0.196329155133567   0.242070637994657   0
0.342507593624273   0.443230768472653   0.0464884538995245   0.146011957617918   0
0.175266698700152   0.365238031546377   -0.16724089492412   -0.0779927369262755   0
0.100510208295178   0.329990323925812   -0.0747564904049747   -0.035247707620565   0
0.0978848679160369   0.256963913876837   -0.00262534037914072   -0.0730264100489753   0
0.158526857991982   0.238453537554784   0.060641990075945   -0.0185103763220534   0
0.227786241617399   0.225731429107856   0.0692593836254169   -0.0127221084469276   0
0.246836105440432   0.200369093071268   0.0190498638230331   -0.0253623360365879   0
0.263175775989376   0.174258405706798   0.0163396705489437   -0.0261106873644701   0
0.309676782216168   0.139181016371109   0.0465010062267925   -0.0350773893356887   0
0.289055377956906   0.143383778313936   -0.0206214042592617   0.00420276194282665   0
0.30200087205543   0.148840445155228   0.0129454940985233   0.00545666684129195   0
0.292246232627557   0.151958880443448   -0.00975463942787297   0.00311843528822042   0
0.284194599077129   0.164215802252374   -0.00805163355042787   0.0122569218089257   0
0.32031408013517   0.162936418023657   0.036119481058041   -0.00127938422871668   0
0.398120488472573   0.16259836827594   0.077806408337403   -0.000338049747717617   0
0.338275796139777   0.147129535439891   -0.0598446923327957   -0.0154688328360488   0
0.390615791718871   0.162145486143766   0.0523399955790934   0.0150159507038748   0
0.351117097561782   0.178106087182366   -0.0394986941570884   0.0159606010386002   0
0.423934810667973   0.177218542304123   0.0728177131061907   -0.000887544878243191   0
0.387590264296409   0.157889099456171   -0.0363445463715641   -0.0193294428479518   0
0.447933322654391   0.159932407067855   0.060343058357982   0.00204330761168428   0
0.40228545058135   0.146666433309508   -0.0456478720730404   -0.0132659737583466   0
0.416810272960511   0.144186042771026   0.0145248223791605   -0.00248039053848259   0
0.380124014306594   0.140494707820831   -0.0366862586539164   -0.00369133495019514   0
0.408304988722205   0.154265620501662   0.0281809744156107   0.0137709126808316   0
0.443608395059296   0.154303986168842   0.0353034063370906   3.83656671793797e-05   0
0.39410775036694   0.140039223243242   -0.049500644692356   -0.0142647629255996   0
0.43814428112405   0.149371291967569   0.0440365307571102   0.0093320687243264   0
0.353041144667714   0.135633330461757   -0.0851031364563355   -0.0137379615058118   0
0.465656337609145   0.155573409382131   0.112615192941431   0.0199400789203739   0
0.412742147321121   0.158488649933087   -0.0529141902880245   0.00291524055095607   0
0.455115646066371   0.188592709783637   0.0423734987452496   0.03010405985055   0
0.464715256433969   0.176056457520757   0.00959961036759882   -0.0125362522628797   0
0.500581772213781   0.217430898123399   0.0358665157798118   0.0413744406026425   0
0.521289586854562   0.19269947010317   0.0207078146407808   -0.0247314280202295   0
0.539294001399088   0.243036505790757   0.0180044145445264   0.0503370356875869   0
0.528019696305886   0.222043755030872   -0.0112743050932025   -0.0209927507598846   0
0.570126804319671   0.253769443247201   0.0421071080137847   0.0317256882163285   0
0.567186212709204   0.234761098634933   -0.002940591610467   -0.019008344612268   0
0.571816828882082   0.252477989473853   0.00463061617287819   0.0177168908389201   0
0.545323216460663   0.263191651904236   -0.0264936124214193   0.0107136624303834   0
0.625152208131832   0.276158736072865   0.0798289916711691   0.0129670841686293   0
0.451234867656346   0.272243524600389   -0.173917340475486   -0.00391521147247659   0
0.576620541512016   0.327329035797312   0.12538567385567   0.0550855111969235   0
0.535774278585385   0.30058415418899   -0.0408462629266304   -0.0267448816083221   0
0.631212673264954   0.336389649104295   0.0954383946795692   0.0358054949153047   0
0.53586022384327   0.297771877077642   -0.0953524494216839   -0.0386177720266526   0
0.618832238272773   0.345429643443432   0.0829720144295025   0.0476577663657897   0
0.559682154420033   0.307616464713589   -0.0591500838527397   -0.0378131787298433   0
0.584023641355074   0.35579984784493   0.0243414869350406   0.048183383131341   0
0.662091506737732   0.344184807176748   0.0780678653826579   -0.0116150406681821   0
0.603687663512524   0.333786512771375   -0.0584038432252082   -0.010398294405373   0
0.685019875617314   0.346943853533356   0.0813322121047902   0.0131573407619818   0
0.640231544798474   0.32746766615384   -0.04478833081884   -0.0194761873795168   0
0.694925560979476   0.346292900390154   0.0546940161810027   0.0188252342363143   0
0.65649889305717   0.321012650509353   -0.0384266679223061   -0.0252802498808009   0
0.709862477712416   0.355750071966086   0.0533635846552454   0.0347374214567326   0
0.694647218000591   0.335566240869791   -0.015215259711825   -0.0201838310962946   0
0.765710521875108   0.343552040539301   0.0710633038745171   0.00798579966951041   0
0.679963342680508   0.301991967654009   -0.0857471791945998   -0.0415600728852923   0
0.757920312594596   0.336031215463493   0.0779569699140881   0.0340392478094841   0
0.731407551878985   0.345587702919219   -0.026512760715611   0.00955648745572618   0
0.74947837009747   0.380901710785027   0.0180708182184849   0.0353140078658073   0
0.82718939752952   0.434053864179787   0.0777110274320498   0.0531521533947607   0
0.771381127637622   0.415829806615748   -0.0558082698918974   -0.0182240575640397   0
0.85761816455917   0.454224157903441   0.0862370369215478   0.0383943512876933   0
0.803803854508555   0.479445665193463   -0.0538143100506152   0.0252215072900224   0
0.818165197541921   0.478308918037768   0.0143613430333658   -0.00113674715569539   0
0.520448679671685   0.584490972436585   -0.297716517870236   0.106182054398817   0
0.784511594742869   0.667023266191997   0.264062915071185   0.082532293755412   0
0.883721701132772   0.660912709787423   0.0992101063899025   -0.00611055640457425   0
0.953882525966379   0.680085087321471   0.0701608248336073   0.0191723775340479   0
0.986488864665993   0.660666600245002   0.032606338699614   -0.0194184870764683   0
0.998281643675771   0.660658997244375   0.0117927790097783   -7.6030006278538e-06   0
1.00138718934636   0.665458213921449   0.00310554567058741   0.00479921667707428   0
1.00446550075401   0.665881484659104   0.00307831140764891   0.000423270737655135   0
1.01322743338354   0.66157908088515   0.00876193262953429   -0.00430240377395397   0
1.02975858835409   0.648382458711996   0.016531154970544   -0.0131966221731544   0
1.00736198889873   0.617528970219285   -0.0223965994553585   -0.030853488492711   0
0.752385195517562   0.511213502143187   -0.254976793381165   -0.106315468076097   0
0.979120880193043   0.608067212760491   0.226735684675481   0.0968537106173041   0
0.995792141482348   0.626646476441877   0.0166712612893044   0.0185792636813856   0
1.10632090810804   0.636437892663669   0.110528766625693   0.00979141622179247   0
1.08403369448786   0.628422620433067   -0.0222872136201804   -0.0080152722306025   0
1.1019124212704   0.639981596009014   0.0178787267825418   0.0115589755759471   0
1.09149073124466   0.648234162935625   -0.0104216900257432   0.00825256692661069   0
1.07045519832499   0.634193838633333   -0.0210355329196659   -0.0140403243022914   0
1.11405052024807   0.639264762165087   0.0435953219230789   0.00507092353175354   0
1.04895605277342   0.624177915770354   -0.065094467474649   -0.0150868463947333   0
1.09462815360514   0.659126774423676   0.045672100831718   0.0349488586533228   0
1.06495008547913   0.698614059730586   -0.0296780681260138   0.0394872853069093   0
1.11711686571728   0.691061910176765   0.0521667802381531   -0.00755214955382011   0
1.12200331056107   0.722647475841847   0.00488644484378931   0.0315855656650813   0
1.16777382502992   0.702970225982667   0.0457705144688461   -0.0196772498591793   0
1.10773442822231   0.723259514008169   -0.0600393968076094   0.0202892880255013   0
1.19255136876866   0.751414094119215   0.0848169405463519   0.0281545801110459   0
1.15253678326594   0.739986972209324   -0.0400145855027183   -0.0114271219098909   0
1.20317097715163   0.783554322125148   0.0506341938856867   0.0435673499158241   0
1.1880185984508   0.756878145364028   -0.0151523787008281   -0.0266761767611203   0
1.24532497167005   0.790062104719939   0.0573063732192471   0.0331839593559116   0
1.20757369193478   0.791241024360215   -0.0377512797352637   0.00117891964027617   0
1.24736889662561   0.797497467490023   0.0397952046908312   0.00625644312980755   0
1.08967774443502   0.575776943042616   -0.15769115219059   -0.221720524447407   0
1.13378003207192   0.565898990413042   0.0441022876368948   -0.00987795262957447   0
1.10457240737083   0.577236001057843   -0.029207624701084   0.0113370106448013   0
1.21337326389904   0.631265748798594   0.108800856528202   0.0540297477407513   0
1.16002434466049   0.629219144152695   -0.0533489192385461   -0.00204660464589934   0
1.23776849768646   0.667506152927634   0.077744153025971   0.0382870087749393   0
1.20045899059068   0.64791094956676   -0.0373095070957787   -0.0195952033608747   0
1.26735799401748   0.679540937060086   0.0668990034267931   0.0316299874933268   0
1.23469760362487   0.646574653228844   -0.0326603903926044   -0.0329662838312423   0
1.27671217243355   0.700682033599585   0.0420145688086808   0.0541073803707411   0
1.25507403989326   0.658028498361773   -0.0216381325402872   -0.0426535352378121   0
1.28988440220045   0.687676738473463   0.0348103623071803   0.0296482401116902   0
1.22672964672906   0.65598314806956   -0.0631547554713872   -0.0316935904039034   0
1.2387152780942   0.704289921114345   0.0119856313651456   0.0483067730447849   0
1.27723335129686   0.695886443890273   0.0385180732026533   -0.00840347722407164   0
1.25366648712885   0.671221029112058   -0.0235668641680036   -0.0246654147782152   0
1.17492864129529   0.719414231157718   -0.0787378458335619   0.0481932020456596   0
1.27933207156586   0.745916006423813   0.104403430270571   0.0265017752660957   0
1.24547002312701   0.693657702688076   -0.0338620484388501   -0.0522583037357367   0
1.19531619697133   0.777414310159808   -0.0501538261556838   0.0837566074717312   0
1.1792322126405   0.831613427487496   -0.0160839843308325   0.0541991173276879   0
1.27592381278429   0.845297622912486   0.0966916001437941   0.0136841954249909   0
1.28386889504887   0.857718467598489   0.00794508226457746   0.0124208446860025   0
1.31639623595823   0.862688442780764   0.032527340909364   0.00496997518227515   0
1.32001518766338   0.857162285865401   0.00361895170515303   -0.00552615691536285   0
1.12945559415366   0.801880553375158   -0.190559593509723   -0.0552817324902429   0
0.863830544612194   0.657898165775677   -0.265625049541467   -0.143982387599481   0
1.04318222310103   0.736035697868317   0.179351678488832   0.07813753209264   0
1.07793710324954   0.73910297767784   0.0347548801485091   0.00306727980952348   0
1.15407010311419   0.784241356333782   0.0761329998646556   0.0451383786559416   0
1.18159269945273   0.762166902681591   0.027522596338543   -0.0220744536521907   0
1.24601583280992   0.808994718940118   0.0644231333571863   0.0468278162585265   0
1.25482710328874   0.783271761013539   0.00881127047881547   -0.025722957926579   0
1.30487159948556   0.795392841445188   0.0500444961968225   0.0121210804316494   0
1.30956872463266   0.818846717103543   0.00469712514709686   0.0234538756583551   0
1.28765871491052   0.808605037502859   -0.0219100097221403   -0.0102416796006845   0
1.31040910295106   0.832004931264533   0.0227503880405442   0.023399893761674   0
0.864116214968218   1.12135736048204   -0.446292887982841   0.289352429217508   1
1.0910939475421   1.11610799392498   0.226977732573881   -0.0052493665570581   0
1.19591490703645   1.02989927109815   0.104820959494351   -0.0862087228268333   0
1.1973413495211   0.982905318658033   0.00142644248464663   -0.0469939524401164   0
1.24235942450363   1.00239016427599   0.0450180749825375   0.0194848456179588   0
1.22587705679322   0.951091962220005   -0.0164823677104169   -0.0512982020559868   0
1.28381583369033   1.0341187839569   0.0579387768971142   0.083026821736896   0
1.31004428696438   1.01880187909929   0.0262284532740449   -0.0153169048576085   0
1.31467425231043   1.03831695756847   0.00462996534605864   0.0195150784691802   0
1.35589504913544   1.02664578278416   0.0412207968250065   -0.0116711747843132   0
1.32170919012694   1.04830876768918   -0.0341858590085056   0.0216629849050169   0
1.36391133303782   1.02270801413942   0.0422021429108832   -0.0256007535497549   0
1.40611933525786   1.01708461408294   0.0422080022200388   -0.00562340005647832   0
1.39108517398109   1.02606534639966   -0.0150341612767675   0.00898073231671437   0
1.46788753381245   1.08774543064313   0.0768023598313612   0.0616800842434684   0
1.38005700438533   1.07759181049285   -0.0878305294271253   -0.0101536201502801   0
1.42395494281666   1.08395909900559   0.0438979384313347   0.00636728851273904   0
1.26023761898223   0.998345596567767   -0.163717323834431   -0.0856135024378185   0
1.39604710191884   1.03457707182307   0.135809482936613   0.0362314752553045   0
1.37088001128837   1.03825001265892   -0.0251670906304733   0.00367294083585001   0
1.43759676146616   1.10858530545939   0.0667167501777937   0.0703352928004737   0
1.42643548471321   1.0883681873323   -0.0111612767529568   -0.0202171181270934   0
1.48618360127711   1.12860126197353   0.0597481165639036   0.0402330746412309   0
1.47902894212182   1.14033265685161   -0.00715465915528668   0.0117313948780768   0
1.46511494807745   1.16312143215896   -0.0139139940443693   0.0227887753073464   0
1.46259787033484   1.16045138642383   -0.00251707774261711   -0.00267004573512097   0
1.45662091588718   1.14064812101059   -0.00597695444765933   -0.0198032654132398   0
1.49659591923204   1.19242409949019   0.0399750033448645   0.0517759784795992   0
1.47034803964266   1.1674659379423   -0.0262478795893863   -0.0249581615478915   0
1.51689117344851   1.19550029755329   0.0465431338058553   0.0280343596109855   0
1.4458134949225   1.15184046640507   -0.0710776785260157   -0.0436598311482177   0
1.50614818793836   1.20808463247458   0.060334693015863   0.0562441660695132   0
1.42898446932008   1.14148907446589   -0.077163718618275   -0.0665955580086908   0
1.46974189262673   1.15837749728985   0.0407574233066457   0.0168884228239587   0
1.44907796121568   1.18884280701382   -0.0206639314110462   0.0304653097239689   0
1.48764119358298   1.17686819946649   0.0385632323672995   -0.0119746075473295   0
0.669371118400697   1.67263992498416   -0.818270075182285   0.495771725517665   1
0.88003875991288   1.52569480198179   0.210667641512183   -0.146945123002366   1
1.09608158420348   1.30217319949431   0.216042824290595   -0.223521602487478   0
1.16045502623971   1.27382343318697   0.0643734420362321   -0.0283497663073367   0
1.20332103649525   1.2680882090463   0.0428660102555416   -0.00573522414067518   0
1.25741717395024   1.24913980387005   0.0540961374549878   -0.0189484051762516   0
1.27329670781833   1.24095452424585   0.0158795338680944   -0.00818527962419502   0
1.30682227621815   1.25152488408701   0.0335255683998239   0.010570359841156   0
1.36238409313857   1.23452803436334   0.0555618169204137   -0.0169968497236732   0
1.3944358011203   1.22139101366475   0.0320517079817269   -0.0131370206985875   0
1.40086968710619   1.21816947176737   0.00643388598589656   -0.00322154189737489   0
1.36190469824874   1.16848890844682   -0.038964988857449   -0.0496805633205488   0
1.40020796782657   1.20786287634048   0.0383032695778223   0.0393739678936569   0
1.31863149194913   1.18852978789133   -0.0815764758774307   -0.0193330884491549   0
1.37821358052843   1.21158001632269   0.0595820885792973   0.0230502284313683   0
1.34049412820348   1.17831504426925   -0.0377194523249549   -0.0332649720534419   0
1.40308568861813   1.19083926144264   0.062591560414649   0.0125242171733866   0
1.35077301371511   1.17547103949704   -0.0523126749030161   -0.0153682219455997   0
1.36407492287227   1.17392363695909   0.0133019091571638   -0.00154740253795227   0
1.38518214811374   1.18662786027939   0.0211072252414681   0.0127042233203061   0
1.38237484607179   1.1935367077983   -0.00280730204195367   0.00690884751890497   0
1.39818985014661   1.20953848311422   0.0158150040748219   0.0160017753159227   0
1.410406907091   1.18840298318121   0.0122170569443898   -0.0211354999330102   0
1.45108316808273   1.23996382564573   0.0406762609917257   0.051560842464522   0
1.45315502822307   1.21272305484063   0.0020718601403471   -0.0272407708050979   0
1.48245033092546   1.2740777271302   0.0292953027023852   0.0613546722895628   0
1.42694166657821   1.26027276580836   -0.0555086643472478   -0.0138049613218385   0
1.50018222135079   1.30455754870694   0.0732405547725832   0.0442847828985773   0
1.43952400496449   1.24728556417626   -0.0606582163863052   -0.0572719845306726   0
1.49552510389127   1.25264284486371   0.0560010989267838   0.0053572806874469   0
1.45606908714422   1.22896472861612   -0.0394560167470526   -0.0236781162475879   0
1.50787760316413   1.26428154150539   0.05180851601991   0.0353168128892694   0
1.48433403035099   1.23828712867109   -0.0235435728131443   -0.025994412834299   0
1.4997193714042   1.24711548670422   0.0153853410532121   0.00882835803312587   0
1.53237977995306   1.2609234691829   0.0326604085488664   0.0138079824786854   0
1.47990626627128   1.23703142472514   -0.052473513681784   -0.0238920444577682   0
1.55697791523355   1.27081108647834   0.0770716489622665   0.0337796617532002   0
1.50124605979966   1.25483480014871   -0.0557318554338875   -0.0159762863296273   0
1.53241459107547   1.27962696410516   0.0311685312758114   0.0247921639564554   0
1.5083106043153   1.28182486053526   -0.0241039867601651   0.00219789643010015   0
1.54364209138939   1.26396106693966   0.0353314870740817   -0.0178637935956019   0
1.514686528964   1.24959455951571   -0.0289555624253901   -0.014366507423957   0
1.49119610859236   1.22825234021251   -0.0234904203716357   -0.0213422193031989   0
1.53659483608432   1.25595644755511   0.0453987274919598   0.0277041073426025   0
1.57558095808308   1.24675286660489   0.0389861219987606   -0.00920358095022356   0
1.5556661028463   1.21945501429635   -0.0199148552367796   -0.0272978523085403   0
1.60371512199705   1.22969983942444   0.0480490191507446   0.0102448251280973   0
1.56938319405746   1.21814904481358   -0.0343319279395848   -0.0115507946108577   0
1.61480672884652   1.28776457024343   0.045423534789059   0.0696155254298465   0
1.37520662031347   1.21866697716193   -0.239600108533049   -0.0690975930814999   0
1.5260299078737   1.33802556485573   0.150823287560224   0.1193585876938   0
1.55608823910632   1.2910800183301   0.0300583312326221   -0.0469455465256321   0
1.63448348623778   1.32588664716229   0.0783952471314597   0.0348066288321871   0
1.56330398940353   1.2857089144787   -0.0711794968342452   -0.0401777326835855   0
1.63846185089919   1.3124049666172   0.0751578614956578   0.0266960521385013   0
1.67374177690885   1.33740060220489   0.0352799260096615   0.0249956355876868   0
1.67450573369368   1.30745531728163   0.000763956784825437   -0.0299452849232624   0
1.54615236448094   1.22703090405142   -0.128353369212737   -0.0804244132302048   0
1.39549635181214   1.09277318223522   -0.150656012668797   -0.134257721816197   0
1.41173280003158   1.08250394195275   0.0162364482194353   -0.0102692402824716   0
1.43601253194567   1.07908938967863   0.0242797319140871   -0.00341455227412268   0
1.40450763026799   1.07792392078592   -0.0315049016776767   -0.0011654688927063   0
1.46329800837697   1.07707461377265   0.0587903781089794   -0.000849307013275791   0
1.43706718964703   1.0684409925692   -0.0262308187299425   -0.0086336212034519   0
1.4935817239619   1.08232312797103   0.0565145343148741   0.0138821354018359   0
1.47342915749655   1.07314089256129   -0.0201525664653468   -0.00918223540973884   0
1.54717542056517   1.08147603614146   0.0737462630686141   0.00833514358016885   0
1.47630734667616   1.04473192718623   -0.0708680738890077   -0.0367441089552347   0
1.54413033916344   1.05375248103338   0.0678229924872809   0.00902055384715017   0
1.48149102858775   1.0606574938339   -0.0626393105756859   0.00690501280051747   0
1.54297781610754   1.07005922664542   0.0614867875197884   0.00940173281152723   0
1.49854799887758   1.06238329145064   -0.0444298172299624   -0.0076759351947806   0
1.50745132780896   1.06504302180487   0.00890332893138135   0.0026597303542284   0
1.4910011239808   1.06144234300032   -0.0164502038281642   -0.00360067880455484   0
1.52596008773821   1.09168343587736   0.034958963757411   0.0302410928770451   0
1.4664710294445   1.04444234056038   -0.0594890582937118   -0.0472410953169784   0
1.53439983896408   1.07359535844633   0.0679288095195856   0.029153017885946   0
1.44645893752986   1.04053296898705   -0.0879409014342258   -0.033062389459281   0
1.463991261241   1.08399259859212   0.0175323237111393   0.0434596296050738   0
1.4699375443865   1.05819121849999   0.00594628314550016   -0.0258013800921284   0
1.43907247177653   1.09000229017615   -0.0308650726099695   0.0318110716761562   0
1.50171778113899   1.05900014440049   0.0626453093624602   -0.0310021457756633   0
1.44967210758157   1.06783632545079   -0.0520456735574133   0.00883618105030637   0
1.51511706798287   1.07931767928921   0.0654449604012943   0.0114813538384197   0
1.46002205383241   1.03380318850108   -0.05509501415046   -0.0455144907881317   0
1.35965338400822   1.0031003394418   -0.100368669824188   -0.0307028490592822   0
1.14666151083046   0.954250139699492   -0.212991873177756   -0.0488501997423061   0
1.32117193041519   1.07505284457614   0.174510419584727   0.120802704876648   0
