0.154830080570088   0.0302073480936758   0   0   0
0.188075900395585   0.0310524371277638   0.0332458198254968   0.00084508903408801   0
0.115162815226487   0.085676927456638   -0.0729130851690979   0.0546244903288741   0
0.177027246580406   0.0439759463396184   0.0618644313539193   -0.0417009811170195   0
0.18709866578744   0.0416843332033751   0.0100714192070332   -0.00229161313624333   0
0.167986681182646   0.0338735330112981   -0.0191119846047934   -0.00781080019207703   0
0.122363674459294   0.0695611188171596   -0.0456230067233525   0.0356875858058616   0
0.115299550721501   0.0858464913193894   -0.0070641237377926   0.0162853725022298   0
0.149319903106652   0.0306432231156417   0.0340203523851511   -0.0552032682037477   0
0.148045709406014   0.0255466742977437   -0.001274193700638   -0.00509654881789801   0
0.065948861209425   0.0824944452952591   -0.0820968481965892   0.0569477709975154   0
0.0983994265504632   0.0676796933478019   0.0324505653410382   -0.0148147519474572   0
0.134015238365232   0.0361273241935394   0.035615811814769   -0.0315523691542625   0
0.0599953027249101   0.0844087260330501   -0.0740199356403221   0.0482814018395106   0
0.142045344271539   0.0445457972148047   0.0820500415466288   -0.0398629288182454   0
0.160391263007372   0.0455115178357358   0.0183459187358332   0.00096572062093115   0
0.142155390708513   0.0187260155982259   -0.018235872298859   -0.0267855022375099   0
0.230445248538216   0.0740470368933997   0.0882898578297026   0.0553210212951738   0
0.113186697884071   0.0667158175486331   -0.117258550654145   -0.00733121934476663   0
0.120357179723355   0.0611250917724055   0.00717048183928395   -0.00559072577622755   0
0.0892848650317062   0.038022747732443   -0.0310723146916489   -0.0231023440399625   0
0.0783760950664806   0.0568156789568029   -0.0109087699652256   0.0187929312243599   0
0.0923596891191173   0.0475011339594383   0.0139835940526367   -0.00931454499736466   0
0.134132751191571   0.0334724660207326   0.0417730620724541   -0.0140286679387056   0
0.128323459621848   0.037702388947506   -0.00580929156972362   0.00422992292677341   0
0.117195930454389   0.0267377155940612   -0.0111275291674587   -0.0109646733534448   0
0.116363951842012   0.0389377654520971   -0.000831978612377465   0.0122000498580359   0
0.142898762355627   0.0125597317246916   0.0265348105136155   -0.0263780337274055   0
0.139567332617522   0.0220844463723488   -0.00333142973810521   0.00952471464765719   0
0.101650761229712   0.0415710269630755   -0.0379165713878095   0.0194865805907267   0
0.0511488887298639   0.0912998024650176   -0.0505018724998485   0.0497287755019421   0
0.147633807535537   0.0353525723045474   0.0964849188056731   -0.0559472301604702   0
0.126878286659066   0.0285933270873249   -0.0207555208764716   -0.00675924521722244   0
0.0988440494343995   0.0330365788535224   -0.0280342372246661   0.00444325176619741   0
0.071015671236225   0.0551106495605577   -0.0278283781981744   0.0220740707070353   0
0.122892495101491   0.0323552699965651   0.051876823865266   -0.0227553795639926   0
0.126056093707603   0.0292857939631146   0.00316359860611201   -0.00306947603345048   0
0.30379776813902   0.0320098456987846   0.177741674431417   0.00272405173567002   0
0.192263463816712   0.0767236038049732   -0.111534304322309   0.0447137581061886   0
0.251384122699505   0.0753206190461483   0.0591206588827937   -0.0014029847588249   0
0.150789122236221   0.103924036305563   -0.100595000463284   0.0286034172594148   0
0.123157968146117   0.0860263359530092   -0.0276311540901039   -0.0178977003525539   0
0.11075136736982   0.106340855582697   -0.0124066007762968   0.0203145196296877   0
0.107180323991766   0.120003730504524   -0.00357104337805397   0.0136628749218274   0
0.123006686628063   0.116333181242606   0.0158263626362971   -0.0036705492619184   0
0.103259474233895   0.100201623122907   -0.0197472123941686   -0.0161315581196994   0
0.0952943457920773   0.11551371711022   -0.00796512844181756   0.0153120939873137   0
0.0644879228983226   0.0951528403810023   -0.0308064228937547   -0.020360876729218   0
0.0804003889854396   0.114336558797241   0.015912466087117   0.0191837184162389   0
0.0917862059808881   0.0987078935246949   0.0113858169954485   -0.0156286652725464   0
0.0941288669517827   0.110958572526394   0.00234266097089454   0.012250679001699   0
0.0833764816961594   0.0732840321279131   -0.0107523852556233   -0.0376745403984807   0
0.100831070586948   0.11744344321384   0.0174545888907882   0.0441594110859271   0
0.0834310055070182   0.116038884489651   -0.0174000650799294   -0.00140455872418947   0
0.0798245819035346   0.0909245587269605   -0.00360642360348361   -0.0251143257626902   0
0.0638246637853769   0.0935283708368749   -0.0159999181181577   0.00260381210991439   0
0.134781446507634   0.0959703513409871   0.070956782722257   0.00244198050411215   0
0.0927752035486315   0.0808527327426383   -0.0420062429590024   -0.0151176185983488   0
0.122023678903728   0.0821678180612854   0.0292484753550961   0.00131508531864706   0
0.0983944537794184   0.0843167839416477   -0.0236292251243092   0.0021489658803623   0
0.103600816946936   0.112306486174575   0.00520636316751744   0.0279897022329273   0
0.0961740885654239   0.0958872061708443   -0.00742672838151191   -0.0164192800037307   0
0.115896594402769   0.0874424463762451   0.0197225058373453   -0.00844475979459919   0
0.117456427362363   0.0982563554166472   0.00155983295959351   0.0108139090404021   0
0.0915442372054626   0.107621141577526   -0.0259121901569002   0.00936478616087928   0
0.100451414992087   0.112399275429382   0.00890717778662453   0.00477813385185517   0
0.117628397734901   0.102983712613889   0.0171769827428137   -0.00941556281549305   0
0.109219173039948   0.120526914459178   -0.00840922469495277   0.0175432018452893   0
0.102755718708887   0.10036689069758   -0.00646345433106056   -0.0201600237615978   0
0.14232423331825   0.0970078982353112   0.0395685146093624   -0.00335899246226891   0
0.125323903935834   0.115572942755658   -0.017000329382416   0.0185650445203463   0
0.119426479448739   0.0932566598515623   -0.00589742448709515   -0.0223162829040952   0
0.171204236906246   0.133009290825867   0.0517777574575073   0.0397526309743044   0
0.129466798691797   0.140502333533113   -0.0417374382144486   0.0074930427072458   0
0.11523895554753   0.124049354043058   -0.0142278431442674   -0.0164529794900543   0
0.141036780529938   0.141301103890858   0.0257978249824083   0.0172517498477997   0
0.17485942904073   0.138771740129769   0.0338226485107914   -0.00252936376108856   0
0.118642235513159   0.131493994925951   -0.0562171935275703   -0.00727774520381805   0
0.198832729504601   0.115286243172386   0.080190493991442   -0.0162077517535653   0
0.156095333231811   0.124051246848198   -0.0427373962727909   0.00876500367581189   0
0.228754728105213   0.134150024598777   0.0726593948734026   0.0100987777505793   0
0.158401734250165   0.141979002335627   -0.0703529938550478   0.00782897773684998   0
0.129169847894971   0.130871288900746   -0.0292318863551941   -0.0111077134348812   0
0.151737373451039   0.122397189547187   0.0225675255560675   -0.00847409935355903   0
0.180355247798588   0.129466504517037   0.028617874347549   0.00706931496985025   0
0.145478117247715   0.127549028695998   -0.0348771305508725   -0.00191747582103921   0
0.127129143032666   0.144274541470784   -0.0183489742150495   0.0167255127747862   0
0.113523822545402   0.131248127762199   -0.0136053204872635   -0.0130264137085851   0
0.121168538915265   0.140113560208506   0.00764471636986228   0.00886543244630655   0
0.138937508306936   0.129066554702216   0.0177689693916717   -0.01104700550629   0
0.136751422191106   0.132738707354147   -0.00218608611583071   0.00367215265193188   0
0.165839554431384   0.139596503815649   0.0290881322402785   0.00685779646150153   0
0.160919135061682   0.145660391641414   -0.00492041936970158   0.00606388782576467   0
0.147691592493141   0.12564908566656   -0.0132275425685416   -0.0200113059748538   0
0.181736263876008   0.142974071703963   0.0340446713828671   0.0173249860374033   0
0.180143695654469   0.146627281666893   -0.00159256822153883   0.00365320996293023   0
0.172404952753684   0.115444472989539   -0.00773874290078516   -0.031182808677354   0
0.181490052427398   0.127545768041251   0.00908509967371382   0.0121012950517111   0
0.183592056541807   0.162791785455356   0.00210200411440903   0.035246017414105   0
0.163745115364703   0.14564921643477   -0.0198469411771035   -0.0171425690205854   0
0.175754861583428   0.150543530226451   0.0120097462187248   0.0048943137916814   0
0.179329930183893   0.150292490196267   0.003575068600465   -0.000251040030184502   0
0.17225359589817   0.148251922123138   -0.00707633428572327   -0.00204056807312891   0
0.192134584760266   0.160372352381107   0.0198809888620965   0.0121204302579691   0
0.176563389707748   0.150166978909113   -0.0155711950525187   -0.0102053734719942   0
0.186322383657493   0.128838115113075   0.00975899394974522   -0.0213288637960379   0
0.164529324916776   0.134028401191436   -0.0217930587407171   0.00519028607836075   0
0.182416474419418   0.166021628587934   0.0178871495026416   0.0319932273964984   0
0.192667060041435   0.171838547731068   0.0102505856220177   0.00581691914313362   0
0.162440223238088   0.170586444770247   -0.0302268368033468   -0.00125210296082104   0
0.152533782025917   0.150515515644255   -0.0099064412121713   -0.0200709291259915   0
0.158779159433   0.161176013060381   0.00624537740708275   0.0106604974161252   0
0.163785222154992   0.14663220304623   0.00500606272199183   -0.0145438100141503   0
0.186736225533344   0.146313355540707   0.0229510033783525   -0.000318847505522885   0
0.179509972125478   0.150082878212839   -0.00722625340786592   0.00376952267213204   0
0.19010381105638   0.157781556390077   0.0105938389309022   0.00769867817723741   0
0.163716573481765   0.142032726943441   -0.0263872375746159   -0.0157488294466361   0
0.169506041090251   0.14131459314318   0.00578946760848689   -0.000718133800260784   0
0.182013431771834   0.151243063251228   0.0125073906815824   0.00992847010804815   0
0.162111309976355   0.162790679965147   -0.0199021217954783   0.0115476167139192   0
0.17341977197073   0.164252632321373   0.0113084619943746   0.00146195235622526   0
0.166405404850804   0.166469398139622   -0.00701436711992595   0.00221676581824981   0
0.164615137012882   0.165153126324431   -0.0017902678379218   -0.00131627181519156   0
0.153201085164434   0.157579854912549   -0.0114140518484488   -0.00757327141188177   0
0.173913546211588   0.177679347329142   0.020712461047154   0.0200994924165933   0
0.16268406560942   0.152997218628877   -0.0112294806021678   -0.024682128700265   0
0.192152771820783   0.188642249322911   0.0294687062113635   0.0356450306940334   0
0.203538780926486   0.154109691234044   0.0113860091057026   -0.0345325580888664   0
0.191902232983986   0.185060256699649   -0.0116365479425   0.0309505654656047   0
0.174221991751931   0.187029211201112   -0.0176802412320546   0.00196895450146253   0
0.185626886753617   0.185955775752596   0.0114048950016853   -0.00107343544851601   0
0.184612659861045   0.176152548619371   -0.00101422689257136   -0.00980322713322421   0
0.201834702335889   0.186524148355548   0.0172220424748437   0.0103715997361767   0
0.206832411089017   0.18410100385465   0.00499770875312799   -0.00242314450089762   0
0.198606811787411   0.17914265652337   -0.00822559930160616   -0.00495834733128075   0
0.169239752103222   0.166637938225131   -0.0293670596841889   -0.0125047182982389   0
0.188119384590637   0.201794177180122   0.0188796324874151   0.0351562389549913   0
0.199632593928672   0.180072468543258   0.0115132093380349   -0.0217217086368645   0
0.202073759861492   0.175180635760898   0.00244116593282026   -0.00489183278235936   0
0.190989064420689   0.171277839754337   -0.0110846954408034   -0.00390279600656077   0
0.218219839161177   0.213365034933093   0.0272307747404884   0.0420871951787555   0
0.19543161935562   0.203236726837302   -0.022788219805557   -0.0101283080957913   0
0.191976647827932   0.190912684640734   -0.0034549715276877   -0.0123240421965674   0
0.235493934544443   0.172148111473355   0.0435172867165105   -0.0187645731673799   0
0.228995999149243   0.176803113805874   -0.00649793539520019   0.0046550023325197   0
0.201367775404631   0.187784177719696   -0.0276282237446116   0.0109810639138222   0
0.22140227136694   0.196461630679632   0.0200344959623085   0.0086774529599353   0
0.249444997009566   0.196769927265709   0.0280427256426266   0.000308296586077533   0
0.254162647614161   0.185895071466143   0.00471765060459439   -0.010874855799566   0
0.195287867400512   0.181396920160254   -0.0588747802136485   -0.00449815130588913   0
0.212955076784847   0.1841188298771   0.0176672093843347   0.00272190971684597   0
0.223340993444464   0.201892874715453   0.0103859166596169   0.0177740448383532   0
0.198703312123477   0.185218578216851   -0.0246376813209865   -0.0166742964986023   0
0.219588348803756   0.173541315245076   0.0208850366802787   -0.0116772629717748   0
0.205629307763777   0.180241014208982   -0.0139590410399792   0.00669969896390599   0
0.202172482207174   0.192257913558505   -0.00345682555660293   0.0120168993495232   0
0.301413586351312   0.117488772447434   0.0992411041441386   -0.074769141111071   0
0.412388577413342   0.112824427911246   0.11097499106203   -0.00466434453618808   0
0.336092755752039   0.142584185175846   -0.0762958216613027   0.0297597572646   0
0.351564199135805   0.122051084662827   0.0154714433837657   -0.0205331005130195   0
0.422162638698642   0.148075409150887   0.0705984395628367   0.0260243244880599   0
0.317632279261428   0.177439871612301   -0.104530359437214   0.0293644624614147   0
0.254061730068029   0.158709490459148   -0.0635705491933994   -0.0187303811531531   0
0.290938855824106   0.123196879181617   0.0368771257560771   -0.0355126112775311   0
0.327558990155682   0.120419143623688   0.0366201343315756   -0.00277773555792886   0
0.312005834028805   0.171313768009489   -0.015553156126877   0.0508946243858008   0
0.304493887476005   0.197350581998945   -0.00751194655279963   0.0260368139894563   0
0.321087029819035   0.166016824479456   0.0165931423430302   -0.0313337575194895   0
0.300760745124176   0.167466887504403   -0.0203262846948592   0.00145006302494741   0
0.258789037978737   0.165176978932613   -0.0419717071454394   -0.00228990857179001   0
0.261820486590412   0.162776615439846   0.00303144861167509   -0.00240036349276715   0
0.269623928998911   0.1531602723945   0.00780344240849962   -0.00961634304534598   0
0.23417205559161   0.150983234420846   -0.0354518734073015   -0.00217703797365473   0
0.264225137682261   0.174718444584308   0.0300530820906515   0.0237352101634627   0
0.270657530858663   0.146501955964606   0.0064323931764016   -0.0282164886197027   0
0.354651773366495   0.157583178046501   0.0839942425078324   0.0110812220818954   0
0.309568053584749   0.171790778876405   -0.0450837197817464   0.0142076008299045   0
0.305619600727129   0.145339655875091   -0.00394845285761958   -0.026451123001314   0
0.37471655745698   0.157167204746855   0.0690969567298503   0.0118275488717641   0
0.400159791284682   0.0951048298663769   0.025443233827702   -0.0620623748804786   0
0.396202181775921   0.141768265220473   -0.00395760950876067   0.0466634353540965   0
0.36388946447927   0.133132271095577   -0.032312717296651   -0.00863599412489685   0
0.321382090780196   0.162954104063141   -0.0425073736990743   0.0298218329675642   0
0.392240048768213   0.16158680079936   0.0708579579880171   -0.00136730326378059   0
0.628193131773979   0.0901215119623223   0.235953083005766   -0.0714652888370379   0
0.567783545895793   0.182036352061896   -0.0604095858781862   0.0919148400995736   0
0.448895030498233   0.230726912969099   -0.118888515397559   0.0486905609072027   0
0.350628603288736   0.218220209183041   -0.0982664272094972   -0.012506703786058   0
0.351267459404597   0.218998361112869   0.000638856115860509   0.000778151929828219   0
0.332516787433191   0.224067811378074   -0.0187506719714056   0.00506945026520481   0
0.297899284676885   0.153649950399569   -0.0346175027563057   -0.0704178609785047   0
0.40886845489228   0.168317245365708   0.110969170215394   0.0146672949661392   0
0.387804057299559   0.189766114924398   -0.0210643975927201   0.0214488695586903   0
0.363229224871843   0.207189631829153   -0.0245748324277163   0.0174235169047546   0
0.354210347105445   0.161246365841993   -0.00901887776639793   -0.0459432659871596   0
0.324579629831279   0.145966413353466   -0.0296307172741664   -0.0152799524885271   0
0.308116899791297   0.137646420350803   -0.0164627300399821   -0.00831999300266317   0
0.298036121687036   0.130319757450098   -0.0100807781042603   -0.00732666290070472   0
0.351949787586369   0.118491714916877   0.0539136658993322   -0.0118280425332213   0
0.316575874535963   0.137785069867747   -0.0353739130504053   0.0192933549508701   0
0.327683060302177   0.126595385747556   0.0111071857662134   -0.0111896841201913   0
0.298487727970933   0.124346129941034   -0.0291953323312433   -0.00224925580652205   0
0.329375631906794   0.153194160304824   0.0308879039358608   0.0288480303637897   0
0.319091606574037   0.126824298185521   -0.0102840253327572   -0.0263698621193024   0
0.294943973549215   0.129260372789276   -0.0241476330248221   0.00243607460375439   0
0.274518230877295   0.116082421902037   -0.0204257426719197   -0.0131779508872387   0
0.33348250937409   0.156997773183483   0.0589642784967947   0.0409153512814465   0
0.326123069918152   0.160710313983546   -0.00735943945593776   0.00371254080006284   0
0.307859131644393   0.125177934265549   -0.0182639382737587   -0.0355323797179976   0
0.284441971789045   0.140979126392739   -0.0234171598553483   0.0158011921271909   0
0.309136043958336   0.134581452260183   0.0246940721692904   -0.00639767413255612   0
0.359861221308104   0.165893625262275   0.0507251773497681   0.0313121730020913   0
0.33852139740814   0.18113992923773   -0.0213398238999635   0.0152463039754558   0
0.377473018630471   0.179263213572947   0.0389516212223309   -0.00187671566478348   0
0.388510347570049   0.131525796182726   0.0110373289395775   -0.0477374173902209   0
0.341233691112762   0.122563270170033   -0.0472766564572865   -0.0089625260126931   0
0.313027173263926   0.136972890006937   -0.0282065178488359   0.0144096198369042   0
0.321487706393635   0.126760869597335   0.00846053312970863   -0.0102120204096024   0
0.368214123277055   0.146337509329427   0.0467264168834197   0.0195766397320918   0
0.36845892585964   0.163192349721433   0.000244802582585801   0.0168548403920065   0
0.365114109971403   0.172087112748921   -0.00334481588823704   0.00889476302748843   0
0.395360813777289   0.149312632779188   0.0302467038058854   -0.0227744799697339   0
0.398228908582689   0.160317247143601   0.00286809480540068   0.0110046143644136   0
0.390190080965983   0.160482375777685   -0.00803882761670688   0.000165128634083522   0
0.440195381426805   0.203900406456191   0.0500053004608221   0.0434180306785066   0
0.404621793839494   0.192154640638081   -0.0355735875873107   -0.0117457658181104   0
0.387642750038086   0.147289126435898   -0.016979043801408   -0.0448655142021827   0
0.39076452739302   0.158447225160304   0.00312177735493363   0.0111580987244056   0
0.372066872453447   0.144115477285578   -0.0186976549395722   -0.0143317478747256   0
0.365068386589636   0.140575214399623   -0.00699848586381141   -0.00354026288595508   0
0.360377676925195   0.13768869100075   -0.00469070966444141   -0.00288652339887313   0
0.403710171448045   0.162802220177582   0.0433324945228504   0.0251135291768324   0
0.368138935391029   0.163399550374993   -0.0355712360570165   0.000597330197411011   0
0.394479883687065   0.172072179381938   0.0263409482960359   0.00867262900694507   0
0.410859550731743   0.147046125583947   0.0163796670446787   -0.0250260537979912   0
0.337075617407451   0.139757876663536   -0.0737839333242922   -0.00728824892041177   0
0.384295784757991   0.127117084198978   0.0472201673505396   -0.0126407924645578   0
0.33969989815418   0.136826180260404   -0.0445958866038112   0.009709096061426   0
0.375803595754817   0.141136665168021   0.0361036976006375   0.00431048490761698   0
0.355390812758408   0.147580643454689   -0.0204127829964094   0.00644397828666812   0
0.35655515575832   0.143829591072213   0.00116434299991253   -0.00375105238247592   0
0.366054429384825   0.142934742028487   0.00949927362650493   -0.000894849043726387   0
0.35881638391396   0.151023134755904   -0.00723804547086565   0.00808839272741763   0
0.336364784970187   0.128350817857737   -0.0224515989437728   -0.0226723168981671   0
0.387522613196495   0.147596594760008   0.0511578282263079   0.0192457769022708   0
0.3990986552491   0.154870539018885   0.0115760420526053   0.00727394425887715   0
0.371311909709357   0.145706572508758   -0.0277867455397426   -0.00916396651012691   0
0.383327646996   0.155226288806858   0.0120157372866426   0.00951971629809956   0
0.384501244286673   0.138212774943346   0.00117359729067323   -0.0170135138635118   0
0.338507279210891   0.116806728122238   -0.0459939650757824   -0.0214060468211076   0
0.356045408799903   0.118201893521096   0.017538129589012   0.00139516539885759   0
0.369657797910784   0.106449569851174   0.0136123891108811   -0.0117523236699218   0
0.347322995483343   0.111912907590289   -0.0223348024274407   0.00546333773911459   0
0.331564107534817   0.111237179218877   -0.0157588879485258   -0.000675728371411999   0
0.364833388900207   0.141306739327261   0.03326928136539   0.0300695601083843   0
0.36927424957362   0.129924293778617   0.00444086067341226   -0.0113824455486435   0
0.353049677062591   0.131429299820864   -0.0162245725110284   0.00150500604224629   0
0.374178492979875   0.13844766679688   0.0211288159172833   0.00701836697601657   0
0.391917879526936   0.127440050672856   0.0177393865470615   -0.0110076161240248   0
0.364381674619142   0.115714694951084   -0.0275362049077945   -0.0117253557217713   0
0.340616599212781   0.102112614784034   -0.0237650754063609   -0.0136020801670504   0
0.358124459059975   0.101605746015432   0.0175078598471947   -0.000506868768601787   0
0.381236417951184   0.090167506467477   0.0231119588912087   -0.0114382395479551   0
0.335313338104541   0.104579638362936   -0.0459230798466435   0.0144121318954592   0
0.332402428169244   0.101249826716506   -0.00291090993529636   -0.00332981164643009   0
0.360771744755545   0.132228362466691   0.0283693165863005   0.0309785357501845   0
0.385047224319628   0.137646930393934   0.0242754795640833   0.00541856792724343   0
0.371239257625376   0.141762105139208   -0.0138079666942524   0.00411517474527451   0
0.378205229830644   0.156256699306854   0.00696597220526807   0.0144945941676452   0
0.389636289513811   0.136016768550508   0.0114310596831669   -0.0202399307563456   0
0.406706705267137   0.13828378455242   0.0170704157533266   0.00226701600191148   0
0.400603930211237   0.139972030244876   -0.00610277505589973   0.00168824569245646   0
0.386566941137871   0.12907210018386   -0.0140369890733667   -0.0108999300610156   0
0.399887102341161   0.139139372090981   0.01332016120329   0.0100672719071207   0
0.426971007420457   0.142761235724627   0.0270839050792963   0.00362186363364581   0
0.363225882498607   0.115723975838512   -0.0637451249218504   -0.027037259886115   0
0.364764097918312   0.113861856566411   0.0015382154197055   -0.00186211927210073   0
0.367211957128904   0.108719925671068   0.00244785921059182   -0.00514193089534346   0
0.350782928239446   0.108425483309691   -0.0164290288894585   -0.000294442361377129   0
0.41554700954886   0.133452004008932   0.0647640813094141   0.0250265206992413   0
0.375746965192482   0.125457589829004   -0.039800044356378   -0.00799441417992838   0
0.42076432356962   0.143608355854595   0.0450173583771385   0.0181507660255915   0
0.441192486534948   0.129448586364906   0.0204281629653275   -0.0141597694896892   0
0.441857339553628   0.1442896750968   0.000664853018680189   0.0148410887318938   0
0.362782235597307   0.114630384207689   -0.0790751039563207   -0.0296592908891102   0
0.380502191542756   0.119518788524284   0.0177199559454486   0.00488840431659444   0
0.397057034168594   0.127031092077107   0.0165548426258382   0.00751230355282334   0
0.369202480504411   0.12409602178947   -0.0278545536641829   -0.00293507028763772   0
0.384099215202804   0.121158323326712   0.0148967346983931   -0.00293769846275789   0
0.403018586644103   0.110591640442938   0.0189193714412985   -0.010566682883774   0
