0.0569974626397527   0.0636586508475085   0   0   0
0.0427625588840764   0.0583054587986622   -0.0142349037556763   -0.00535319204884631   0
0.0663664485745621   0.0412564650879665   0.0236038896904858   -0.0170489937106957   0
0.0765725565375906   0.036840900800469   0.0102061079630284   -0.00441556428749749   0
0.0607784037435173   0.0450630367343625   -0.0157941527940732   0.00822213593389343   0
0.0664328926045675   0.0705040137124299   0.0056544888610502   0.0254409769780674   0
0.0995363767271544   0.045967947667577   0.0331034841225869   -0.0245360660448529   0
0.0645676099531615   0.0322059787654253   -0.0349687667739929   -0.0137619689021517   0
0.0948525262685713   0.0461840943472155   0.0302849163154097   0.0139781155817902   0
0.0947310701998557   0.0577956873785795   -0.000121456068715511   0.0116115930313641   0
0.0662205211980395   0.026671727894732   -0.0285105490018162   -0.0311239594838476   0
0.0495231166818173   0.074146366655464   -0.0166974045162222   0.0474746387607321   0
0.079661041510515   0.0425781878492087   0.0301379248286978   -0.0315681788062554   0
0.0676457083266189   0.0373281042489771   -0.0120153331838961   -0.00525008360023159   0
0.0547804642778792   0.0355402990327178   -0.0128652440487397   -0.00178780521625929   0
0.089239051880777   0.0515697027229652   0.0344585876028977   0.0160294036902474   0
0.0555075733941775   0.0445446518720545   -0.0337314784865995   -0.0070250508509107   0
0.0546871554552804   0.0411705742292053   -0.000820417938897117   -0.00337407764284921   0
0.0614735796830638   0.0397424544301585   0.00678642422778348   -0.00142811979904675   0
0.0716867647004662   0.043122692708712   0.0102131850174023   0.00338023827855346   0
0.0458074623922784   0.0304939451252741   -0.0258793023081878   -0.0126287475834379   0
0.080956361470239   0.0351322396236349   0.0351488990779606   0.00463829449836082   0
0.0620456659536345   0.0451770496818783   -0.0189106955166045   0.0100448100582434   0
0.0484730956273684   0.0492034167500083   -0.0135725703262661   0.00402636706813003   0
0.0478201241698513   0.0583829833843304   -0.000652971457517047   0.00917956663432208   0
0.0405001104213309   0.0586117716452293   -0.00732001374852038   0.000228788260898845   0
0.0515460077284905   0.0597026465488968   0.0110458973071595   0.00109087490366757   0
0.0421025510015723   0.0523998844555262   -0.00944345672691813   -0.00730276209337059   0
0.0542333508506528   0.0562354500866002   0.0121307998490804   0.00383556563107395   0
0.0780986483584063   0.0503787881296037   0.0238652975077535   -0.00585666195699647   0
0.144570080527784   0.0660841582774648   0.0664714321693779   0.0157053701478611   0
0.118525970744812   0.0536532911126822   -0.0260441097829723   -0.0124308671647826   0
0.1102840869039   0.0623532384728462   -0.00824188384091218   0.00869994736016399   0
0.114729610593473   0.0562631902465093   0.00444552368957352   -0.00609004822633689   0
0.115509634889735   0.062499610510703   0.000780024296262283   0.00623642026419371   0
0.0841076504078553   0.0648957465621701   -0.0314019844818802   0.00239613605146704   0
0.0890630677960848   0.0448390275928337   0.00495541738822955   -0.0200567189693364   0
0.0897610234275434   0.0469398295462926   0.000697955631458594   0.00210080195345888   0
0.0733107365799854   0.0499106661829163   -0.0164502868475581   0.0029708366366237   0
0.0677996151025948   0.0578742892763488   -0.00551112147739057   0.00796362309343252   0
0.0815229494099668   0.0460612977927511   0.013723334307372   -0.0118129914835976   0
0.0759309627938432   0.0500919737903689   -0.00559198661612358   0.00403067599761772   0
0.0562053910152754   0.0533254501974667   -0.0197255717785678   0.00323347640709783   0
0.0578241969737583   0.0692351994963308   0.00161880595848292   0.0159097492988641   0
0.0550644196715992   0.0663124023789102   -0.00275977730215912   -0.00292279711742056   0
0.0514426539463119   0.068848267025122   -0.00362176572528728   0.00253586464621176   0
0.0513056571701406   0.0650100904365653   -0.000136996776171315   -0.00383817658855669   0
0.042750515102609   0.061674780924317   -0.0085551420675316   -0.00333530951224826   0
0.0616671875739246   0.0824346827426007   0.0189166724713156   0.0207599018182836   0
0.0600873543079573   0.0718824353780402   -0.00157983326596725   -0.0105522473645605   0
0.0508005367977544   0.0480559619309093   -0.00928681751020294   -0.0238264734471309   0
0.0725358500266592   0.0805450154179791   0.0217353132289048   0.0324890534870699   0
0.0495718799492212   0.0705126255231111   -0.022963970077438   -0.0100323898948681   0
0.0668899980882045   0.0723464375327666   0.0173181181389833   0.0018338120096555   0
0.0693363253179025   0.0776378321537413   0.00244632722969798   0.00529139462097467   0
0.0702530054255332   0.0728209772433912   0.000916680107630755   -0.00481685491035005   0
0.0583918868886766   0.0774482181462234   -0.0118611185368566   0.00462724090283216   0
0.0672008477540276   0.0828816230063848   0.00880896086535105   0.00543340486016147   0
0.0378373188764756   0.08512192065702   -0.029363528877552   0.00224029765063512   0
0.0659387016819409   0.0715670632631031   0.0281013828054653   -0.0135548573939169   0
0.0920447313411257   0.0685229575943348   0.0261060296591847   -0.00304410566876832   0
0.0752605738568342   0.057745502115338   -0.0167841574842914   -0.0107774554789968   0
0.0484528313196453   0.0822970233678746   -0.0268077425371889   0.0245515212525366   0
0.0828170291030776   0.0882789792022993   0.0343641977834323   0.00598195583442475   0
0.0723483553359024   0.0691520457916105   -0.0104686737671752   -0.0191269334106888   0
0.0582444355286408   0.0822438332022681   -0.0141039198072616   0.0130917874106576   0
0.0632929633514659   0.0872688400309784   0.00504852782282501   0.00502500682871029   0
0.0807080855120749   0.0847979443805391   0.0174151221606091   -0.00247089565043933   0
0.0682380368574595   0.0656709891918798   -0.0124700486546154   -0.0191269551886592   0
0.0744669548115135   0.0796470623414323   0.00622891795405404   0.0139760731495524   0
0.0622703147084548   0.0815299417099786   -0.0121966401030588   0.00188287936854627   0
0.0490983475188687   0.0778497572257775   -0.0131719671895861   -0.00368018448420103   0
0.0707515073462043   0.069463914746831   0.0216531598273356   -0.00838584247894657   0
0.0764437056525258   0.080678262394681   0.00569219830632148   0.0112143476478501   0
0.043151923241844   0.0720266553352299   -0.0332917824106817   -0.00865160705945112   0
0.0569552793252741   0.0921925358443405   0.0138033560834301   0.0201658805091106   0
0.0717830045037124   0.0895519679568936   0.0148277251784383   -0.00264056788744685   0
0.054901348821519   0.0898086198524952   -0.0168816556821935   0.000256651895601617   0
0.0543777524822422   0.0704694866477683   -0.00052359633927674   -0.0193391332047269   0
0.0669908913344941   0.0952313716434348   0.0126131388522519   0.0247618849956665   0
0.0831951741289121   0.0693794599980426   0.0162042827944179   -0.0258519116453922   0
0.0919622610786077   0.0588481938395096   0.00876708694969561   -0.010531266158533   0
0.102879695048683   0.0843799395415759   0.0109174339700753   0.0255317457020663   0
0.101377318789954   0.0729823712854001   -0.00150237625872875   -0.0113975682561757   0
0.0811373969878872   0.080169044105939   -0.020239921802067   0.00718667282053891   0
0.0731369837991013   0.0805856069999631   -0.0080004131887859   0.000416562894024045   0
0.0561514824514901   0.096309144173866   -0.0169855013476112   0.0157235371739029   0
0.0491108278673176   0.0771740135156582   -0.00704065458417247   -0.0191351306582077   0
0.0616012542177511   0.0886189179691475   0.0124904263504335   0.0114449044534893   0
0.0699443242253437   0.0860710941276019   0.00834307000759258   -0.00254782384154567   0
0.0643509429445482   0.0769448124732265   -0.00559338128079548   -0.00912628165437532   0
0.081492000700805   0.11063934757401   0.0171410577562568   0.033694535100783   0
0.0735852969360728   0.0733092011706239   -0.00790670376473222   -0.0373301464033857   0
0.060210519907571   0.0999552325406229   -0.0133747770285018   0.026646031369999   0
0.0674676729574246   0.0922495671566539   0.0072571530498536   -0.00770566538396898   0
0.0494298826151853   0.0858740571141832   -0.0180377903422393   -0.00637551004247069   0
0.0693774938333751   0.0766785831370305   0.0199476112181898   -0.00919547397715272   0
0.0707826935550633   0.0876565905972848   0.00140519972168822   0.0109780074602543   0
0.0572946628022133   0.0611780922275491   -0.01348803075285   -0.0264784983697357   0
0.0654259026225088   0.0872862448273495   0.00813123982029551   0.0261081525998005   0
0.0851520749706665   0.0736401059355736   0.0197261723481577   -0.0136461388917759   0
0.0499982125609506   0.0778458386955591   -0.0351538624097158   0.00420573275998548   0
0.0726196746047516   0.0743755856814587   0.022621462043801   -0.00347025301410038   0
0.0781542518117217   0.0870616130507011   0.00553457720697011   0.0126860273692424   0
0.065169824699933   0.0738328776531499   -0.0129844271117886   -0.0132287353975512   0
0.0592757144993631   0.0616010989015821   -0.00589411020056997   -0.0122317787515678   0
0.0706879545545067   0.0741539695796692   0.0114122400551436   0.0125528706780871   0
0.0847235645102943   0.0769894607310637   0.0140356099557876   0.00283549115139453   0
0.0542913911086279   0.0749785670846176   -0.0304321734016664   -0.0020108936464461   0
0.0913361638496494   0.0871466717264062   0.0370447727410215   0.0121681046417886   0
0.0829143144347826   0.080829845621837   -0.00842184941486679   -0.00631682610456917   0
0.0651903203473491   0.0742995747865693   -0.0177239940874335   -0.00653027083526772   0
0.090262769863272   0.0695846988965785   0.0250724495159229   -0.00471487588999073   0
0.094014395943015   0.0839614235556723   0.00375162607974304   0.0143767246590937   0
0.0781288316539419   0.0642622102661626   -0.0158855642890731   -0.0196992132895096   0
0.0874781374243302   0.0720217809021167   0.00934930577038827   0.00775957063595405   0
0.0966964564619614   0.0706772460781757   0.00921831903763122   -0.00134453482394102   0
0.0852888207526051   0.0832265166311945   -0.0114076357093563   0.0125492705530189   0
0.0727229545134134   0.0855880936731856   -0.0125658662391916   0.00236157704199111   0
0.0886649895152534   0.0766511641469978   0.01594203500184   -0.00893692952618785   0
0.0850892116946091   0.0762149260229255   -0.00357577782064433   -0.000436238124072327   0
0.0598188606306105   0.0857437660858211   -0.0252703510639986   0.00952884006289563   0
0.0789726799294541   0.087680091060856   0.0191538192988436   0.0019363249750349   0
0.0839737240828344   0.0796140970536783   0.0050010441533803   -0.00806599400717774   0
0.063992304496401   0.0868349290162087   -0.0199814195864334   0.00722083196253044   0
0.0755457655981459   0.0679076650846574   0.0115534611017449   -0.0189272639315513   0
0.0949421414960712   0.0922131081313823   0.0193963758979253   0.0243054430467249   0
0.0616295906406979   0.0679630977925705   -0.0333125508553733   -0.0242500103388118   0
0.0776761756304982   0.080814920105139   0.0160465849898003   0.0128518223125685   0
0.0687464071728116   0.0910718416086992   -0.00892976845768659   0.0102569215035602   0
0.0725049858633874   0.0749235026244435   0.00375857869057578   -0.0161483389842557   0
0.0965191518436626   0.0954013255415773   0.0240141659802753   0.0204778229171337   0
0.0829748786419721   0.0819608402153888   -0.0135442732016905   -0.0134404853261884   0
0.116966437176055   0.0806900717651961   0.0339915585340828   -0.00127076845019271   0
0.139477717933296   0.100509921832685   0.0225112807572408   0.0198198500674891   0
0.108950716988921   0.0819151907699817   -0.0305270009443745   -0.0185947310627035   0
0.10161085607926   0.0836441367507161   -0.00733986090966163   0.00172894598073439   0
0.119550923399278   0.086901534546074   0.0179400673200183   0.00325739779535791   0
0.116683945954446   0.096416412386183   -0.00286697744483218   0.00951487784010895   0
0.0964972811124231   0.0749311850436786   -0.0201866648420226   -0.0214852273425044   0
0.109709430488814   0.0960908065332475   0.0132121493763913   0.0211596214895689   0
0.11313032920707   0.0951424545693982   0.00342089871825545   -0.000948351963849306   0
0.0976293442285156   0.0875533461316299   -0.0155009849785542   -0.00758910843776826   0
0.11334436872055   0.0968684372267355   0.0157150244920344   0.00931509109510559   0
0.0852592417543694   0.11594273555123   -0.0280851269661807   0.0190742983244947   0
0.0885770039392844   0.0899226073263837   0.00331776218491502   -0.0260201282248465   0
0.104179791993169   0.101067812014805   0.0156027880538848   0.0111452046884215   0
0.0897469879321306   0.0864543798935311   -0.0144328040610386   -0.0146134321212741   0
0.0744230662393051   0.084099588909786   -0.0153239216928255   -0.00235479098374512   0
0.09805200719919   0.0847926813115525   0.0236289409598848   0.000693092401766474   0
0.0983451272197052   0.0912760526517772   0.000293120020515236   0.00648337134022471   0
0.088163941667895   0.0871738011352895   -0.0101811855518101   -0.00410225151648767   0
0.111110596137272   0.105016941159855   0.0229466544693771   0.0178431400245657   0
0.106893716393855   0.093841816394212   -0.00421687974341671   -0.0111751247656432   0
0.0852003261884014   0.092625555135354   -0.021693390205454   -0.00121626125885804   0
0.117578569485004   0.101547240078399   0.032378243296603   0.008921684943045   0
0.125684448470167   0.112636320132052   0.00810587898516238   0.0110890800536526   0
0.106204333249684   0.092838646810986   -0.0194801152204824   -0.0197976733210656   0
0.106496720208371   0.093664726824643   0.000292386958686428   0.000826080013657027   0
0.1190832720043   0.0913595606143112   0.0125865517959288   -0.0023051662103318   0
0.131245852373666   0.0930838318288681   0.012162580369366   0.0017242712145569   0
0.0681105216431654   0.0941875133922884   -0.0631353307305001   0.00110368156342026   0
0.0933020938207712   0.103752764447508   0.0251915721776059   0.00956525105521924   0
0.0643828262364778   0.108642482934854   -0.0289192675842934   0.00488971848734618   0
0.0900882380150705   0.0931782091961554   0.0257054117785927   -0.0154642737386984   0
0.0764945634447965   0.0975017659479176   -0.013593674570274   0.00432355675176217   0
0.0670810029079078   0.104534317805841   -0.00941356053688876   0.00703255185792311   0
0.0713584790384436   0.100923165390013   0.00427747613053588   -0.00361115241582727   0
0.0844291787446141   0.110111488549969   0.0130706997061705   0.0091883231599558   0
0.067747192577774   0.0941078241433198   -0.0166819861668401   -0.0160036644066495   0
0.0824312734802757   0.0846908743386795   0.0146840809025017   -0.00941694980464029   0
0.0897808208288385   0.095809717159117   0.0073495473485628   0.0111188428204375   0
0.0568044612421639   0.096472773810244   -0.0329763595866746   0.000663056651127009   0
0.0595842782746724   0.102343923710888   0.00277981703250853   0.00587114990064369   0
0.0631296163175415   0.0968523881635864   0.00354533804286906   -0.00549153554730135   0
0.0797270498512268   0.0949234584417361   0.0165974335336853   -0.00192892972185024   0
0.0635678668700626   0.0896124965931789   -0.0161591829811642   -0.0053109618485572   0
0.0658423927324182   0.0859579731729117   0.00227452586235564   -0.00365452342026724   0
0.0788910771550877   0.0792734180636233   0.0130486844226695   -0.00668455510928835   0
0.0665823907575419   0.0788074274944944   -0.0123086863975458   -0.000465990569128868   0
0.0672584440062361   0.0751789791915932   0.000676053248694242   -0.00362844830290127   0
0.0910467833753615   0.0863506419365977   0.0237883393691254   0.0111716627450045   0
0.083867558875229   0.0836883470005532   -0.00717922450013249   -0.0026622949360445   0
0.085454146992232   0.0844689824047857   0.00158658811700305   0.000780635404232538   0
0.0958852594040919   0.0946963473190096   0.0104311124118599   0.0102273649142239   0
0.0995737315666637   0.106139726530126   0.00368847216257176   0.0114433792111167   0
0.0742945397516534   0.0880656012993439   -0.0252791918150103   -0.0180741252307824   0
0.106458813540355   0.0915546595987883   0.0321642737887013   0.00348905829944439   0
0.101694859881805   0.0874566351605897   -0.00476395365854942   -0.00409802443819857   0
0.0841508437753895   0.0913060381198308   -0.0175440161064158   0.00384940295924109   0
0.0884288256355924   0.0895708990776162   0.00427798186020294   -0.00173513904221466   0
0.0971076685677295   0.0909628805585828   0.00867884293213711   0.00139198148096663   0
0.0857675265555093   0.0890895211465552   -0.0113401420122202   -0.00187335941202763   0
0.104408282025661   0.0942675424875126   0.0186407554701518   0.00517802134095748   0
0.0918230504534128   0.0972522559102487   -0.0125852315722483   0.00298471342273604   0
0.0879071804335118   0.0870810561777072   -0.00391587001990104   -0.0101711997325414   0
0.101762885098154   0.0953711180279439   0.0138557046646418   0.00829006185023663   0
0.0875239478858215   0.0931449943766169   -0.014238937212332   -0.00222612365132695   0
0.0872800226339338   0.0894288708465141   -0.000243925251887697   -0.00371612353010281   0
0.102358252281826   0.0916275259267651   0.0150782296478925   0.00219865508025095   0
0.0681048319593404   0.0915440366168108   -0.0342534203224859   -8.3489309954235e-05   0
0.0860649377866504   0.088282562753029   0.0179601058273099   -0.00326147386378184   0
0.072893925382092   0.0958432586829141   -0.0131710124045583   0.00756069592988516   0
0.0818387398189879   0.0824180430446665   0.00894481443689589   -0.0134252156382476   0
0.0820474095073086   0.0916769003598098   0.000208669688320715   0.00925885731514334   0
0.096692941103578   0.0929550450286723   0.0146455315962693   0.00127814466886249   0
0.0767733934777537   0.0815575303805387   -0.0199195476258242   -0.0113975146481336   0
0.0918733037775936   0.089270248163834   0.0150999102998399   0.00771271778329523   0
0.0963159500175334   0.0912542783080881   0.0044426462399398   0.00198403014425413   0
0.0782833440898509   0.0844575432328131   -0.0180326059276825   -0.00679673507527497   0
0.0817643908733502   0.0832210969302256   0.00348104678349929   -0.00123644630258755   0
0.128482653066319   0.0988324283343276   0.0467182621929684   0.015611331404102   0
0.1193660072098   0.097488413362512   -0.00911664585651874   -0.00134401497181565   0
0.108006571576409   0.0818347174862998   -0.0113594356333907   -0.0156536958762122   0
0.122735498038668   0.0911563063685119   0.0147289264622593   0.00932158888221209   0
0.128508839104748   0.0912197077510118   0.00577334106607948   6.34013824999113e-05   0
0.0983300133193828   0.0874259659280926   -0.0301788257853652   -0.00379374182291924   0
0.108711719858762   0.0918403241271093   0.0103817065393794   0.00441435819901677   0
0.124156558340508   0.0932989189927863   0.0154448384817459   0.001458594865677   0
0.0851159914902599   0.0890102410625457   -0.0390405668502482   -0.00428867793024061   0
0.100868705943618   0.0880359229167986   0.0157527144533577   -0.000974318145747124   0
0.105999474261243   0.0930675753003698   0.00513076831762577   0.0050316523835712   0
0.0866930434037242   0.0822421694759598   -0.0193064308575192   -0.01082540582441   0
0.101614679346441   0.105318616139123   0.0149216359427167   0.0230764466631634   0
0.0656406252697977   0.0854539056226952   -0.0359740540766432   -0.0198647105164281   0
0.0814373746247999   0.0955943899506268   0.0157967493550022   0.0101404843279316   0
0.0669131695109416   0.10658687723735   -0.0145242051138583   0.0109924872867236   0
0.0506509773712058   0.109172318960726   -0.0162621921397358   0.00258544172337564   0
0.0695480621885326   0.126795571498567   0.0188970848173268   0.017623252537841   0
0.056475210549434   0.120202512161232   -0.0130728516390986   -0.00659305933733545   0
0.0652610569656208   0.120671337415744   0.00878584641618679   0.000468825254512667   0
0.0714258047692632   0.129672988768864   0.00616474780364241   0.00900165135312   0
0.0616893360642575   0.139323643759198   -0.0097364687050057   0.00965065499033405   0
0.0642074659645442   0.134413791951459   0.00251812990028669   -0.0049098518077397   0
0.0553066453851651   0.127856575300217   -0.00890082057937912   -0.00655721665124184   0
0.0630981461939168   0.140207132953436   0.00779150080875175   0.0123505576532193   0
0.0624917218002545   0.135347283210769   -0.000606424393662354   -0.00485984974266665   0
0.0647887014217725   0.15000993337246   0.00229697962151802   0.0146626501616909   0
0.0730818511759931   0.14261073807049   0.00829314975422059   -0.00739919530197003   0
0.0831779262483743   0.132545087624316   0.0100960750723813   -0.0100656504461746   0
0.0637291407010953   0.158184085130466   -0.0194487855472791   0.0256389975061503   0
0.0616647051674822   0.138972592650574   -0.00206443553361313   -0.0192114924798915   0
0.0666974903126797   0.160914029442743   0.00503278514519752   0.0219414367921687   0
0.280309532926388   0.141855360275   0.213612042613709   -0.0190586691677433   0
0.25328653513521   0.153659361800941   -0.0270229977911783   0.0118040015259412   0
0.269813911298602   0.146201532020299   0.0165273761633922   -0.00745782978064211   0
0.268342681423064   0.137806506432144   -0.00147122987553827   -0.00839502558815511   0
0.250176081016731   0.144329565121721   -0.0181666004063329   0.00652305868957678   0
0.282441206291575   0.143224971045502   0.0322651252748438   -0.00110459407621821   0
0.251602832316431   0.150154774260303   -0.0308383739751441   0.00692980321480041   0
0.251938361400661   0.142195197167654   0.000335529084230013   -0.00795957709264847   0
0.298404576729463   0.136212611117089   0.0464662153288022   -0.0059825860505657   0
0.285079561162231   0.147238172350238   -0.0133250155672324   0.0110255612331498   0
0.257855913038833   0.141751978947205   -0.0272236481233981   -0.00548619340303327   0
0.272958972635083   0.149895307306852   0.0151030595962504   0.00814332835964657   0
0.257055477612713   0.154563499262553   -0.01590349502237   0.00466819195570126   0
0.26956660528873   0.154563499262553   0.0125111276760171   0   0
0.337035345607089   0.143145246279034   0.067468740318359   -0.0114182529835193   0
0.358870971161335   0.105427295385625   0.0218356255542463   -0.0377179508934093   0
0.323609491936253   0.130251781112295   -0.0352614792250821   0.0248244857266706   0
0.303954012365621   0.147523000858223   -0.0196554795706324   0.0172712197459278   0
0.253197229875763   0.14852120196382   -0.0507567824898578   0.000998201105596841   0
0.256341977563176   0.140142370784098   0.0031447476874133   -0.0083788311797213   0
0.278481504932805   0.137790836613007   0.0221395273696289   -0.00235153417109102   0
0.25573401773845   0.148079094821724   -0.0227474871943549   0.0102882582087166   0
0.333695506274568   0.122328483348483   0.0779614885361173   -0.0257506114732413   0
0.27218553514083   0.136225883476214   -0.0615099711337376   0.0138974001277312   0
0.279956860742579   0.131194707231094   0.00777132560174937   -0.00503117624511973   0
0.275009177974045   0.137841402242877   -0.0049476827685343   0.00664669501178244   0
0.234610684624593   0.136118653602712   -0.0403984933494525   -0.00172274864016411   0
0.232532800690569   0.146393434464886   -0.00207788393402325   0.010274780862174   0
0.240460953232016   0.144622201221087   0.00792815254144713   -0.00177123324379971   0
0.251728957860414   0.154716025962658   0.0112680046283974   0.0100938247415708   0
0.248802354810902   0.144003271576083   -0.00292660304951173   -0.0107127543865742   0
0.256773798999353   0.141108509328549   0.00797144418845061   -0.00289476224753427   0
0.234934156706959   0.144177189347425   -0.0218396422923937   0.0030686800188762   0
0.244823675354325   0.142452160952803   0.00988951864736609   -0.00172502839462219   0
0.255343293675397   0.140309645555473   0.0105196183210718   -0.00214251539733001   0
