0.133235239800963   0.063536413112901   0   0   0
0.121358556754437   0.123959908827644   -0.0118766830465252   0.0604234957147426   0
0.107651503560424   0.0392061531441813   -0.0137070531940133   -0.0847537556834623   0
0.0951011314429539   0.0929919222102115   -0.0125503721174701   0.0537857690660301   0
0.0913077158792728   0.0454731055321989   -0.00379341556368118   -0.0475188166780126   0
0.122685294244583   0.0978990765394266   0.0313775783653106   0.0524259710072276   0
0.0471383336186166   0.0761877516588133   -0.0755469606259668   -0.0217113248806133   0
0.116272348010608   0.113623406380112   0.0691340143919917   0.0374356547212984   0
0.103191645202943   0.0350660535396058   -0.0130807028076656   -0.0785573528405059   0
0.12833648620497   0.113301347363844   0.0251448410020271   0.0782352938242385   0
0.0665028582790244   0.0615840466388212   -0.0618336279259454   -0.0517173007250231   0
0.10881286689358   0.0935063058658746   0.0423100086145558   0.0319222592270535   0
0.100059665762034   0.0307915440186912   -0.00875320113154596   -0.0627147618471834   0
0.135461083238877   0.101065504318402   0.0354014174768429   0.0702739602997106   0
0.0916745211309555   0.055574738733304   -0.0437865621079217   -0.0454907655850978   0
0.106646795799405   0.0731657780422822   0.0149722746684496   0.0175910393089782   0
0.167688896787304   0.0639866216359521   0.0610421009878993   -0.00917915640633003   0
0.0988698726368655   0.059842348736618   -0.0688190241504389   -0.00414427289933419   0
0.122231686852673   0.055230711154031   0.0233618142158079   -0.00461163758258699   0
0.164836238311301   0.0628673220847882   0.0426045514586276   0.00763661093075725   0
0.0680944413896612   0.0561358725411835   -0.0967417969216398   -0.0067314495436047   0
0.0928755348636012   0.0536899542717558   0.02478109347394   -0.00244591826942774   0
0.0905618969369569   0.0350215891530581   -0.00231363792664428   -0.0186683651186976   0
0.0825160183263595   0.0318258887972119   -0.00804587861059737   -0.00319570035584622   0
0.0874335385990273   0.0610036300930322   0.00491752027266777   0.0291777412958202   0
0.0900849585656784   0.0459429081919615   0.00265141996665114   -0.0150607219010707   0
0.0722486065087763   0.0216696671561099   -0.0178363520569021   -0.0242732410358515   0
0.10914103728644   0.0465840971653686   0.0368924307776632   0.0249144300092587   0
0.0786407336133762   0.0511559240638364   -0.0305003036730634   0.00457182689846786   0
0.0943096803602896   0.0536299031249125   0.0156689467469134   0.00247397906107607   0
0.0953709961654638   0.0524928174104563   0.00106131580517412   -0.00113708571445624   0
0.103412077481308   0.0469595495817887   0.008041081315844   -0.00553326782866755   0
0.101527825675625   0.047769436015181   -0.00188425180568325   0.00080988643339229   0
0.108861218429476   0.0372890621175084   0.0073333927538511   -0.0104803738976726   0
0.084088345346665   0.0479380554438747   -0.0247728730828106   0.0106489933263663   0
0.110997052489334   0.0400076115885777   0.0269087071426691   -0.00793044385529692   0
0.0848430938057424   0.0365306288652551   -0.0261539586835918   -0.00347698272332268   0
0.0931318561063292   0.0350064038064823   0.0082887623005868   -0.00152422505877274   0
0.0834426416951189   0.0349635777723222   -0.00968921441121025   -4.28260341600872e-05   0
0.0391753915344825   0.0814066988387627   -0.0442672501606365   0.0464431210664404   0
0.120215522791027   0.0422663832412947   0.0810401312565448   -0.0391403155974679   0
0.0605041314857919   0.0827435017996126   -0.0597113913052353   0.0404771185583179   0
0.137545876383118   0.0510319391876303   0.0770417448973261   -0.0317115626119823   0
0.0695343337154387   0.0597427352644236   -0.0680115426676794   0.00871079607679324   0
0.130360566037932   0.0420941268850537   0.0608262323224931   -0.0176486083793699   0
0.0650455932315941   0.0691560416861752   -0.0653149728063378   0.0270619148011215   0
0.0874259374413566   0.0432518716876796   0.0223803442097625   -0.0259041699984956   0
0.119184432422569   0.0462343967098901   0.0317584949812127   0.00298252502221055   0
0.0852703179485687   0.0747330310804172   -0.0339141144740006   0.0284986343705271   0
0.118303491787267   0.0597596370932128   0.0330331738386985   -0.0149733939872043   0
0.077198395570763   0.0779139899312858   -0.0411050962165042   0.0181543528380729   0
0.116749492685407   0.0665971425438997   0.0395510971146444   -0.011316847387386   0
0.11001377884947   0.0669214508120715   -0.00673571383593784   0.000324308268171716   0
0.0606637177974611   0.074284326926765   -0.0493500610520085   0.00736287611469351   0
0.146607240672656   0.0710321662149797   0.0859435228751946   -0.00325216071178529   0
0.0547305185275089   0.0937329590501121   -0.0918767221451468   0.0227007928351325   0
0.108260866035382   0.075412946013599   0.0535303475078729   -0.0183200130365131   0
0.0871979861022352   0.069649431190014   -0.0210628799331467   -0.00576351482358496   0
0.0789599472580244   0.069366416879658   -0.00823803884421073   -0.000283014310356058   0
0.135918299117181   0.0704462087372699   0.056958351859157   0.00107979185761189   0
0.101627023736307   0.0710045264395165   -0.034291275380874   0.000558317702246625   0
0.0957187116828261   0.0875162632694633   -0.00590831205348132   0.0165117368299467   0
0.0930045358359473   0.0947077260942448   -0.00271417584687889   0.00719146282478156   0
0.0964164552039225   0.0886972451633223   0.00341191936797527   -0.00601048093092252   0
0.109415298479235   0.107202822762696   0.0129988432753121   0.0185055775993736   0
0.10373775793437   0.125827651580604   -0.00567754054486437   0.0186248288179086   0
0.0614657232668949   0.110101105747501   -0.0422720346674754   -0.015726545833103   0
0.0950081473233743   0.104787581998787   0.0335424240564795   -0.00531352374871454   0
0.0773621703354424   0.117399210964299   -0.017645976987932   0.0126116289655121   0
0.0735126434928713   0.0976239738081917   -0.00384952684257105   -0.0197752371561074   0
0.0921380030613319   0.105756100378607   0.0186253595684605   0.0081321265704153   0
0.0658583015512767   0.0923325310185419   -0.0262797015100551   -0.0134235693600651   0
0.101270183676046   0.10844220849532   0.0354118821247688   0.0161096774767783   0
0.0693953622750829   0.0939593681137224   -0.0318748214009626   -0.0144828403815978   0
0.112417049024825   0.102805528873889   0.0430216867497425   0.00884616076016645   0
0.0788006958598996   0.0913494434703491   -0.0336163531649258   -0.0114560854035398   0
0.114457685084314   0.0720879123402807   0.0356569892244144   -0.0192615311300683   0
0.076280053619344   0.0992626871802416   -0.03817763146497   0.0271747748399608   0
0.106457934542335   0.0847586376221474   0.0301778809229906   -0.0145040495580942   0
0.0854735917863524   0.0933456252331758   -0.0209843427559823   0.00858698761102836   0
0.095130903881231   0.0901332499050434   0.00965731209487859   -0.0032123753281324   0
0.112965139810297   0.0872614769890185   0.0178342359290663   -0.0028717729160249   0
0.063674977911657   0.103708924034591   -0.0492901618986403   0.0164474470455722   0
0.0929542898716353   0.100453448920943   0.0292793119599783   -0.00325547511364771   0
0.0775088625266711   0.0909732886339858   -0.0154454273449642   -0.00948016028695714   0
0.0733749598446227   0.116636095129467   -0.00413390268204837   0.0256628064954808   0
0.102791958514808   0.103286242149964   0.0294169986701852   -0.0133498529795026   0
0.0823559582547614   0.118889018451474   -0.0204360002600466   0.0156027763015102   0
0.0988082882141979   0.0974544272587705   0.0164523299594365   -0.0214345911927038   0
0.11266508958981   0.104528297856669   0.0138568013756125   0.00707387059789839   0
0.0883442970757592   0.100467668923027   -0.0243207925140511   -0.00406062893364162   0
0.104708168815284   0.0943078514060468   0.0163638717395247   -0.00615981751698054   0
0.0878130937981916   0.120858376962718   -0.0168950750170923   0.0265505255566715   0
0.119931574646087   0.102542485810151   0.0321184808478956   -0.0183158911525673   0
0.0750460546590559   0.121051785309511   -0.0448855199870314   0.0185092994993603   0
0.104468363656516   0.104608533561094   0.0294223089974598   -0.0164432517484173   0
0.0965781459145391   0.0922618197295203   -0.00789021774197657   -0.0123467138315736   0
0.0674971621043433   0.108991245175036   -0.0290809838101958   0.0167294254455161   0
0.102819199751117   0.104092166734846   0.0353220376467732   -0.00489907844019033   0
0.0778588054578928   0.111889584333016   -0.0249603942932237   0.00779741759816947   0
0.0851760082138744   0.106632172366095   0.00731720275598158   -0.00525741196692096   0
0.098362142163436   0.12332877046911   0.0131861339495616   0.0166965981030158   0
0.0844119409905376   0.117343746693475   -0.0139502011728984   -0.00598502377563501   0
0.0897818304797803   0.101855486195504   0.00536988948924268   -0.0154882604979714   0
0.0878601749090565   0.123380385117023   -0.00192165557072377   0.0215248989215194   0
0.119931117017812   0.111910790518095   0.032070942108755   -0.0114695945989281   0
0.0846339169254265   0.148562875472315   -0.035297200092385   0.0366520849542195   0
0.131505521665898   0.111275233710673   0.0468716047404716   -0.0372876417616413   0
0.0937281888097172   0.137320460860909   -0.0377773328561809   0.0260452271502357   0
0.10340892401002   0.126425074254813   0.00968073520030235   -0.0108953866060961   0
0.111176147027589   0.121775505871932   0.00776722301756905   -0.00464956838288086   0
0.0790382155353978   0.133892134401857   -0.0321379314921908   0.012116628529925   0
0.12494592831069   0.116997307557119   0.0459077127752918   -0.0168948268447386   0
0.0767786046157391   0.145770510996232   -0.0481673236949505   0.0287732034391131   0
0.12263727690209   0.120066567082858   0.0458586722863513   -0.0257039439133734   0
0.108720054434957   0.123627953972039   -0.0139172224671335   0.00356138688918038   0
0.109591363150296   0.139215498162857   0.000871308715338817   0.0155875441908186   0
0.124078383481652   0.131013975148474   0.0144870203313567   -0.00820152301438312   0
0.116174845130777   0.141636032604207   -0.00790353835087551   0.0106220574557329   0
0.0974400300518734   0.149343635587324   -0.0187348150789035   0.0077076029831169   0
0.110090545334057   0.131212458978235   0.0126505152821833   -0.0181311766090889   0
0.0993267234786792   0.13287188737169   -0.0107638218553775   0.00165942839345473   0
0.0856005683005668   0.16087489875463   -0.0137261551781124   0.0280030113829404   0
0.111543914889607   0.135132281135467   0.0259433465890407   -0.0257426176191627   0
0.0942728986079244   0.14779646161754   -0.0172710162816831   0.0126641804820727   0
0.110072831444049   0.143571158546955   0.0157999328361245   -0.00422530307058469   0
0.104338845694018   0.133057994032912   -0.00573398575003135   -0.0105131645140432   0
0.102019884749445   0.152762767573205   -0.00231896094457273   0.0197047735402926   0
0.107590468583467   0.143249325586737   0.00557058383402219   -0.00951344198646775   0
0.114799227670965   0.145047886436868   0.00720875908749775   0.00179856085013075   0
0.0781020179666313   0.170321912281568   -0.0366972097043334   0.0252740258446998   0
0.111421226778832   0.144508586084504   0.0333192088122011   -0.0258133261970636   0
0.1135810690993   0.153872825840245   0.00215984232046779   0.00936423975574147   0
0.0947598343332237   0.168293489841304   -0.0188212347660765   0.0144206640010583   0
0.144351738066052   0.14685414107904   0.049591903732828   -0.021439348762264   0
0.0999594491328359   0.171388731839793   -0.0443922889332158   0.0245345907607534   0
0.14247070949346   0.174338689538675   0.0425112603606246   0.0029499576988819   0
0.0778161693349968   0.17175441089769   -0.0646545401584636   -0.00258427864098509   0
0.11855014143779   0.164865410458994   0.0407339721027931   -0.00688900043869611   0
0.0815463927414328   0.177494638670792   -0.0370037486963572   0.0126292282117982   0
0.135123778072736   0.160515386730066   0.0535773853313032   -0.0169792519407264   0
0.0918258204212736   0.177617327775952   -0.0432979576514623   0.0171019410458866   0
0.117556612774654   0.157704506847371   0.0257307923533806   -0.0199128209285811   0
0.0758756928753207   0.176027243821837   -0.0416809198993335   0.0183227369744661   0
0.1033609264556   0.164444018978618   0.0274852335802795   -0.0115832248432194   0
0.109313876437532   0.169189213086628   0.00595294998193169   0.00474519410801053   0
0.0880401261336557   0.171430710935541   -0.0212737503038763   0.0022414978489127   0
0.105807545269324   0.15804230660903   0.0177674191356681   -0.0133884043265114   0
0.078040380542063   0.17665205826925   -0.0277671647272608   0.0186097516602205   0
0.108250907218138   0.167740066166681   0.0302105266760754   -0.00891199210256907   0
0.0844448145485559   0.175841425811482   -0.0238060926695825   0.00810135964480127   0
0.0992667690959568   0.169619363417042   0.0148219545474009   -0.0062220623944404   0
0.123079601667132   0.160788570994684   0.0238128325711757   -0.00883079242235793   0
0.106296325693083   0.173603710748503   -0.0167832759740494   0.0128151397538194   0
0.117333321910104   0.169988835593665   0.0110369962170205   -0.00361487515483849   0
0.115821726324468   0.170176385752563   -0.00151159558563545   0.00018755015889782   0
0.0915981119238273   0.183050261542541   -0.0242236144006408   0.0128738757899779   0
0.111586607218295   0.167318743339898   0.0199884952944675   -0.015731518202643   0
0.0969326203184975   0.176045654291167   -0.0146539868997973   0.00872691095126918   0
0.1035536989335   0.177835905124036   0.00662107861500266   0.00179025083286891   0
0.122639942945763   0.163435322885882   0.0190862440122628   -0.0144005822381536   0
0.0963789856911246   0.163857673703164   -0.0262609572546384   0.000422350817281814   0
0.106455468313516   0.173741766111095   0.0100764826223914   0.00988409240793134   0
0.114117306074977   0.167503949292278   0.00766183776146113   -0.0062378168188173   0
0.0815652062898145   0.185957632609857   -0.0325520997851625   0.018453683317579   0
0.0821486745926555   0.186434782084091   0.00058346830284095   0.000477149474234134   0
0.100807599220198   0.175082191131258   0.0186589246275422   -0.0113525909528326   0
0.0825791753075798   0.194291033709903   -0.0182284239126179   0.0192088425786442   0
0.0965576224850219   0.18674559752499   0.0139784471774421   -0.00754543618491238   0
0.104888485757256   0.174765679668435   0.00833086327223369   -0.0119799178565553   0
0.0761955382689826   0.203238034612262   -0.0286929474882729   0.028472354943827   0
0.105727509643375   0.182377554329343   0.0295319713743926   -0.0208604802829188   0
0.0954749027844491   0.19564470182075   -0.0102526068589261   0.0132671474914064   0
0.113763285782804   0.179551054435424   0.0182883829983552   -0.0160936473853258   0
0.113270350901107   0.179298748228822   -0.000492934881696869   -0.000252306206601716   0
0.0887656070337386   0.207338288321284   -0.0245047438673688   0.0280395400924622   0
0.126270716577518   0.177425977798919   0.0375051095437799   -0.0299123105223652   0
0.104276434943327   0.200979141510015   -0.021994281634191   0.0235531637110957   0
0.106337388340085   0.198060756468792   0.00206095339675734   -0.00291838504122299   0
0.110807058037203   0.192358298232914   0.00446966969711786   -0.00570245823587814   0
0.0943261560760853   0.206064427789044   -0.0164809019611174   0.0137061295561304   0
0.110312374896609   0.197434505676876   0.0159862188205237   -0.00862992211216768   0
0.118839379959086   0.196672939218262   0.00852700506247697   -0.000761566458614721   0
0.100292197517853   0.206642873993691   -0.0185471824412331   0.00996993477542957   0
0.108749340368574   0.193380583696431   0.0084571428507214   -0.0132622902972598   0
0.104362405788962   0.179933780042854   -0.00438693457961208   -0.0134468036535778   0
0.0891310690514049   0.207900063974641   -0.0152313367375573   0.0279662839317879   0
0.107565071552795   0.202502120907757   0.0184340025013906   -0.00539794306688401   0
0.120442878819547   0.197457021096769   0.0128778072667512   -0.00504509981098811   0
0.0961689397737128   0.195973183973095   -0.0242739390458339   -0.00148383712367442   0
0.102279952209072   0.20020427497526   0.00611101243535896   0.00423109100216543   0
0.113141870436987   0.190040350154671   0.0108619182279155   -0.0101639248205892   0
0.0929605849153828   0.201114929287412   -0.0201812855216044   0.0110745791327407   0
0.112009012131792   0.194170700126855   0.0190484272164095   -0.00694422916055684   0
0.11331006611952   0.181786142359676   0.00130105398772769   -0.0123845577671786   0
0.0979977540145181   0.184022735028787   -0.0153123121050019   0.0022365926691103   0
0.0912305097430679   0.194961797813988   -0.00676724427145026   0.0109390627852018   0
0.115142002705746   0.180537226407776   0.0239114929626781   -0.0144245714062126   0
0.0785380127845109   0.202209021781207   -0.036603989921235   0.0216717953734309   0
0.113887848698445   0.185051934256474   0.0353498359139345   -0.0171570875247323   0
0.0922782699690994   0.173181463451746   -0.021609578729346   -0.0118704708047285   0
0.0876169878994936   0.18499133598729   -0.00466128206960587   0.0118098725355443   0
0.0878195843994379   0.19157794366331   0.000202596499944349   0.0065866076760201   0
0.114792655812556   0.163716410888012   0.0269730714131183   -0.027861532775298   0
0.0883371948188304   0.1739098600273   -0.0264554609937258   0.0101934491392874   0
0.0901575523354533   0.177042048351332   0.00182035751662286   0.00313218832403264   0
0.103110059849318   0.159429284819987   0.012952507513865   -0.0176127635313456   0
0.0651270686008636   0.215615853843253   -0.0379829912484546   0.056186569023266   0
0.115902619910898   0.173816392765908   0.050775551310034   -0.0417994610773446   0
0.0920629562703719   0.188283640574009   -0.0238396636405258   0.0144672478081004   0
0.0939930066898596   0.199430249779205   0.00193005041948779   0.0111466092051961   0
0.12169138742976   0.190130845288324   0.0276983807399005   -0.0092994044908811   0
0.0789429356686772   0.200346975813593   -0.042748451761083   0.0102161305252695   0
0.0987202044247276   0.204730887955238   0.0197772687560504   0.00438391214164427   0
0.090231068933711   0.21777140273053   -0.0084891354910166   0.0130405147752921   0
0.0992294906638646   0.208615100312729   0.00899842173015367   -0.00915630241780055   0
0.0873651412130719   0.213127481995776   -0.0118643494507927   0.00451238168304741   0
0.100175283441276   0.202797740062143   0.0128101422282042   -0.0103297419336335   0
0.110722930082707   0.212304796211844   0.0105476466414308   0.00950705614970079   0
0.0987493905332078   0.197315708743982   -0.011973539549499   -0.0149890874678616   0
0.10120249989027   0.206684369735256   0.00245310935706167   0.00936866099127379   0
0.104639911088791   0.190308730219642   0.00343741119852106   -0.0163756395156139   0
0.101960623165465   0.20092728594575   -0.00267928792332536   0.0106185557261075   0
0.109760879252719   0.192439597735452   0.00780025608725397   -0.00848768821029777   0
0.104881951721257   0.192586678239884   -0.0048789275314626   0.000147080504431962   0
0.103820540636283   0.213095203681764   -0.001061411084974   0.0205085254418803   0
0.111796315924184   0.19434614857018   0.00797577528790161   -0.018749055111584   0
0.10385949197589   0.199787843831657   -0.00793682394829399   0.00544169526147684   0
0.101471654954179   0.216171965893713   -0.002387837021711   0.0163841220620559   0
0.111244698063503   0.203720800859389   0.00977304310932404   -0.0124511650343242   0
0.105488000474082   0.200367402819543   -0.00575669758942089   -0.0033533980398458   0
0.106597086334269   0.208960203482511   0.00110908586018665   0.00859280066296852   0
0.12130066490131   0.194562131037517   0.0147035785670414   -0.0143980724449941   0
0.116792378432542   0.198636226720361   -0.00450828646876886   0.00407409568284342   0
0.127044968582231   0.194684837710728   0.0102525901496892   -0.00395138900963257   0
0.121403691258462   0.220791308903798   -0.00564127732376858   0.0261064711930703   0
0.121842535168799   0.205994151755438   0.000438843910336759   -0.0147971571483601   0
0.135126077554445   0.19672210334955   0.0132835423856465   -0.00927204840588852   0
0.104629622940399   0.217830485087493   -0.0304964546140468   0.0211083817379433   0
0.116076074976457   0.215236663234914   0.0114464520360581   -0.00259382185257848   0
0.127873228252398   0.22276479220122   0.0117971532759418   0.007528128966305   0
0.120145308161784   0.213570539004096   -0.00772792009061467   -0.00919425319712372   0
0.120302784229464   0.191238946682292   0.000157476067679893   -0.0223315923218038   0
0.126886943917748   0.18835497157116   0.0065841596882838   -0.00288397511113192   0
0.119206972605171   0.197803150391298   -0.00767997131257646   0.00944817882013813   0
0.119690518892292   0.20102886217158   0.000483546287120898   0.00322571178028158   0
0.1259208776255   0.201756878768383   0.00623035873320793   0.000728016596803244   0
0.112934030309424   0.190311378822582   -0.0129868473160754   -0.0114454999458005   0
0.110947798467568   0.181936259447924   -0.00198623184185685   -0.00837511937465799   0
0.106494661851301   0.191813324843121   -0.00445313661626681   0.00987706539519612   0
0.107800451378322   0.195418822937947   0.00130578952702134   0.00360549809482597   0
0.115013971399391   0.193230185513942   0.00721352002106913   -0.00218863742400441   0
0.112105911948389   0.208485952415049   -0.00290805945100205   0.0152557669011066   0
0.101090198677572   0.201230706021571   -0.0110157132708176   -0.00725524639347763   0
0.112587837337565   0.211053604272209   0.0114976386599934   0.00982289825063737   0
0.112354421094588   0.202150592864262   -0.000233416242977028   -0.00890301140794678   0
0.0975576665180486   0.220651009043444   -0.0147967545765394   0.0185004161791823   0
0.115101272320118   0.204875684367527   0.0175436058020696   -0.0157753246759172   0
0.113790305162523   0.199407427824066   -0.00131096715759561   -0.00546825654346106   0
0.102180624623436   0.21262598429858   -0.0116096805390862   0.0132185564745143   0
0.113496727011179   0.203619562738309   0.0113161023877423   -0.00900642156027143   0
0.110464614674655   0.20827931809321   -0.00303211233652365   0.00465975535490126   0
0.104442458461394   0.211595491887593   -0.00602215621326103   0.00331617379438329   0
0.112401473865559   0.185723082768574   0.00795901540416531   -0.0258724091190194   0
0.113269756726983   0.204056686815306   0.000868282861424138   0.0183336040467325   0
0.110701159372892   0.200008602186231   -0.0025685973540911   -0.0040480846290753   0
0.119866189152613   0.199911529557552   0.0091650297797207   -9.70726286789736e-05   0
0.102003962807383   0.213153855059696   -0.0178622263452299   0.0132423255021442   0
0.106890155882429   0.196109532689005   0.00488619307504602   -0.0170443223706911   0
0.110834927560675   0.198431871710853   0.0039447716782455   0.00232233902184806   0
0.109029798228011   0.201779210349456   -0.00180512933266315   0.00334733863860279   0
0.111402411568781   0.212959499488899   0.00237261334076917   0.0111802891394433   0
0.118736093502776   0.206939923516615   0.00733368193399549   -0.00601957597228425   0
0.104018642190588   0.190527507835903   -0.014717451312188   -0.0164124156807123   0
0.107270705226357   0.200271472183484   0.00325206303576898   0.00974396434758118   0
0.100110565459096   0.204938096400627   -0.00716013976726085   0.00466662421714256   0
0.106475946538726   0.202802291561763   0.00636538107962956   -0.00213580483886311   0
0.104246008158154   0.195347855101233   -0.00222993838057139   -0.00745443646053001   0
0.112936627729094   0.188832046534407   0.00869061957093971   -0.00651580856682629   0
0.106760864736007   0.213845899430671   -0.00617576299308707   0.0250138528962635   0
0.109175129670086   0.219613891074774   0.00241426493407851   0.00576799164410288   0
0.108222497856453   0.210448527212291   -0.000952631813632462   -0.00916536386248229   0
0.11685810156981   0.208117520108958   0.00863560371335675   -0.00233100710333331   0
0.103827137749413   0.21133840979955   -0.0130309638203968   0.003220889690592   0
0.106495806720124   0.217672424556034   0.00266866897071086   0.00633401475648451   0
0.112287168729869   0.211466426121855   0.00579136200974474   -0.00620599843417935   0
0.107469932835701   0.215497605366864   -0.00481723589416808   0.00403117924500856   0
0.115479057667484   0.21356503553206   0.00800912483178297   -0.0019325698348038   0
0.156415118392245   0.188616377940544   0.0409360607247614   -0.0249486575915162   0
0.116993849458166   0.185193220775795   -0.039421268934079   -0.00342315716474823   0
0.205317114234079   0.211702874057729   0.0883232647759134   0.0265096532819332   0
0.114394846058772   0.234413268209913   -0.0909222681753076   0.0227103941521842   0
0.120805705149697   0.258304072188671   0.00641085909092547   0.0238908039787579   0
0.115582983481047   0.230437517751016   -0.00522272166865018   -0.0278665544376543   0
0.111843769356674   0.230688570401423   -0.00373921412437306   0.000251052650407063   0
0.134024152126324   0.244184293005514   0.0221803827696498   0.0134957226040901   0
0.14817109206468   0.238193641962795   0.0141469399383565   -0.00599065104271893   0
0.127457720082583   0.241660836111791   -0.0207133719820977   0.00346719414899654   0
0.12477900343343   0.232709209691516   -0.00267871664915244   -0.00895162642027511   0
0.123309634662518   0.236898952007496   -0.00146936877091251   0.00418974231598016   0
0.140528865476421   0.229347016763899   0.0172192308139031   -0.00755193524359757   0
0.131174725709109   0.227848801981709   -0.00935413976731181   -0.00149821478218978   0
0.111934280770951   0.254040622158642   -0.0192404449381585   0.0261918201769333   0
0.146893255594837   0.237704017406627   0.034958974823886   -0.0163366047520153   0
0.135713894334589   0.257748298565674   -0.0111793612602476   0.0200442811590474   0
0.141097658527844   0.243339396698315   0.0053837641932547   -0.0144089018673592   0
0.126597408022044   0.243309427181213   -0.0145002505057993   -2.99695171021297e-05   0
0.132357315735172   0.242012217509778   0.00575990771312754   -0.00129720967143521   0
0.138130809061773   0.238080051878565   0.00577349332660107   -0.00393216563121326   0
0.138306825523869   0.238869642264353   0.000176016462096196   0.000789590385788491   0
0.135634002936542   0.223317258549916   -0.00267282258732679   -0.0155523837144371   0
0.144908150521391   0.232263497485076   0.00927414758484818   0.00894623893516025   0
0.133040477483584   0.231907458244124   -0.0118676730378067   -0.000356039240952455   0
0.121898246228771   0.237063329470207   -0.0111422312548133   0.00515587122608341   0
0.161341068151045   0.230124421564183   0.0394428219222739   -0.00693890790602375   0
