0.103281962218482   0.144561583103647   0   0   0
0.0906648751741268   0.137407602647133   -0.0126170870443554   -0.00715398045651314   0
0.0701603257875133   0.141787557942376   -0.0205045493866136   0.00437995529524213   0
0.0878194606098785   0.125063446236031   0.0176591348223652   -0.016724111706345   0
0.0824669300547195   0.116276203695533   -0.00535253055515898   -0.00878724254049791   0
0.086421379322538   0.0907969304482398   0.0039544492678185   -0.0254792732472928   0
0.101376506074386   0.0931595801249796   0.0149551267518479   0.00236264967673983   0
0.0852360183842488   0.0975429911338841   -0.0161404876901371   0.00438341100890451   0
0.0737983765895294   0.109095642939544   -0.0114376417947194   0.01155265180566   0
0.0649203295113326   0.0843400195078528   -0.00887804707819682   -0.0247556234316913   0
0.0743604675201145   0.0794261568769697   0.00944013800878191   -0.00491386263088316   0
0.101955428318506   0.0392332663624251   0.0275949607983914   -0.0401928905145446   0
0.0911851659997941   0.068288811736715   -0.0107702623187119   0.0290555453742899   0
0.0887929316232435   0.0434839019514406   -0.00239223437655055   -0.0248049097852744   0
0.0789602007876753   0.0507721049988328   -0.00983273083556821   0.00728820304739217   0
0.0646137951912747   0.0534627204779414   -0.0143464055964006   0.00269061547910868   0
0.0878497540912893   0.0418144638551064   0.0232359589000146   -0.011648256622835   0
0.0798370205383442   0.0396888841784447   -0.00801273355294507   -0.00212557967666168   0
0.083534248644553   0.0462395651337953   0.00369722810620872   0.0065506809553506   0
0.0877543575823446   0.037086559461414   0.00422010893779164   -0.00915300567238128   0
0.0705739872095236   0.0384273575064693   -0.017180370372821   0.00134079804505523   0
0.0852437221183472   0.0402033718150605   0.0146697349088236   0.00177601430859121   0
0.0710326094983142   0.0608040096984815   -0.014211112620033   0.020600637883421   0
0.0823845553870384   0.0427777374874478   0.0113519458887242   -0.0180262722110336   0
0.0877586213150594   0.0336920771742868   0.00537406592802099   -0.009085660313161   0
0.0935961100388793   0.0467470009114371   0.00583748872381989   0.0130549237371502   0
0.0927711040950791   0.0373106958557945   -0.000825005943800208   -0.00943630505564259   0
0.0910890701242471   0.0364483517012772   -0.00168203397083203   -0.00086234415451724   0
0.0863571386254779   0.0345756600660783   -0.0047319314987692   -0.00187269163519897   0
0.0952361281633708   0.0288276349987022   0.00887898953789298   -0.00574802506737608   0
0.102439178699314   0.0371524348478333   0.00720305053594322   0.00832479984913113   0
0.0950196374254291   0.0301750342788952   -0.007419541273885   -0.00697740056893813   0
0.0982383457003425   0.0222531214404294   0.00321870827491343   -0.00792191283846577   0
0.101627616173066   0.0211064862031793   0.00338927047272337   -0.00114663523725009   0
0.114406619523959   0.0734121068622036   0.0127790033508935   0.0523056206590242   0
0.1301858608191   0.128095031518557   0.0157792412951404   0.054682924656353   0
0.119310770747699   0.139815253578508   -0.0108750900714007   0.0117202220599515   0
0.112709803716846   0.147499961010808   -0.00660096703085285   0.00768470743230038   0
0.127413901109887   0.148389326928599   0.0147040973930405   0.000889365917790153   0
0.11166806359179   0.15744881210372   -0.015745837518097   0.0090594851751214   0
0.120059905623526   0.153726527630147   0.00839184203173639   -0.00372228447357245   0
0.116199801105596   0.151787240921207   -0.00386010451793044   -0.00193928670894059   0
0.121588132856871   0.148102960848939   0.00538833175127482   -0.00368428007226743   0
0.119555728030781   0.14727680101928   -0.00203240482608984   -0.000826159829659778   0
0.127135163169046   0.137132860748336   0.00757943513826555   -0.0101439402709437   0
0.0792479748983531   0.161358752057248   -0.0478871882706931   0.0242258913089122   0
0.0779940810849772   0.164123718796134   -0.00125389381337586   0.00276496673888588   0
0.117984950976894   0.154916865084148   0.0399908698919164   -0.00920685371198646   0
0.140679488603065   0.170052006508487   0.0226945376261717   0.0151351414243394   0
0.147004479169786   0.165594312096581   0.00632499056672051   -0.00445769441190563   0
0.168790641199505   0.172071462360702   0.0217861620297191   0.00647715026412105   0
0.15372755623391   0.164946952164175   -0.0150630849655948   -0.00712451019652702   0
0.157178693950707   0.166368037081236   0.00345113771679684   0.00142108491706086   0
0.153102504049868   0.168342080532897   -0.00407618990083847   0.00197404345166025   0
0.161686264344007   0.158330370027168   0.00858376029413815   -0.0100117105057283   0
0.178804308708319   0.172242388566964   0.0171180443643128   0.0139120185397955   0
0.18987112859969   0.178899899348689   0.0110668198913705   0.00665751078172525   0
0.196533784715046   0.164213873253707   0.00666265611535594   -0.0146860260949823   0
0.201473334793664   0.165394633689006   0.00493955007861854   0.00118076043529983   0
0.213046061954334   0.165849342043217   0.0115727271606698   0.000454708354210492   0
0.222804059040674   0.162338820924679   0.00975799708633945   -0.0035105211185382   0
0.245527081068647   0.171697216364158   0.0227230220279734   0.00935839543947972   0
0.260672474809386   0.181152747301567   0.0151453937407389   0.00945553093740811   0
0.242444057332759   0.175137373735607   -0.0182284174766273   -0.00601537356595977   0
0.228897774108028   0.176517454910442   -0.0135462832247303   0.00138008117483546   0
0.234778350613105   0.169615788007492   0.00588057650507648   -0.00690166690295041   0
0.22876552423864   0.166481921909888   -0.0060128263744644   -0.00313386609760394   0
0.231415010961195   0.169714257352648   0.00264948672255452   0.00323233544276033   0
0.238734723284821   0.167669619378527   0.00731971232362588   -0.00204463797412152   0
0.270246309856934   0.178290079370105   0.0315115865721132   0.0106204599915785   0
0.235732281257023   0.183789234316946   -0.0345140285999115   0.00549915494684067   0
0.255011799536767   0.192547697074029   0.0192795182797439   0.00875846275708367   0
0.255166834532331   0.17291062995913   0.000155034995564518   -0.0196370671148999   0
0.26754541482083   0.187373163352573   0.0123785802884989   0.0144625333934434   0
0.258941105949789   0.188798047938962   -0.00860430887104063   0.00142488458638881   0
0.26757081524703   0.199791239275462   0.00862970929724022   0.0109931913365002   0
0.266760120577346   0.200162111026631   -0.000810694669683865   0.000370871751168705   0
0.304133261764379   0.201241768691096   0.0373731411870329   0.00107965766446486   0
0.288413262209299   0.196911548577091   -0.0157199995550793   -0.00433022011400444   0
0.296279760074511   0.197903373746598   0.0078664978652121   0.000991825169506744   0
0.3027044319219   0.198849125580294   0.00642467184738837   0.00094575183369619   0
0.282729418906505   0.165822637850476   -0.0199750130153947   -0.0330264877298184   0
0.285208100632468   0.184064744787099   0.00247868172596299   0.0182421069366237   0
0.285804455773908   0.188030520752277   0.000596355141440408   0.00396577596517778   0
0.299660196243762   0.185591679117333   0.0138557404698536   -0.00243884163494426   0
0.335929111905607   0.1818028876051   0.0362689156618452   -0.00378879151223316   0
0.31277231338512   0.187909703197321   -0.0231567985204868   0.00610681559222118   0
0.317146078273104   0.202725083903581   0.00437376488798386   0.0148153807062605   0
0.331389278765925   0.23760333966071   0.0142432004928208   0.0348782557571282   0
0.326132653221048   0.256376717014967   -0.0052566255448776   0.0187733773542575   0
0.304944706313522   0.240951247873942   -0.0211879469075258   -0.0154254691410247   0
0.301921715024094   0.258093470111842   -0.00302299128942812   0.0171422222379001   0
0.300336675829377   0.258600154980155   -0.00158503919471709   0.000506684868312179   0
0.292804983769812   0.260207272292801   -0.00753169205956428   0.00160711731264662   0
0.331599879615479   0.261169394644472   0.0387948958456665   0.000962122351670869   0
0.301815990376073   0.25652061596305   -0.0297838892394054   -0.00464877868142227   0
0.321991932907348   0.260817649660299   0.0201759425312746   0.00429703369724926   0
0.337292311276139   0.251775085815818   0.0153003783687914   -0.00904256384448116   0
0.33286729044771   0.257680837393223   -0.00442502082842949   0.00590575157740481   0
0.323042508828173   0.238883465139516   -0.00982478161953709   -0.0187973722537065   0
0.313046907700044   0.240614019458987   -0.00999560112812847   0.00173055431947119   0
0.310594797116372   0.240072428286908   -0.00245211058367267   -0.000541591172079664   0
0.313923504325512   0.257029528075088   0.0033287072091408   0.0169570997881803   0
0.32488605104307   0.235478089230299   0.0109625467175571   -0.0215514388447894   0
0.305143259937443   0.252434700153119   -0.0197427911056263   0.0169566109228201   0
0.287615778731001   0.257235796162048   -0.0175274812064424   0.00480109600892881   0
0.312286829767139   0.259370038984406   0.0246710510361381   0.00213424282235875   0
0.334837741059756   0.2677970953642   0.0225509112926168   0.0084270563797938   0
0.355725857633375   0.247089754400724   0.0208881165736191   -0.0207073409634763   0
0.326321964318984   0.261524373672286   -0.0294038933143912   0.0144346192715624   0
0.322839745236379   0.261114317729175   -0.00348221908260476   -0.000410055943111332   0
0.317757069542693   0.257447209049098   -0.00508267569368559   -0.00366710868007686   0
0.300064021537071   0.261141183025796   -0.0176930480056219   0.00369397397669841   0
0.317914493314555   0.257113082357024   0.0178504717774833   -0.00402810066877207   0
0.326303479887497   0.2614952816116   0.00838898657294213   0.00438219925457567   0
0.350854676388957   0.248917115216978   0.0245511965014606   -0.0125781663946216   0
0.336893794540075   0.264245284115105   -0.0139608818488828   0.0153281688981265   0
0.338993236653536   0.256107067741541   0.00209944211346103   -0.00813821637356438   0
0.339689857263372   0.257679422777703   0.000696620609836274   0.0015723550361621   0
0.338542852058288   0.256027337962228   -0.00114700520508371   -0.00165208481547446   0
0.357497626114146   0.256754772156817   0.0189547740558582   0.00072743419458865   0
0.344358015793679   0.255223024254947   -0.013139610320467   -0.00153174790186933   0
0.341555177565924   0.257293017875068   -0.00280283822775529   0.00206999362012061   0
0.34926744145139   0.267593633494997   0.00771226388546564   0.0103006156199293   0
0.36711113222587   0.263194188506547   0.0178436907744799   -0.0043994449884508   0
0.365566639974725   0.277529725671864   -0.00154449225114495   0.0143355371653172   0
0.3647705668571   0.258831817372812   -0.000796073117624863   -0.0186979082990523   0
0.364374036512812   0.243134245677815   -0.000396530344287938   -0.0156975716949968   0
0.355270324202993   0.250975088037867   -0.0091037123098186   0.00784084236005203   0
0.352003695237138   0.256994862891826   -0.00326662896585528   0.00601977485395933   0
0.36526309993183   0.246285774538061   0.0132594046946918   -0.0107090883537654   0
0.368305245080124   0.252279472998855   0.00304214514829376   0.00599369846079414   0
0.402214802107543   0.259788278876864   0.0339095570274193   0.00750880587800928   0
0.394554901046939   0.255147046195128   -0.00765990106060371   -0.00464123268173577   0
0.408937376241351   0.250820924898437   0.0143824751944114   -0.00432612129669119   0
0.372722070740062   0.244348582872221   -0.0362153055012884   -0.00647234202621658   0
0.338239444426282   0.315508302229925   -0.0344826263137801   0.0711597193577047   0
0.271318461242964   0.303716361143045   -0.0669209831833177   -0.0117919410868805   0
0.282915246621674   0.370097314148266   0.0115967853787093   0.0663809530052207   0
0.315505310194837   0.376444450718376   0.0325900635731627   0.0063471365701106   0
0.274706788084241   0.37114249417139   -0.0407985221105956   -0.00530195654698656   0
0.271985985679869   0.362937225428875   -0.00272080240437172   -0.0082052687425147   0
0.291677324592519   0.361342740320724   0.0196913389126503   -0.00159448510815119   0
0.293143815440481   0.36230735984073   0.00146649084796102   0.000964619520005927   0
0.273338337560778   0.353536363407981   -0.0198054778797022   -0.0087709964327487   0
0.259388129877313   0.356884589304179   -0.0139502076834649   0.00334822589619799   0
0.264512060408617   0.348422242318153   0.00512393053130406   -0.0084623469860256   0
0.250668420784854   0.352370412091098   -0.0138436396237637   0.00394816977294432   0
0.266820678436919   0.376795316655505   0.016152257652065   0.0244249045644076   0
0.260530939049714   0.384015573675404   -0.00628973938720512   0.00722025701989915   0
0.260497709585849   0.373890930223605   -3.32294638646924e-05   -0.0101246434517997   0
0.291219010463762   0.362218808182485   0.0307213008779134   -0.0116721220411196   0
0.285579654989914   0.389333489554331   -0.00563935547384875   0.027114681371846   0
0.282377800881656   0.374312705268352   -0.00320185410825785   -0.0150207842859787   0
0.316677625792951   0.380524538173769   0.0342998249112949   0.00621183290541627   0
0.297690088550963   0.371561273361286   -0.0189875372419879   -0.00896326481248316   0
0.287833480589663   0.382860047985958   -0.00985660796129956   0.0112987746246724   0
0.293035337611115   0.391546931446439   0.00520185702145159   0.00868688346048113   0
0.300990577916818   0.378171753630877   0.00795524030570316   -0.0133751778155624   0
0.301154921293842   0.381619847843404   0.000164343377024034   0.00344809421252695   0
0.310836411652443   0.386760844860261   0.0096814903586015   0.00514099701685689   0
0.301929702640273   0.380447633527957   -0.0089067090121705   -0.00631321133230378   0
0.304615446029744   0.384184886492523   0.00268574338947131   0.0037372529645659   0
0.312325698014637   0.388037887079371   0.00771025198489239   0.00385300058684812   0
0.322424841431937   0.383118468842893   0.0100991434173008   -0.00491941823647807   0
0.295489531300472   0.384427382513902   -0.0269353101314656   0.00130891367100944   0
0.286873692401691   0.399458177490072   -0.00861583889878087   0.01503079497617   0
0.285286418569382   0.392210929060375   -0.00158727383230939   -0.00724724842969715   0
0.281997765420653   0.385762929562523   -0.00328865314872867   -0.00644799949785213   0
0.295664395247805   0.396752214084484   0.0136666298271516   0.0109892845219608   0
0.303363818456074   0.400450476411094   0.00769942320826972   0.00369826232661069   0
0.296577906716347   0.412242608303257   -0.00678591173972759   0.0117921318921625   0
0.297010647160064   0.432378432008189   0.000432740443717272   0.0201358237049319   0
0.306775557031537   0.422638259892621   0.00976490987147272   -0.00974017211556794   0
0.287730591492128   0.438702203134142   -0.0190449655394084   0.0160639432415211   0
0.319719577400635   0.45241145899999   0.0319889859085071   0.0137092558658484   0
0.313257474653998   0.490134174691227   -0.00646210274663767   0.0377227156912363   0
0.337495042502029   0.473195556938408   0.0242375678480313   -0.0169386177528189   0
0.304712270440349   0.473617151980901   -0.0327827720616803   0.000421595042493284   0
0.333709696799554   0.475122610362841   0.0289974263592049   0.00150545838193983   0
0.333993870279128   0.479649513623489   0.000284173479574212   0.00452690326064836   0
0.341238749891773   0.478896904176149   0.00724487961264508   -0.000752609447340014   0
0.313852314218474   0.470971530114613   -0.0273864356732992   -0.00792537406153609   0
0.301382513520061   0.481679347994597   -0.012469800698413   0.0107078178799837   0
0.322837501497967   0.48648680227037   0.0214549879779065   0.004807454275773   0
0.294574370065082   0.514991745533363   -0.028263131432885   0.028504943262993   0
0.396556641239672   0.47415901018544   0.10198227117459   -0.0408327353479227   0
0.322051207364745   0.438275244549441   -0.074505433874927   -0.035883765635999   0
0.286662871633021   0.406404673755249   -0.0353883357317238   -0.0318705707941926   0
0.310378198115847   0.406990183539616   0.0237153264828258   0.000585509784367055   0
0.303047348656542   0.437369216628128   -0.00733084945930457   0.0303790330885125   0
0.299091364082967   0.442426970239974   -0.00395598457357538   0.00505775361184546   0
0.290944823660174   0.448027793487469   -0.00814654042279267   0.00560082324749522   0
0.274861168957003   0.475707367888666   -0.0160836547031717   0.027679574401197   0
0.301888654596707   0.456803407434207   0.0270274856397045   -0.0189039604544584   0
0.301459416446659   0.459332674044053   -0.000429238150048472   0.00252926660984532   0
0.304118925291752   0.486390570612435   0.00265950884509292   0.0270578965683821   0
0.303688964779896   0.495927788921936   -0.000429960511855676   0.00953721830950072   0
0.279775371437087   0.468755817386718   -0.023913593342809   -0.0271719715352177   0
0.292384963165276   0.486844639404862   0.0126095917281894   0.018088822018144   0
0.274500296923337   0.518238619433715   -0.0178846662419397   0.0313939800288526   0
0.291034521225576   0.528140742927811   0.0165342243022389   0.00990212349409625   0
0.293629244330329   0.570130012183758   0.00259472310475334   0.0419892692559477   0
0.36532465788835   0.58314589004216   0.0716954135580211   0.0130158778584012   0
0.256862524384154   0.578752719574388   -0.108462133504196   -0.00439317046777177   0
0.243807593447148   0.571637987395432   -0.0130549309370054   -0.00711473217895608   0
0.200860954372048   0.591162554947664   -0.0429466390751003   0.0195245675522323   0
0.200994152496559   0.586785201369931   0.000133198124510875   -0.00437735357773339   0
0.198200969010068   0.592738142614005   -0.0027931834864908   0.00595294124407386   0
0.206209825785606   0.608917217097899   0.00800885677553786   0.0161790744838946   0
0.188643810183372   0.613377743205808   -0.0175660156022343   0.0044605261079087   0
0.179355889559418   0.724381904212136   -0.00928792062395417   0.111004161006328   0
0.182638940227132   0.559058595710011   0.00328305066771464   -0.165323308502124   0
0.204602468801723   0.557074477563144   0.0219635285745907   -0.00198411814686739   0
0.210511187442972   0.570421773131294   0.00590871864124887   0.0133472955681504   0
0.204672563438972   0.581421529228365   -0.00583862400399981   0.01099975609707   0
0.198407687536043   0.558390920271811   -0.00626487590292915   -0.0230306089565535   0
0.214141933618803   0.562623655701571   0.0157342460827606   0.0042327354297601   0
0.19966752703855   0.573109317986543   -0.0144744065802536   0.0104856622849715   0
0.213200833913378   0.549269940397934   0.0135333068748287   -0.0238393775886085   0
0.221267683077059   0.570227466649494   0.00806684916368092   0.0209575262515601   0
0.194333531907414   0.56754806111333   -0.0269341511696451   -0.0026794055361643   0
0.204575726015112   0.583731991851783   0.0102421941076973   0.0161839307384531   0
0.210861746443019   0.603200917907748   0.00628602042790735   0.0194689260559651   0
0.223090086687889   0.59878680985243   0.0122283402448705   -0.00441410805531817   0
0.228624190347916   0.575001687021438   0.0055341036600263   -0.0237851228309917   0
0.226090862895784   0.546631609537218   -0.00253332745213211   -0.0283700774842198   0
0.238551540775175   0.57429057186454   0.0124606778793915   0.0276589623273212   0
0.239554806411894   0.600848063384788   0.00100326563671896   0.0265574915202481   0
0.228274588291733   0.591462755221747   -0.0112802181201614   -0.00938530816304095   0
0.241421947900124   0.589441328060945   0.0131473596083911   -0.00202142716080234   0
0.276354086992684   0.573716293048664   0.0349321390925604   -0.0157250350122808   0
0.257660854288132   0.606518998079409   -0.018693232704552   0.0328027050307452   0
0.246573966637782   0.598111653169791   -0.0110868876503501   -0.00840734490961825   0
0.323370555389711   0.57429999741359   0.0767965887519289   -0.0238116557562003   0
0.21922453090211   0.527760508277429   -0.104146024487601   -0.0465394891361616   0
0.217925978091384   0.549069382117825   -0.00129855281072555   0.021308873840396   0
0.196574233707523   0.510178506197831   -0.0213517443838607   -0.0388908759199941   0
0.201727373793543   0.526824856011464   0.00515314008602014   0.0166463498136334   0
0.218008502967591   0.562336319062489   0.0162811291740473   0.0355114630510253   0
0.233170266442786   0.617941785225356   0.0151617634751957   0.0556054661628665   0
0.218496343442859   0.614855597326112   -0.0146739229999269   -0.00308618789924409   0
0.213053452238587   0.593835828154971   -0.00544289120427216   -0.0210197691711412   0
0.217213445954651   0.608616532485563   0.00415999371606371   0.0147807043305921   0
0.268050607487579   0.632011474767073   0.0508371615329277   0.0233949422815098   0
0.285355228436225   0.628468100628226   0.017304620948646   -0.00354337413884664   0
0.253083843255886   0.640730570171465   -0.0322713851803386   0.0122624695432385   0
0.230524201538879   0.638902875556215   -0.0225596417170075   -0.00182769461524979   0
0.217310282371279   0.630347022712886   -0.0132139191676   -0.00855585284332849   0
0.221382539986445   0.639424689003326   0.00407225761516641   0.00907766629043971   0
0.240389989042909   0.607729130603018   0.019007449056464   -0.031695558400308   0
0.275894423396433   0.632881264554024   0.0355044343535234   0.0251521339510058   0
0.263580861355012   0.703475590234835   -0.0123135620414206   0.0705943256808117   0
0.255935437840054   0.726706259621623   -0.00764542351495823   0.0232306693867879   0
0.23667763424181   0.744791802882692   -0.0192578035982437   0.0180855432610683   0
0.254599122923568   0.73615342513925   0.0179214886817578   -0.00863837774344112   0
0.253600437246567   0.748079102213295   -0.000998685677000788   0.011925677074045   0
0.255450371609634   0.718231836260584   0.0018499343630668   -0.0298472659527117   0
0.24935087983021   0.755167467102662   -0.00609949177942348   0.0369356308420781   0
0.251027380176924   0.759955219034813   0.00167650034671385   0.00478775193215075   0
0.254020989345149   0.777560933622086   0.00299360916822505   0.0176057145872734   0
0.238179453973784   0.804294199966965   -0.015841535371365   0.0267332663448792   0
0.231135246298454   0.804385959756416   -0.00704420767533043   9.17597894504185e-05   0
0.230107807623781   0.783935037056802   -0.001027438674673   -0.0204509226996132   0
0.237923591816861   0.777853211718156   0.00781578419307979   -0.00608182533864665   0
0.242731106715592   0.790753623378515   0.00480751489873138   0.012900411660359   0
0.239406933748511   0.799551926494615   -0.00332417296708062   0.00879830311610008   0
0.223291566258129   0.771710349455189   -0.0161153674903824   -0.0278415770394259   0
0.224450445054833   0.775432878711949   0.00115887879670357   0.00372252925675987   0
0.23079967267128   0.784308474661596   0.00634922761644746   0.00887559594964749   0
0.237414905739741   0.782799184678453   0.00661523306846079   -0.0015092899831437   0
0.236452008594111   0.660606120936864   -0.000962897145629915   -0.122193063741589   0
0.186361701614468   0.6490084688912   -0.0500903069796428   -0.0115976520456633   0
0.220462753270683   0.664321907708341   0.0341010516562149   0.0153134388171411   0
0.22081234239426   0.640553731506967   0.000349589123577299   -0.0237681762013741   0
0.226156515212811   0.705155416161927   0.00534417281855099   0.0646016846549594   0
0.262386716325637   0.695438744805213   0.0362302011128254   -0.00971667135671384   0
0.273416462028405   0.706280741179632   0.011029745702768   0.010841996374419   0
0.281716325552372   0.732994641959442   0.00829986352396739   0.0267139007798098   0
0.277665636522311   0.732462579383411   -0.00405068903006117   -0.000532062576030556   0
0.252544595765659   0.748298644131639   -0.0251210407566521   0.0158360647482284   0
0.263323589917994   0.714195279728171   0.0107789941523355   -0.0341033644034687   0
0.286253871356773   0.732034823620605   0.0229302814387788   0.017839543892434   0
0.273791739136566   0.718553068723876   -0.0124621322202066   -0.0134817548967283   0
0.301741225812769   0.797707687152537   0.0279494866762025   0.0791546184286607   0
0.285582417293962   0.786898873976352   -0.0161588085188065   -0.0108088131761855   0
0.297953898028127   0.778265069389119   0.0123714807341647   -0.00863380458723273   0
0.29673493668424   0.772848642000004   -0.00121896134388699   -0.00541642738911519   0
0.313189341530073   0.79025140537379   0.0164544048458332   0.0174027633737862   0
0.325360118001571   0.752762921442236   0.0121707764714976   -0.0374884839315539   0
0.299071696258415   0.739072406290142   -0.0262884217431559   -0.0136905151520944   0
