0.202341324092732   0.0948710438598759   0   0   0
0.136062105433989   0.0850672661533947   -0.0662792186587428   -0.00980377770648116   0
0.214658468970642   0.0752786636933069   0.0785963635366526   -0.00978860246008786   0
0.0951790950428213   0.110126355548797   -0.119479373927821   0.0348476918554899   0
0.207395176596516   0.0724695420311871   0.112216081553695   -0.0376568135176096   0
0.0951861738693961   0.094341024928832   -0.11220900272712   0.0218714828976448   0
0.214923295792057   0.0962013437263742   0.119737121922661   0.00186031879754223   0
0.090015201021272   0.0942805900987048   -0.124908094770785   -0.00192075362766939   0
0.189936136057386   0.0606499956152101   0.0999209350361144   -0.0336305944834948   0
0.066634956445164   0.0952337220542309   -0.123301179612222   0.0345837264390208   0
0.19179266600131   0.0678494238128077   0.125157709556146   -0.0273842982414232   0
0.107859545497466   0.070213337358101   -0.0839331205038436   0.00236391354529326   0
0.187207797448824   0.057742134746128   0.0793482519513579   -0.012471202611973   0
0.194123063282445   0.0510982929991061   0.00691526583362037   -0.00664384174702183   0
0.113484953572797   0.0389567204208799   -0.0806381097096471   -0.0121415725782263   0
0.200567020569784   0.0537476826859075   0.0870820669969861   0.0147909622650276   0
0.0741192993785694   0.070002012688922   -0.126447721191214   0.0162543300030145   0
0.202234124710792   0.032119305132311   0.128114825332222   -0.037882707556611   0
0.100210826081417   0.0345098479723763   -0.102023298629375   0.0023905428400653   0
0.165225903543028   0.0371939804035559   0.065015077461611   0.00268413243117959   0
0.0859033444956598   0.0325997983308946   -0.0793225590473682   -0.00459418207266127   0
0.119664333043549   0.0761872139602342   0.0337609885478888   0.0435874156293396   0
0.148858341467114   0.00900905521091002   0.0291940084235658   -0.0671781587493241   0
0.159262632780982   0.0130015083886025   0.0104042913138679   0.00399245317769243   0
0.149819771668128   0.0167672387453301   -0.00944286111285425   0.00376573035672768   0
0.194323521646248   0.0180836131808946   0.0445037499781205   0.00131637443556447   0
0.139097524744512   0.0567572607034774   -0.055225996901737   0.0386736475225828   0
0.138432138598464   0.0663974919976274   -0.000665386146047359   0.00964023129415005   0
0.188986899418981   0.0381231054054165   0.0505547608205167   -0.0282743865922109   0
0.169754149636143   0.0316081591139456   -0.019232749782838   -0.00651494629147098   0
0.171484519986062   0.0651434025983445   0.0017303703499188   0.033535243484399   0
0.184501778434274   0.0493501418911081   0.0130172584482125   -0.0157932607072364   0
0.169112316060215   0.0520822658309429   -0.0153894623740593   0.0027321239398348   0
0.173865824314642   0.0443095384271437   0.00475350825442727   -0.00777272740379917   0
0.155032305234812   0.0546799695944959   -0.0188335190798298   0.0103704311673522   0
0.143015142601229   0.0819639502654826   -0.0120171626335828   0.0272839806709866   0
0.227115374899213   0.0719956993216435   0.0841002322979834   -0.00996825094383909   0
0.112648373262946   0.110947402687997   -0.114467001636266   0.0389517033663532   0
0.150100367935259   0.0618202161357828   0.0374519946723121   -0.0491271865522139   0
0.223904165798875   0.0809610199817326   0.0738037978636162   0.0191408038459498   0
0.0921720287834921   0.13573288979224   -0.131732137015383   0.0547718698105079   0
0.0968368856592879   0.130967096657176   0.00466485687579578   -0.00476579313506481   0
0.107802748240896   0.122052808295467   0.0109658625816081   -0.00891428836170874   0
0.0891786483635119   0.124546615187086   -0.0186240998773841   0.00249380689161874   0
0.104060150514642   0.126738279184692   0.0148815021511304   0.00219166399760631   0
0.0721748957710366   0.154645852286438   -0.0318852547436056   0.0279075731017462   0
0.0717048477386292   0.164051073056449   -0.000470048032407411   0.00940522077001119   0
0.0863723616775644   0.149190796331658   0.0146675139389352   -0.0148602767247909   0
0.0711540272087954   0.170214235136372   -0.015218334468769   0.0210234388047131   0
0.0703163252429647   0.163178522921582   -0.000837701965830689   -0.00703571221478969   0
0.0870126763174769   0.155526859027798   0.0166963510745121   -0.00765166389378408   0
0.084838633033483   0.172106422095865   -0.00217404328399384   0.016579563068067   0
0.102227395875959   0.176580476547834   0.0173887628424758   0.00447405445196869   0
0.0784623553974133   0.183297665879335   -0.0237650404785455   0.00671718933150189   0
0.149506674621068   0.142596922050022   0.071044319223655   -0.0407007438293136   0
0.159263265345182   0.129950844377249   0.00975659072411411   -0.0126460776727728   0
0.0882638945780776   0.184232949131636   -0.0709993707671048   0.054282104754387   0
0.123656707064275   0.154826162344652   0.0353928124861977   -0.0294067867869842   0
0.0693827541076311   0.187478817673551   -0.0542739529566442   0.0326526553288989   0
0.0605311620543535   0.192282282618186   -0.00885159205327765   0.00480346494463535   0
0.0890943517517244   0.184365370278043   0.028563189697371   -0.00791691234014288   0
0.0715526329261195   0.18807486718137   -0.0175417188256049   0.00370949690332689   0
0.161751750488086   0.147940835329736   0.0901991175619664   -0.0401340318516343   0
0.0839773231759622   0.201274863803984   -0.0777744273121237   0.0533340284742487   0
0.0899849554617882   0.185590818884691   0.00600763228582597   -0.015684044919294   0
0.0807224544149272   0.212926694954508   -0.00926250104686097   0.0273358760698172   0
0.0516857678498646   0.198028685011515   -0.0290366865650626   -0.0148980099429923   0
0.0959471100207297   0.221112328184681   0.044261342170865   0.0230836431731654   0
0.0816741081133427   0.203516884942012   -0.0142730019073869   -0.0175954432426692   0
0.108869632802632   0.20805905610677   0.0271955246892896   0.00454217116475816   0
0.043449458270616   0.196062587796601   -0.0654201745320163   -0.0119964683101685   0
0.112294553678841   0.20282674224754   0.0688450954082245   0.00676415445093861   0
0.0401739740626204   0.198120614443961   -0.0721205796162201   -0.00470612780357929   0
0.082984600043502   0.219258185490873   0.0428106259808816   0.0211375710469122   0
0.0656187720702696   0.211485035206986   -0.0173658279732324   -0.00777315028388709   0
0.0609912728936108   0.207990242262708   -0.00462749917665888   -0.00349479294427765   0
0.112500191534326   0.227914351742052   0.0515089186407151   0.0199241094793444   0
0.0967995156918153   0.185189025079113   -0.0157006758425105   -0.042725326662939   0
0.0744809410319177   0.190149210782671   -0.0223185746598976   0.00496018570355719   0
0.1160417102246   0.224487351614746   0.0415607691926822   0.0343381408320752   0
0.10399140561532   0.195839563767392   -0.0120503046092799   -0.0286477878473535   0
0.0802472723211824   0.224692162448293   -0.0237441332941376   0.0288525986809005   0
0.0809187124521269   0.214018875126944   0.00067144013094457   -0.0106732873213487   0
0.060053435684397   0.21606185532852   -0.02086527676773   0.00204298020157631   0
0.083557293222495   0.235610846681689   0.023503857538098   0.0195489913531688   0
0.0551692014639881   0.22186435738165   -0.0283880917585069   -0.0137464893000393   0
0.129135827403281   0.252733667997558   0.073966625939293   0.0308693106159083   0
0.0532932472792238   0.23825173045594   -0.0758425801240572   -0.014481937541618   0
0.0332976183453345   0.240322027327397   -0.0199956289338894   0.00207029687145646   0
0.201843011616355   0.206107461906016   0.16854539327102   -0.0342145654213803   0
0.26352174366122   0.242069935586233   0.0616787320448656   0.0359624736802164   0
0.225150787257699   0.249443962419543   -0.0383709564035216   0.00737402683331043   0
0.155993530737976   0.260900687909847   -0.0691572565197225   0.0114567254903042   0
0.249667487613506   0.26522787810021   0.0936739568755292   0.00432719019036287   0
0.22054495160978   0.252137562013978   -0.0291225360037262   -0.0130903160862325   0
0.163865084547258   0.238594809619069   -0.0566798670625216   -0.0135427523949083   0
0.201335791542984   0.244518549115727   0.0374707069957263   0.00592373949665714   0
0.173444512647734   0.23387448918481   -0.0278912788952501   -0.010644059930917   0
0.190303416444109   0.260277212822041   0.0168589037963749   0.0264027236372313   0
0.19427623112015   0.267688794854795   0.00397281467604113   0.00741158203275399   0
0.150530794489533   0.293776742520932   -0.0437454366306173   0.0260879476661371   0
0.136401533682653   0.298086902117323   -0.0141292608068797   0.00431015959639092   0
0.20413319550225   0.276970739867074   0.0677316618195972   -0.0211161622502493   0
0.154208623006627   0.253814472268176   -0.0499245724956235   -0.0231562675988981   0
0.136199489865197   0.27661506735066   -0.0180091331414296   0.0228005950824841   0
0.142994701448305   0.269199984456951   0.00679521158310806   -0.00741508289370901   0
0.146589920351469   0.277977857792257   0.00359521890316347   0.00877787333530672   0
0.194857800729147   0.277700621239402   0.0482678803776782   -0.000277236552855109   0
0.153580124094559   0.277215686893184   -0.0412776766345885   -0.000484934346217991   0
0.135996135801316   0.296364169371552   -0.0175839882932425   0.0191484824783678   0
0.184539145554432   0.288309872893888   0.0485430097531164   -0.00805429647766387   0
0.183248739391847   0.28558211909316   -0.00129040616258583   -0.00272775380072787   0
0.180029874858286   0.299833946102989   -0.00321886453356091   0.0142518270098285   0
0.152330153974615   0.291912881596136   -0.0276997208836704   -0.00792106450685232   0
0.191521227883073   0.319779209396515   0.0391910739084578   0.0278663278003782   0
0.156249200306922   0.279470219959283   -0.0352720275761515   -0.0403089894372317   0
0.236595158064763   0.338001118905578   0.080345957757841   0.0585308989462948   0
0.239055318669466   0.355305189746167   0.0024601606047035   0.0173040708405897   0
0.226437858910762   0.361074769294519   -0.0126174597587045   0.00576957954835139   0
0.256122996628573   0.378396616629262   0.0296851377178113   0.017321847334743   0
0.236131846750183   0.341944029024521   -0.0199911498783898   -0.0364525876047407   0
0.199772743686672   0.361758324352699   -0.0363591030635108   0.0198142953281779   0
0.189781190085556   0.354212667804371   -0.0099915536011162   -0.00754565654832745   0
0.194814765114685   0.352746553822769   0.00503357502912913   -0.00146611398160196   0
0.183613450150309   0.328585718061364   -0.0112013149643763   -0.024160835761405   0
0.193544151238832   0.343623864548233   0.00993070108852337   0.0150381464868687   0
0.181380348597526   0.333512572977407   -0.0121638026413065   -0.0101112915708265   0
0.172359515652267   0.349794167891951   -0.00902083294525879   0.0162815949145445   0
0.225281289785104   0.373676847410888   0.0529217741328369   0.0238826795189367   0
0.184989009106001   0.367397181344672   -0.0402922806791033   -0.00627966606621561   0
0.232949565749348   0.377921472705207   0.0479605566433477   0.0105242913605347   0
0.19237023633434   0.361166149390848   -0.0405793294150079   -0.0167553233143588   0
0.195452601407605   0.386018605966422   0.00308236507326423   0.0248524565755741   0
0.164528245665173   0.37287263878   -0.0309243557424314   -0.0131459671864227   0
0.172149980678325   0.365832721356346   0.0076217350131515   -0.0070399174236534   0
0.233146624933753   0.396319987454661   0.0609966442554281   0.0304872660983146   0
0.162731055281406   0.38663824071315   -0.0704155696523469   -0.0096817467415104   0
0.18598830225248   0.399278647394586   0.0232572469710744   0.0126404066814355   0
0.168537041548735   0.410970014119047   -0.0174512607037455   0.0116913667244615   0
0.226175647072115   0.416832018709459   0.0576386055233803   0.00586200459041131   0
0.185616774767153   0.421756084228894   -0.0405588723049622   0.00492406551943536   0
0.24350011630026   0.422949064058617   0.0578833415331067   0.00119297982972283   0
0.255441716961521   0.431674649329747   0.0119416006612617   0.00872558527113004   0
0.205789765535024   0.433837540705055   -0.0496519514264977   0.0021628913753079   0
0.209561190849475   0.436434152070244   0.00377142531445115   0.00259661136518885   0
0.207942019750314   0.442697894841109   -0.00161917109916074   0.00626374277086583   0
0.148252498670882   0.41875239330928   -0.0596895210794316   -0.0239455015318294   0
0.176666384255749   0.411441618486147   0.0284138855848667   -0.00731077482313314   0
0.186291658853772   0.419824770735604   0.0096252745980224   0.00838315224945713   0
0.205872722442508   0.429239344454295   0.0195810635887366   0.00941457371869048   0
0.219658999973686   0.416985604995151   0.0137862775311783   -0.012253739459143   0
0.189013789473176   0.417869705595249   -0.0306452105005108   0.000884100600097415   0
0.240698869257834   0.421211922979695   0.0516850797846586   0.00334221738444607   0
0.196676558190955   0.40701779054947   -0.0440223110668795   -0.0141941324302246   0
0.195064242886312   0.406837608623207   -0.00161231530464306   -0.000180181926263068   0
0.225026808009624   0.428129097975716   0.0299625651233119   0.0212914893525085   0
0.190504431655565   0.427339477428367   -0.0345223763540582   -0.000789620547348491   0
0.236567478672281   0.452740230366984   0.0460630470167153   0.025400752938617   0
0.179519843225338   0.436320673796521   -0.0570476354469425   -0.0164195565704633   0
0.206644329481842   0.458726764107797   0.0271244862565037   0.0224060903112756   0
0.22821638855183   0.459991802456848   0.0215720590699885   0.00126503834905156   0
0.195873549835729   0.458924427641959   -0.0323428387161009   -0.00106737481488867   0
0.259410061681809   0.490568311544121   0.0635365118460796   0.0316438839021617   0
0.238399242478683   0.490340561790958   -0.0210108192031259   -0.000227749753163031   0
0.295781111074659   0.492135267716976   0.0573818685959762   0.00179470592601827   0
0.275045208577863   0.489248586445211   -0.0207359024967967   -0.00288668127176489   0
0.252929483319541   0.479789000956973   -0.0221157252583217   -0.00945958548823866   0
0.239239864584981   0.483787730540792   -0.0136896187345601   0.00399872958381925   0
0.292542304561597   0.51599614294016   0.0533024399766158   0.0322084123993684   0
0.213672687074436   0.498123737888097   -0.0788696174871603   -0.0178724050520631   0
0.310668539157089   0.52064452545979   0.0969958520826531   0.0225207875716926   0
0.197412269001321   0.476964719290903   -0.113256270155768   -0.043679806168887   0
0.245654175159227   0.472931043713827   0.0482419061579054   -0.00403367557707568   0
0.24642767196352   0.467108310312769   0.000773496804292895   -0.00582273340105838   0
0.213247369823147   0.475445274310998   -0.0331803021403726   0.00833696399822897   0
0.29140330396164   0.505658072888439   0.0781559341384931   0.0302127985774412   0
0.213596595968569   0.468939666613148   -0.0778067079930714   -0.0367184062752915   0
0.215731356856192   0.473656388218559   0.0021347608876234   0.00471672160541114   0
0.331321472607798   0.509326745400278   0.115590115751606   0.0356703571817197   0
0.250320464894822   0.507674232393116   -0.0810010077129758   -0.00165251300716207   0
0.298435174159749   0.526763065826233   0.0481147092649271   0.0190888334331168   0
0.262350988807666   0.511821677673545   -0.0360841853520836   -0.0149413881526879   0
0.365387023631108   0.552151317890567   0.103036034823442   0.0403296402170217   0
0.296739277571558   0.524323926388127   -0.0686477460595504   -0.0278273915024396   0
0.383365731734071   0.55325844573044   0.0866264541625137   0.0289345193423129   0
0.325721834562315   0.538102516856166   -0.0576438971717566   -0.0151559288742747   0
0.322108750540807   0.549783923165385   -0.00361308402150762   0.0116814063092198   0
0.315352693808631   0.542432587286773   -0.0067560567321765   -0.00735133587861259   0
0.214827575807297   0.490439015681569   -0.100525118001334   -0.0519935716052038   0
0.352595210253911   0.521121156858434   0.137767634446614   0.0306821411768649   0
0.281762884874638   0.49908207627649   -0.0708323253792736   -0.0220390805819436   0
0.342543702578591   0.515344849923013   0.0607808177039529   0.0162627736465224   0
0.308141562123466   0.502705766809065   -0.0344021404551245   -0.0126390831139477   0
0.369342269355458   0.518033441632739   0.0612007072319922   0.0153276748236737   0
0.334843484872619   0.514328969234536   -0.0344987844828392   -0.00370447239820293   0
0.3237214711306   0.511791119203919   -0.011122013742019   -0.0025378500306168   0
0.343873074182336   0.526089426063773   0.0201516030517354   0.014298306859854   0
0.305472448483083   0.519356648279975   -0.0384006256992522   -0.00673277778379766   0
0.374667302951565   0.53205705193791   0.0691948544684819   0.0127004036579347   0
0.290020863153412   0.51026661783159   -0.0846464397981535   -0.0217904341063199   0
0.352392461918526   0.51525570928842   0.0623715987651145   0.00498909145682958   0
0.301182638292382   0.520759929762323   -0.051209823626144   0.00550422047390375   0
0.31076366982297   0.516268465338745   0.00958103153058787   -0.00449146442357884   0
0.320950205910341   0.525501536167831   0.0101865360873704   0.00923307082908631   0
0.249375283229162   0.527591980616783   -0.0715749226811782   0.00209044444895212   0
0.38479222931473   0.566755480176637   0.135416946085568   0.0391634995598538   0
0.291533546839913   0.570453859385227   -0.0932586824748168   0.00369837920858984   0
0.325474893335953   0.571358317391328   0.0339413464960396   0.000904458006101727   0
0.242852441251282   0.553102256409699   -0.0826224520846706   -0.0182560609816297   0
0.292263092512158   0.577501010163835   0.0494106512608751   0.0243987537541364   0
0.34994846319131   0.567690538251476   0.0576853706791529   -0.00981047191235951   0
0.270505460905991   0.584201977602781   -0.0794430022853197   0.0165114393513053   0
0.368494357747795   0.601318527088805   0.0979888968418043   0.0171165494860243   0
0.268699454205698   0.596033797756679   -0.0997949035420971   -0.00528472933212576   0
0.312996831594603   0.599011131181425   0.0442973773889046   0.00297733342474538   0
0.293548081439447   0.589613241324557   -0.019448750155156   -0.00939788985686785   0
0.232831310065748   0.583331243135084   -0.0607167713736985   -0.00628199818947284   0
0.316789295560456   0.607866048722291   0.083957985494708   0.0245348055872067   0
0.256828546022828   0.603588346588965   -0.0599607495376278   -0.00427770213332601   0
0.296084803553644   0.61300267206779   0.0392562575308158   0.00941432547882515   0
0.222076559201123   0.607291417202567   -0.0740082443525208   -0.00571125486522261   0
0.276144110040917   0.632181660632519   0.0540675508397936   0.0248902434299523   0
0.259450944124434   0.604345092835418   -0.0166931659164832   -0.0278365677971014   0
0.244635784011109   0.612300492095385   -0.0148151601133246   0.00795539925996647   0
0.329128387540485   0.639311097139139   0.0844926035293764   0.0270106050437547   0
0.265139617485766   0.61966426656053   -0.0639887700547193   -0.0196468305786091   0
0.261398671416861   0.628887061070786   -0.00374094606890529   0.00922279451025543   0
0.33414943810044   0.642225246158425   0.0727507666835794   0.0133381850876396   0
0.253309520882892   0.616731003710897   -0.0808399172175481   -0.0254942424475286   0
0.329542382043706   0.657387409236936   0.0762328611608139   0.0406564055260389   0
0.267373621536325   0.644825100307246   -0.062168760507381   -0.0125623089296891   0
0.252021658324855   0.647483033232918   -0.01535196321147   0.00265793292567151   0
0.411253225317444   0.708138941222872   0.159231566992588   0.0606559079899539   0
0.422050996289548   0.748612365735599   0.0107977709721044   0.0404734245127271   0
0.34699895559301   0.742625649493067   -0.0750520406965375   -0.00598671624253155   0
0.420679356019522   0.740610233913899   0.073680400426512   -0.00201541557916851   0
0.310112531049876   0.802579822555364   -0.110566824969647   0.0619695886414654   0
0.277925185146938   0.777148324008358   -0.0321873459029371   -0.025431498547006   0
0.377381512057758   0.794746572279491   0.09945632691082   0.0175982482711327   0
0.180980831719854   0.770121640277203   -0.196400680337905   -0.0246249320022875   0
0.361761275174057   0.793269746525417   0.180780443454204   0.0231481062482141   0
0.301632910415691   0.78657544245228   -0.0601283647583668   -0.00669430407313742   0
0.23582077144456   0.782802255182782   -0.0658121389711301   -0.0037731872694976   0
0.222172223382245   0.782870075890789   -0.0136485480623158   6.78207080068161e-05   0
0.167809388245265   0.692499313762476   -0.0543628351369798   -0.0903707621283133   0
0.14527043960562   0.742135331514955   -0.0225389486396451   0.0496360177524794   0
0.326967284054919   0.706682967423512   0.181696844449299   -0.0354523640914437   0
0.201360767881829   0.687039429394778   -0.125606516173089   -0.0196435380287333   0
0.266542270921518   0.669167594162376   0.0651815030396888   -0.0178718352324021   0
0.340149447485954   0.737600876593214   0.073607176564436   0.0684332824308381   1
0.15616808926346   0.704317503866864   -0.183981358222494   -0.0332833727263503   0
0.219313825564099   0.665738995372729   0.0631457363006389   -0.0385785084941354   0
0.17417475023091   0.669049376110717   -0.0451390753331886   0.00331038073798873   0
0.192256077566068   0.665698363473946   0.0180813273351578   -0.0033510126367714   0
0.166313231349914   0.632518279079706   -0.0259428462161542   -0.0331800843942401   0
0.172573454156658   0.646192468328237   0.00626022280674365   0.0136741892485315   0
0.17902286133578   0.638560810523274   0.00644940717912262   -0.00763165780496378   0
0.16688537933444   0.63664050294005   -0.01213748200134   -0.00192030758322337   0
0.254831815644279   0.640432862235084   0.0879464363098392   0.00379235929503419   0
0.333038844873928   0.676115934567085   0.0782070292296482   0.0356830723320004   0
0.312077696059876   0.687430521550849   -0.0209611488140521   0.0113145869837644   0
0.339799799902958   0.694157130328753   0.027722103843082   0.00672660877790421   0
0.304345364350502   0.667087249606264   -0.0354544355524553   -0.0270698807224894   0
0.272457809897239   0.71984921074764   -0.0318875544532634   0.0527619611413758   0
0.260316734128561   0.721752083826053   -0.0121410757686778   0.0019028730784133   0
0.165412724976345   0.664638605305357   -0.094904009152216   -0.0571134785206961   0
0.224479028307412   0.650414376528148   0.0590663033310671   -0.0142242287772084   0
0.229670601210903   0.659277115487107   0.00519157290349059   0.00886273895895828   0
0.196930716090863   0.657602739884233   -0.0327398851200401   -0.00167437560287398   0
0.175549905834495   0.654688756430298   -0.021380810256368   -0.0029139834539349   0
0.20556139215108   0.648786865501684   0.030011486316585   -0.00590189092861415   0
0.233659481263783   0.64787045195799   0.0280980891127031   -0.000916413543693873   0
0.20397982540646   0.670280107468139   -0.0296796558573227   0.0224096555101492   0
0.275122151215346   0.652729930119073   0.0711423258088863   -0.0175501773490658   0
0.215299982104737   0.65921784356937   -0.0598221691106097   0.00648791345029653   0
0.276365310720503   0.65937924028684   0.0610653286157659   0.000161396717470064   0
0.250866454315917   0.649759126152338   -0.0254988564045858   -0.0096201141345017   0
0.22557215055798   0.639028908802254   -0.0252943037579367   -0.0107302173500837   0
0.27967537920103   0.641225898900107   0.05410322864305   0.00219699009785235   0
0.214156147807645   0.642589543795454   -0.065519231393385   0.00136364489534757   0
0.276494656731898   0.656383822700941   0.0623385089242526   0.0137942789054865   0
0.239506380561375   0.661238228376506   -0.0369882761705232   0.00485440567556505   0
0.254207994174534   0.65579015433178   0.0147016136131596   -0.00544807404472558   0
0.279325016897538   0.648439341969239   0.025117022723004   -0.00735081236254087   0
0.194790230522734   0.651884084795948   -0.0845347863748038   0.00344474282670837   0
0.285454048150731   0.649474497122481   0.0906638176279969   -0.00240958767346644   0
0.250058532034002   0.640213630889135   -0.0353955161167293   -0.0092608662333461   0
0.295884689210442   0.684951385622549   0.0458261571764402   0.0447377547334139   0
0.231613179382543   0.64542232690096   -0.0642715098278994   -0.0395290587215889   0
0.294107075189649   0.665564640449746   0.0624938958071063   0.0201423135487859   0
0.225319149657214   0.659340810689737   -0.0687879255324352   -0.0062238297600089   0
0.237345589399003   0.648168231526546   0.0120264397417887   -0.0111725791631915   0
0.226466448221162   0.652675363646622   -0.0108791411778411   0.00450713212007592   0
0.265626309331662   0.625594874647323   0.0391598611105007   -0.0270804889992986   0
0.268815361174841   0.636459001607527   0.00318905184317819   0.0108641269602038   0
0.181659143465805   0.652686743109778   -0.0871562177090353   0.0162277415022516   0
