0.12135164118849   0.0719971537763126   0   0   0
0.12135164118849   0.0719971537763126   -0.114198212269968   -0.144221999455426   0
0.104055058936363   0.0635147064797595   -0.0172965822521268   -0.00848244729655311   0
0.104055058936363   0.0635147064797595   -0.0172965822521268   -0.00848244729655311   0
0.101821186267446   0.0600992332226668   -0.00223387266891679   -0.00341547325709266   0
0.101821186267446   0.0600992332226668   -0.00223387266891679   -0.00341547325709266   0
0.120793390068083   0.062629125233313   0.0189722038006365   0.00252989201064615   0
0.120793390068083   0.062629125233313   0.0189722038006365   0.00252989201064615   0
0.105893670810582   0.0632903999533894   -0.0148997192575003   0.000661274720076474   0
0.105893670810582   0.0632903999533894   -0.0148997192575003   0.000661274720076474   0
0.0940834830245989   0.0403490902710953   -0.0118101877859835   -0.0229413096822941   0
0.0940834830245989   0.0403490902710953   -0.0118101877859835   -0.0229413096822941   0
0.0818357057997302   0.0433501060441898   -0.0122477772248687   0.00300101577309446   0
0.0818357057997302   0.0433501060441898   -0.0122477772248687   0.00300101577309446   0
0.098876300495417   0.0448669208776633   0.0170405946956868   0.00151681483347351   0
0.098876300495417   0.0448669208776633   0.0170405946956868   0.00151681483347351   0
0.0901667841477115   0.0452067940332535   -0.00870951634770549   0.000339873155590156   0
0.0901667841477115   0.0452067940332535   -0.00870951634770549   0.000339873155590156   0
0.0692704322638455   0.0346517329939215   -0.0208963518838661   -0.010555061039332   0
0.0692704322638455   0.0346517329939215   -0.0208963518838661   -0.010555061039332   0
0.0670000365423781   0.0374199854921885   -0.00227039572146735   0.00276825249826707   0
0.0670000365423781   0.0374199854921885   -0.00227039572146735   0.00276825249826707   0
0.0820462552654903   0.0574749693980293   0.0150462187231122   0.0200549839058407   0
0.0820462552654903   0.0574749693980293   0.0150462187231122   0.0200549839058407   0
0.0779801517206141   0.0394306289715876   -0.0040661035448762   -0.0180443404264417   0
0.0779801517206141   0.0394306289715876   -0.0040661035448762   -0.0180443404264417   0
0.0654453491940413   0.0397416366622907   -0.0125348025265729   0.000311007690703101   0
0.0654453491940413   0.0397416366622907   -0.0125348025265729   0.000311007690703101   0
0.0621919286706081   0.036715449673921   -0.00325342052343321   -0.00302618698836966   0
0.0621919286706081   0.036715449673921   -0.00325342052343321   -0.00302618698836966   0
0.0737634464858442   0.0508910395700707   0.0115715178152361   0.0141755898961497   0
0.0737634464858442   0.0508910395700707   0.0115715178152361   0.0141755898961497   0
0.0526719159077207   0.0618210578393803   -0.0210915305781235   0.0109300182693096   0
0.0526719159077207   0.0618210578393803   -0.0210915305781235   0.0109300182693096   0
0.0431267679388335   0.0466039725694066   -0.00954514796888714   -0.0152170852699737   0
0.0431267679388335   0.0466039725694066   -0.00954514796888714   -0.0152170852699737   0
0.0358007509710341   0.0549018362895541   -0.00732601696779943   0.00829786372014753   0
0.0358007509710341   0.0549018362895541   -0.00732601696779943   0.00829786372014753   0
0.0465628424707942   0.0511284727000722   0.0107620914997601   -0.00377336358948194   0
0.0465628424707942   0.0511284727000722   0.0107620914997601   -0.00377336358948194   0
0.0397034064760192   0.0382234908241049   -0.00685943599477508   -0.0129049818759673   0
0.0397034064760192   0.0382234908241049   -0.00685943599477508   -0.0129049818759673   0
0.0555452753202286   0.0293705439652128   0.0158418688442095   -0.00885294685889203   0
0.0555452753202286   0.0293705439652128   0.0158418688442095   -0.00885294685889203   0
0.0733219656202696   0.0365064255360957   0.017776690300041   0.00713588157088287   0
0.0733219656202696   0.0365064255360957   0.017776690300041   0.00713588157088287   0
0.0539571676398048   0.0423447484261331   -0.0193647979804648   0.00583832289003738   0
0.0539571676398048   0.0423447484261331   -0.0193647979804648   0.00583832289003738   0
0.0526942485712625   0.0296948263303138   -0.00126291906854232   -0.0126499220958192   0
0.0526942485712625   0.0296948263303138   -0.00126291906854232   -0.0126499220958192   0
0.0729584096770893   0.0348629820842251   0.0202641611058268   0.00516815575391126   0
0.0729584096770893   0.0348629820842251   0.0202641611058268   0.00516815575391126   0
0.0575696191033952   0.0391389374990239   -0.0153887905736941   0.00427595541479881   0
0.0575696191033952   0.0391389374990239   -0.0153887905736941   0.00427595541479881   0
0.0520610614813989   0.032003733218056   -0.00550855762199622   -0.00713520428096792   0
0.0520610614813989   0.032003733218056   -0.00550855762199622   -0.00713520428096792   0
0.0573814992069744   0.0215854224616406   0.00532043772557542   -0.0104183107564154   0
0.0573814992069744   0.0215854224616406   0.00532043772557542   -0.0104183107564154   0
0.0509022962981043   0.0344197295126298   -0.00647920290887009   0.0128343070509892   0
0.0509022962981043   0.0344197295126298   -0.00647920290887009   0.0128343070509892   0
0.08052405518564   0.0409092069206921   0.0296217588875358   0.00648947740806226   0
0.08052405518564   0.0409092069206921   0.0296217588875358   0.00648947740806226   0
0.0611462186871764   0.0241301754419005   -0.0193778364984636   -0.0167790314787915   0
0.0611462186871764   0.0241301754419005   -0.0193778364984636   -0.0167790314787915   0
0.0613645945663295   0.0351095543942457   0.000218375879153132   0.0109793789523452   0
0.0613645945663295   0.0351095543942457   0.000218375879153132   0.0109793789523452   0
0.0745952843231394   0.0327029655850964   0.0132306897568098   -0.00240658880914933   0
0.0745952843231394   0.0327029655850964   0.0132306897568098   -0.00240658880914933   0
0.0696385040053992   0.0287547653449824   -0.00495678031774016   -0.00394820024011402   0
0.0696385040053992   0.0287547653449824   -0.00495678031774016   -0.00394820024011402   0
0.0629246310362333   0.0407754479669139   -0.00671387296916585   0.0120206826219315   0
0.0629246310362333   0.0407754479669139   -0.00671387296916585   0.0120206826219315   0
0.0227595641775255   0.0597325050242747   -0.0401650668587079   0.0189570570573608   0
0.0227595641775255   0.0597325050242747   -0.0401650668587079   0.0189570570573608   0
0.0751950106247083   0.0369089638847733   0.0524354464471829   -0.0228235411395014   0
0.0751950106247083   0.0369089638847733   0.0524354464471829   -0.0228235411395014   0
0.255164041036918   0.0451417784928219   0.17996903041221   0.00823281460804861   0
0.255164041036918   0.0451417784928219   0.17996903041221   0.00823281460804861   0
0.0964947378009806   0.0320617885731988   -0.158669303235937   -0.0130799899196231   0
0.0964947378009806   0.0320617885731988   -0.158669303235937   -0.0130799899196231   0
0.0777052162087591   0.0329328333139589   -0.0187895215922215   0.0008710447407601   0
0.0777052162087591   0.0329328333139589   -0.0187895215922215   0.0008710447407601   0
0.109397064424371   0.0413425389026243   0.031691848215612   0.00840970558866538   0
0.109397064424371   0.0413425389026243   0.031691848215612   0.00840970558866538   0
0.0991242211084153   0.0379218911721844   -0.0102728433159558   -0.00342064773043981   0
0.0991242211084153   0.0379218911721844   -0.0102728433159558   -0.00342064773043981   0
0.101705905071731   0.0512137593272794   0.00258168396331594   0.013291868155095   0
0.101705905071731   0.0512137593272794   0.00258168396331594   0.013291868155095   0
0.110599942997318   0.0528284046524453   0.00889403792558682   0.00161464532516584   0
0.110599942997318   0.0528284046524453   0.00889403792558682   0.00161464532516584   0
0.0876031638991424   0.0307692388592081   -0.0229967790981757   -0.0220591657932372   0
0.0876031638991424   0.0307692388592081   -0.0229967790981757   -0.0220591657932372   0
0.0783558890379657   0.053903453402681   -0.00924727486117662   0.0231342145434729   0
0.0783558890379657   0.053903453402681   -0.00924727486117662   0.0231342145434729   0
0.106223351348797   0.066699294144035   0.0278674623108314   0.012795840741354   0
0.106223351348797   0.066699294144035   0.0278674623108314   0.012795840741354   0
0.108321228924574   0.0477857772377409   0.00209787757577702   -0.018913516906294   0
0.108321228924574   0.0477857772377409   0.00209787757577702   -0.018913516906294   0
0.0974850698075351   0.0534555409093622   -0.010836159117039   0.00566976367162129   0
0.0974850698075351   0.0534555409093622   -0.010836159117039   0.00566976367162129   0
0.0899819321961915   0.0698117859233848   -0.00750313761134366   0.0163562450140225   0
0.0899819321961915   0.0698117859233848   -0.00750313761134366   0.0163562450140225   0
0.0511728343036703   0.102037648167919   -0.0388090978925211   0.0322258622445341   0
0.0511728343036703   0.102037648167919   -0.0388090978925211   0.0322258622445341   0
0.0419584232063122   0.0724930473831112   -0.00921441109735812   -0.0295446007848077   0
0.0419584232063122   0.0724930473831112   -0.00921441109735812   -0.0295446007848077   0
0.067115358007091   0.0575739528037853   0.0251569348007788   -0.0149190945793258   0
0.067115358007091   0.0575739528037853   0.0251569348007788   -0.0149190945793258   0
0.103807527589236   0.0740081197281927   0.036692169582145   0.0164341669244073   0
0.103807527589236   0.0740081197281927   0.036692169582145   0.0164341669244073   0
0.093504590200642   0.0560641120251851   -0.010302937388594   -0.0179440077030076   0
0.093504590200642   0.0560641120251851   -0.010302937388594   -0.0179440077030076   0
0.0806536671695094   0.0584519696066993   -0.0128509230311326   0.00238785758151425   0
0.0806536671695094   0.0584519696066993   -0.0128509230311326   0.00238785758151425   0
0.0827582849124485   0.0517137078933439   0.00210461774293909   -0.00673826171335539   0
0.0827582849124485   0.0517137078933439   0.00210461774293909   -0.00673826171335539   0
0.115169711454835   0.0685139556600332   0.0324114265423867   0.0168002477666893   0
0.115169711454835   0.0685139556600332   0.0324114265423867   0.0168002477666893   0
0.100125517294744   0.0592373167577955   -0.0150441941600916   -0.0092766389022377   0
0.100125517294744   0.0592373167577955   -0.0150441941600916   -0.0092766389022377   0
0.107138995712719   0.0648818302020296   0.00701347841797532   0.00564451344423408   0
0.107138995712719   0.0648818302020296   0.00701347841797532   0.00564451344423408   0
0.115194109307768   0.0856383783761113   0.00805511359504908   0.0207565481740817   0
0.115194109307768   0.0856383783761113   0.00805511359504908   0.0207565481740817   0
0.0875972661414156   0.0677344332891743   -0.0275968431663524   -0.017903945086937   0
0.0875972661414156   0.0677344332891743   -0.0275968431663524   -0.017903945086937   0
0.0904322393652839   0.0649824313193851   0.00283497322386823   -0.0027520019697892   0
0.0904322393652839   0.0649824313193851   0.00283497322386823   -0.0027520019697892   0
0.0972735461967435   0.0566180859785935   0.00684130683145967   -0.00836434534079163   0
0.0972735461967435   0.0566180859785935   0.00684130683145967   -0.00836434534079163   0
0.107526686167667   0.074225988661256   0.0102531399709237   0.0176079026826625   0
0.107526686167667   0.074225988661256   0.0102531399709237   0.0176079026826625   0
0.0970230081152919   0.0646565251709563   -0.0105036780523753   -0.00956946349029973   0
0.0970230081152919   0.0646565251709563   -0.0105036780523753   -0.00956946349029973   0
0.104842585731229   0.0630478127700456   0.0078195776159366   -0.00160871240091066   0
0.104842585731229   0.0630478127700456   0.0078195776159366   -0.00160871240091066   0
0.105598044251728   0.0614001686520689   0.000755458520499935   -0.00164764411797674   0
0.105598044251728   0.0614001686520689   0.000755458520499935   -0.00164764411797674   0
0.106264984645225   0.0582514523621997   0.000666940393497004   -0.00314871628986912   0
0.106264984645225   0.0582514523621997   0.000666940393497004   -0.00314871628986912   0
0.240522510069411   0.110276022739941   0.134257525424186   0.0520245703777413   0
0.240522510069411   0.110276022739941   0.134257525424186   0.0520245703777413   0
0.168874351067295   0.0857414276501301   -0.0716481590021162   -0.0245345950898109   0
0.168874351067295   0.0857414276501301   -0.0716481590021162   -0.0245345950898109   0
0.170260924975404   0.0811005476514801   0.00138657390810856   -0.00464087999864998   0
0.170260924975404   0.0811005476514801   0.00138657390810856   -0.00464087999864998   0
0.149215108726328   0.0758845347602198   -0.0210458162490752   -0.00521601289126039   0
0.149215108726328   0.0758845347602198   -0.0210458162490752   -0.00521601289126039   0
0.132233082128377   0.0735990295780787   -0.0169820265979518   -0.00228550518214107   0
0.132233082128377   0.0735990295780787   -0.0169820265979518   -0.00228550518214107   0
0.120921145974031   0.0651560465486744   -0.0113119361543457   -0.00844298302940426   0
0.120921145974031   0.0651560465486744   -0.0113119361543457   -0.00844298302940426   0
0.132811568490249   0.0572075291489077   0.0118904225162177   -0.00794851739976671   0
0.132811568490249   0.0572075291489077   0.0118904225162177   -0.00794851739976671   0
0.0727172034153329   0.0648028357276364   -0.0600943650749158   0.00759530657872866   0
0.0727172034153329   0.0648028357276364   -0.0600943650749158   0.00759530657872866   0
0.102869621756571   0.0645565107747121   0.0301524183412382   -0.000246324952924246   0
0.102869621756571   0.0645565107747121   0.0301524183412382   -0.000246324952924246   0
0.111834562387048   0.0678757223037258   0.00896494063047677   0.00331921152901367   0
0.111834562387048   0.0678757223037258   0.00896494063047677   0.00331921152901367   0
0.0762992527634445   0.0683817733065069   -0.0355353096236033   0.000506051002781102   0
0.0762992527634445   0.0683817733065069   -0.0355353096236033   0.000506051002781102   0
0.0772056792929769   0.0431175102908899   0.00090642652953235   -0.025264263015617   0
0.0772056792929769   0.0431175102908899   0.00090642652953235   -0.025264263015617   0
0.081298155207237   0.0603793329263209   0.00409247591426012   0.017261822635431   0
0.081298155207237   0.0603793329263209   0.00409247591426012   0.017261822635431   0
0.0911044671486838   0.0448810426207714   0.00980631194144675   -0.0154982903055495   0
0.0911044671486838   0.0448810426207714   0.00980631194144675   -0.0154982903055495   0
0.0849789026110599   0.0542317438420949   -0.00612556453762389   0.00935070122132351   0
0.0849789026110599   0.0542317438420949   -0.00612556453762389   0.00935070122132351   0
0.0865070220024941   0.0504723132205668   0.00152811939143424   -0.00375943062152814   0
0.0865070220024941   0.0504723132205668   0.00152811939143424   -0.00375943062152814   0
0.08498339810563   0.0595221086079156   -0.00152362389686407   0.00904979538734881   0
0.08498339810563   0.0595221086079156   -0.00152362389686407   0.00904979538734881   0
0.10193087107079   0.0524190931877164   0.0169474729651599   -0.00710301542019915   0
0.10193087107079   0.0524190931877164   0.0169474729651599   -0.00710301542019915   0
0.0806776092358964   0.0537398550761211   -0.0212532618348935   0.00132076188840467   0
0.0806776092358964   0.0537398550761211   -0.0212532618348935   0.00132076188840467   0
0.077058454583128   0.0605640128875845   -0.00361915465276844   0.00682415781146338   0
0.077058454583128   0.0605640128875845   -0.00361915465276844   0.00682415781146338   0
0.12800878142304   0.0738370421859686   0.0509503268399119   0.0132730292983841   0
0.12800878142304   0.0738370421859686   0.0509503268399119   0.0132730292983841   0
0.100755946568577   0.0722774437719853   -0.0272528348544626   -0.00155959841398322   0
0.100755946568577   0.0722774437719853   -0.0272528348544626   -0.00155959841398322   0
0.0850509985265899   0.0634365391093532   -0.0157049480419874   -0.00884090466263211   0
0.0850509985265899   0.0634365391093532   -0.0157049480419874   -0.00884090466263211   0
0.120989170433783   0.0775454113101156   0.0359381719071927   0.0141088722007624   0
0.120989170433783   0.0775454113101156   0.0359381719071927   0.0141088722007624   0
0.0851054489972293   0.0684273363143159   -0.0358837214365533   -0.00911807499579964   0
0.0851054489972293   0.0684273363143159   -0.0358837214365533   -0.00911807499579964   0
0.0681650200757691   0.0594501662354909   -0.0169404289214603   -0.00897717007882505   0
0.0681650200757691   0.0594501662354909   -0.0169404289214603   -0.00897717007882505   0
0.0885297650044323   0.0585160813747383   0.0203647449286632   -0.000934084860752547   0
0.0885297650044323   0.0585160813747383   0.0203647449286632   -0.000934084860752547   0
0.0901478640087495   0.0539036674632163   0.00161809900431727   -0.00461241391152208   0
0.0901478640087495   0.0539036674632163   0.00161809900431727   -0.00461241391152208   0
0.0632010480035735   0.0515107379635305   -0.0269468160051761   -0.00239292949968577   0
0.0632010480035735   0.0515107379635305   -0.0269468160051761   -0.00239292949968577   0
0.0824141907771957   0.0485619043798223   0.0192131427736222   -0.00294883358370822   0
0.0824141907771957   0.0485619043798223   0.0192131427736222   -0.00294883358370822   0
0.0863945610813551   0.0549635956958786   0.00398037030415946   0.0064016913160563   0
0.0863945610813551   0.0549635956958786   0.00398037030415946   0.0064016913160563   0
0.0793990728498136   0.0619261786760252   -0.00699548823154156   0.00696258298014663   0
0.0793990728498136   0.0619261786760252   -0.00699548823154156   0.00696258298014663   0
0.0643462410791027   0.0512261360149777   -0.0150528317707109   -0.0107000426610475   0
0.0643462410791027   0.0512261360149777   -0.0150528317707109   -0.0107000426610475   0
0.0817138945345894   0.0604665795919738   0.0173676534554867   0.00924044357699604   0
0.0817138945345894   0.0604665795919738   0.0173676534554867   0.00924044357699604   0
0.168676072924911   0.090364853023908   0.0869621783903219   0.0298982734319342   0
0.168676072924911   0.090364853023908   0.0869621783903219   0.0298982734319342   0
0.222155076686309   0.111023399405261   0.0534790037613981   0.0206585463813525   0
0.222155076686309   0.111023399405261   0.0534790037613981   0.0206585463813525   0
0.210857297290371   0.124868919984558   -0.0112977793959382   0.0138455205792977   0
0.210857297290371   0.124868919984558   -0.0112977793959382   0.0138455205792977   0
0.222572025647879   0.121827674398933   0.0117147283575075   -0.00304124558562496   0
0.222572025647879   0.121827674398933   0.0117147283575075   -0.00304124558562496   0
0.202941944369541   0.105614603070503   -0.0196300812783374   -0.0162130713284298   0
0.202941944369541   0.105614603070503   -0.0196300812783374   -0.0162130713284298   0
0.171141821723768   0.0979554483469654   -0.0318001226457733   -0.00765915472353811   0
0.171141821723768   0.0979554483469654   -0.0318001226457733   -0.00765915472353811   0
0.187269745591646   0.111463545796384   0.0161279238678785   0.0135080974494182   0
0.187269745591646   0.111463545796384   0.0161279238678785   0.0135080974494182   0
0.174518617414447   0.102261777485298   -0.0127511281771998   -0.00920176831108606   0
0.174518617414447   0.102261777485298   -0.0127511281771998   -0.00920176831108606   0
0.154895477220608   0.0891862498970693   -0.0196231401938383   -0.0130755275882282   0
0.154895477220608   0.0891862498970693   -0.0196231401938383   -0.0130755275882282   0
0.146138808606236   0.0821375230849153   -0.00875666861437263   -0.007048726812154   0
0.146138808606236   0.0821375230849153   -0.00875666861437263   -0.007048726812154   0
0.16402530363005   0.0977391116886684   0.017886495023814   0.0156015886037531   0
0.16402530363005   0.0977391116886684   0.017886495023814   0.0156015886037531   0
0.145859421026172   0.0879071092597322   -0.0181658826038781   -0.00983200242893621   0
0.145859421026172   0.0879071092597322   -0.0181658826038781   -0.00983200242893621   0
0.117722986728931   0.073518436505155   -0.0281364342972409   -0.0143886727545773   0
0.117722986728931   0.073518436505155   -0.0281364342972409   -0.0143886727545773   0
0.122813634293388   0.0733219447471219   0.00509064756445708   -0.000196491758033018   0
0.122813634293388   0.0733219447471219   0.00509064756445708   -0.000196491758033018   0
0.146923304645145   0.0894855497126352   0.0241096703517569   0.0161636049655132   0
0.146923304645145   0.0894855497126352   0.0241096703517569   0.0161636049655132   0
0.122939078789822   0.0655978842485792   -0.023984225855323   -0.0238876654640559   0
0.122939078789822   0.0655978842485792   -0.023984225855323   -0.0238876654640559   0
0.126439022090215   0.0567482578025167   0.00349994330039374   -0.00884962644606253   0
0.126439022090215   0.0567482578025167   0.00349994330039374   -0.00884962644606253   0
0.13088795289426   0.0624614898013968   0.0044489308040444   0.0057132319988801   0
0.13088795289426   0.0624614898013968   0.0044489308040444   0.0057132319988801   0
0.132703049617746   0.0742359289835623   0.00181509672348626   0.0117744391821654   0
0.132703049617746   0.0742359289835623   0.00181509672348626   0.0117744391821654   0
0.105987738021952   0.0473304332054147   -0.0267153115957938   -0.0269054957781475   0
0.105987738021952   0.0473304332054147   -0.0267153115957938   -0.0269054957781475   0
0.101421021310039   0.0562000688945752   -0.00456671671191369   0.00886963568916049   0
0.101421021310039   0.0562000688945752   -0.00456671671191369   0.00886963568916049   0
0.37476085523204   0.127576221790636   0.273339833922001   0.071376152896061   0
0.37476085523204   0.127576221790636   0.273339833922001   0.071376152896061   0
0.372617944378273   0.138979097330714   -0.00214291085376656   0.0114028755400775   0
0.372617944378273   0.138979097330714   -0.00214291085376656   0.0114028755400775   0
0.400977232720961   0.15313230013721   0.028359288342688   0.014153202806496   0
0.400977232720961   0.15313230013721   0.028359288342688   0.014153202806496   0
0.363572600441012   0.14152965825509   -0.0374046322799491   -0.01160264188212   0
0.363572600441012   0.14152965825509   -0.0374046322799491   -0.01160264188212   0
0.364021227718714   0.158899388565967   0.000448627277701952   0.0173697303108774   0
0.364021227718714   0.158899388565967   0.000448627277701952   0.0173697303108774   0
0.321991144076805   0.143149715478839   -0.0420300836419089   -0.0157496730871284   0
0.321991144076805   0.143149715478839   -0.0420300836419089   -0.0157496730871284   0
0.306861700795733   0.143725216349481   -0.0151294432810723   0.000575500870641787   0
0.306861700795733   0.143725216349481   -0.0151294432810723   0.000575500870641787   0
0.343827004406707   0.173896156531563   0.0369653036109744   0.0301709401820828   0
0.343827004406707   0.173896156531563   0.0369653036109744   0.0301709401820828   0
0.335219528691647   0.145059685320647   -0.00860747571506038   -0.0288364712109168   0
0.335219528691647   0.145059685320647   -0.00860747571506038   -0.0288364712109168   0
0.303142708125464   0.141362072549579   -0.0320768205661835   -0.00369761277106734   0
0.303142708125464   0.141362072549579   -0.0320768205661835   -0.00369761277106734   0
0.3222789214326   0.165878461769491   0.0191362133071365   0.0245163892199118   0
0.3222789214326   0.165878461769491   0.0191362133071365   0.0245163892199118   0
0.299949495779139   0.149923978186013   -0.0223294256534606   -0.0159544835834783   0
0.299949495779139   0.149923978186013   -0.0223294256534606   -0.0159544835834783   0
0.275546152573321   0.136208642312648   -0.0244033432058183   -0.0137153358733643   0
0.275546152573321   0.136208642312648   -0.0244033432058183   -0.0137153358733643   0
0.288549128063905   0.158618982072363   0.013002975490584   0.0224103397597142   0
0.288549128063905   0.158618982072363   0.013002975490584   0.0224103397597142   0
0.299274781913478   0.168616388063624   0.010725653849573   0.009997405991261   0
0.299274781913478   0.168616388063624   0.010725653849573   0.009997405991261   0
0.26503038250329   0.149048324269211   -0.0342443994101887   -0.0195680637944122   0
0.26503038250329   0.149048324269211   -0.0342443994101887   -0.0195680637944122   0
0.278212911643673   0.152039833480613   0.013182529140383   0.00299150921140146   0
0.278212911643673   0.152039833480613   0.013182529140383   0.00299150921140146   0
0.28986640238572   0.172285188599775   0.0116534907420472   0.020245355119162   0
0.28986640238572   0.172285188599775   0.0116534907420472   0.020245355119162   0
0.245549828879782   0.14895056109395   -0.0443165735059383   -0.023334627505825   0
0.245549828879782   0.14895056109395   -0.0443165735059383   -0.023334627505825   0
0.258320950565067   0.157573024949418   0.0127711216852858   0.00862246385546842   0
0.258320950565067   0.157573024949418   0.0127711216852858   0.00862246385546842   0
0.270761281410323   0.167653521376864   0.0124403308452554   0.0100804964274454   0
0.270761281410323   0.167653521376864   0.0124403308452554   0.0100804964274454   0
0.242550793834797   0.161092528505553   -0.0282104875755262   -0.00656099287131043   0
0.242550793834797   0.161092528505553   -0.0282104875755262   -0.00656099287131043   0
0.240026097246195   0.1499438367565   -0.0025246965886013   -0.011148691749053   0
0.240026097246195   0.1499438367565   -0.0025246965886013   -0.011148691749053   0
0.254411838606717   0.159893095061982   0.0143857413605213   0.00994925830548171   0
0.254411838606717   0.159893095061982   0.0143857413605213   0.00994925830548171   0
0.24521359170986   0.169324554363929   -0.00919824689685642   0.00943145930194667   0
0.24521359170986   0.169324554363929   -0.00919824689685642   0.00943145930194667   0
0.220785630846144   0.157547308976314   -0.0244279608637157   -0.011777245387615   0
0.220785630846144   0.157547308976314   -0.0244279608637157   -0.011777245387615   0
0.258110244692554   0.144457465796104   0.0373246138464093   -0.0130898431802098   0
0.258110244692554   0.144457465796104   0.0373246138464093   -0.0130898431802098   0
0.283065012202144   0.166438268831119   0.0249547675095903   0.0219808030350157   0
0.283065012202144   0.166438268831119   0.0249547675095903   0.0219808030350157   0
0.239524747122317   0.137220708018877   -0.0435402650798269   -0.029217560812242   0
0.239524747122317   0.137220708018877   -0.0435402650798269   -0.029217560812242   0
0.261411956012134   0.158229752586207   0.021887208889817   0.0210090445673299   0
0.261411956012134   0.158229752586207   0.021887208889817   0.0210090445673299   0
0.271025616331077   0.165562418772522   0.00961366031894256   0.00733266618631509   0
0.271025616331077   0.165562418772522   0.00961366031894256   0.00733266618631509   0
0.23710742997479   0.10246913438081   -0.0339181863562866   -0.0630932843917125   0
0.23710742997479   0.10246913438081   -0.0339181863562866   -0.0630932843917125   0
0.23006391141488   0.117731027035612   -0.00704351855991048   0.015261892654802   0
0.23006391141488   0.117731027035612   -0.00704351855991048   0.015261892654802   0
0.260259332028729   0.142732879375251   0.030195420613849   0.0250018523396392   0
0.260259332028729   0.142732879375251   0.030195420613849   0.0250018523396392   0
0.254525382975844   0.123357778311919   -0.00573394905288477   -0.0193751010633324   0
0.254525382975844   0.123357778311919   -0.00573394905288477   -0.0193751010633324   0
0.243649512428078   0.108680315666951   -0.0108758705477661   -0.0146774626449682   0
0.243649512428078   0.108680315666951   -0.0108758705477661   -0.0146774626449682   0
0.283490052602009   0.153500476449717   0.0398405401739316   0.044820160782766   0
0.283490052602009   0.153500476449717   0.0398405401739316   0.044820160782766   0
0.23983068484164   0.114980407524674   -0.0436593677603694   -0.0385200689250431   0
0.23983068484164   0.114980407524674   -0.0436593677603694   -0.0385200689250431   0
0.239140069165019   0.132168341331387   -0.00069061567662107   0.0171879338067134   0
0.239140069165019   0.132168341331387   -0.00069061567662107   0.0171879338067134   0
0.256268087073693   0.140956242361595   0.0171280179086744   0.0087879010302078   0
0.256268087073693   0.140956242361595   0.0171280179086744   0.0087879010302078   0
0.240395155676253   0.130416926652716   -0.01587293139744   -0.0105393157088783   0
0.240395155676253   0.130416926652716   -0.01587293139744   -0.0105393157088783   0
0.248385223701733   0.127326400168437   0.00799006802547991   -0.00309052648427907   0
0.248385223701733   0.127326400168437   0.00799006802547991   -0.00309052648427907   0
0.253931363061379   0.148119139960831   0.00554613935964618   0.0207927397923936   0
0.253931363061379   0.148119139960831   0.00554613935964618   0.0207927397923936   0
0.236955212008177   0.133189141931137   -0.0169761510532025   -0.0149299980296941   0
0.236955212008177   0.133189141931137   -0.0169761510532025   -0.0149299980296941   0
0.257938584960161   0.151884559327973   0.0209833729519839   0.0186954173968361   0
0.257938584960161   0.151884559327973   0.0209833729519839   0.0186954173968361   0
0.258845800274237   0.153133780030697   0.000907215314076004   0.00124922070272451   0
0.258845800274237   0.153133780030697   0.000907215314076004   0.00124922070272451   0
0.235207357559856   0.127262758902662   -0.0236384427143806   -0.0258710211280355   0
0.235207357559856   0.127262758902662   -0.0236384427143806   -0.0258710211280355   0
0.267528897851447   0.148447791469395   0.032321540291591   0.0211850325667329   0
0.267528897851447   0.148447791469395   0.032321540291591   0.0211850325667329   0
0.253530584095272   0.147478155091771   -0.0139983137561747   -0.000969636377623623   0
0.253530584095272   0.147478155091771   -0.0139983137561747   -0.000969636377623623   0
0.222091054340894   0.12766476266504   -0.0314395297543782   -0.019813392426731   0
0.222091054340894   0.12766476266504   -0.0314395297543782   -0.019813392426731   0
0.262641807992102   0.154935592808665   0.0405507536512075   0.0272708301436251   0
0.262641807992102   0.154935592808665   0.0405507536512075   0.0272708301436251   0
0.256818211942319   0.144786543184752   -0.0058235960497825   -0.0101490496239134   0
0.256818211942319   0.144786543184752   -0.0058235960497825   -0.0101490496239134   0
0.241281347371155   0.136100866044498   -0.0155368645711641   -0.00868567714025342   0
0.241281347371155   0.136100866044498   -0.0155368645711641   -0.00868567714025342   0
0.262640221340982   0.147278750925095   0.0213588739698269   0.0111778848805964   0
0.262640221340982   0.147278750925095   0.0213588739698269   0.0111778848805964   0
0.267769102888085   0.160608837619977   0.00512888154710328   0.0133300866948825   0
0.267769102888085   0.160608837619977   0.00512888154710328   0.0133300866948825   0
0.236287761192492   0.141647647377276   -0.0314813416955936   -0.0189611902427016   0
0.236287761192492   0.141647647377276   -0.0314813416955936   -0.0189611902427016   0
0.259288804877419   0.148314457917421   0.0230010436849268   0.00666681054014517   0
0.259288804877419   0.148314457917421   0.0230010436849268   0.00666681054014517   0
0.278134327287662   0.164929354029284   0.018845522410243   0.0166148961118636   0
0.278134327287662   0.164929354029284   0.018845522410243   0.0166148961118636   0
0.253988155727782   0.150538911801956   -0.0241461715598796   -0.0143904422273286   0
0.253988155727782   0.150538911801956   -0.0241461715598796   -0.0143904422273286   0
0.242142075801398   0.138086800095147   -0.0118460799263838   -0.012452111706809   0
0.242142075801398   0.138086800095147   -0.0118460799263838   -0.012452111706809   0
0.2744958135962   0.166919664043866   0.0323537377948023   0.028832863948719   0
0.2744958135962   0.166919664043866   0.0323537377948023   0.028832863948719   0
0.258025951632176   0.155644125878611   -0.0164698619640244   -0.0112755381652544   0
0.258025951632176   0.155644125878611   -0.0164698619640244   -0.0112755381652544   0
0.243040447925628   0.14257339531805   -0.0149855037065478   -0.0130707305605612   0
0.243040447925628   0.14257339531805   -0.0149855037065478   -0.0130707305605612   0
0.266183220986523   0.162113533687095   0.0231427730608946   0.0195401383690452   0
0.266183220986523   0.162113533687095   0.0231427730608946   0.0195401383690452   0
0.2616341615551   0.166114662277347   -0.00454905943142303   0.00400112859025148   0
0.2616341615551   0.166114662277347   -0.00454905943142303   0.00400112859025148   0
0.242040127348938   0.14227424626234   -0.019594034206162   -0.0238404160150067   0
0.242040127348938   0.14227424626234   -0.019594034206162   -0.0238404160150067   0
0.274798755654479   0.1655903767298   0.0327586283055412   0.0233161304674596   0
0.274798755654479   0.1655903767298   0.0327586283055412   0.0233161304674596   0
0.26252748815246   0.158677427779653   -0.012271267502019   -0.00691294895014671   0
0.26252748815246   0.158677427779653   -0.012271267502019   -0.00691294895014671   0
0.251729824870554   0.15401028506732   -0.0107976632819056   -0.00466714271233359   0
0.251729824870554   0.15401028506732   -0.0107976632819056   -0.00466714271233359   0
0.26967710864024   0.166699516510298   0.017947283769686   0.0126892314429782   0
0.26967710864024   0.166699516510298   0.017947283769686   0.0126892314429782   0
0.25573368378053   0.160618338947541   -0.0139434248597106   -0.00608117756275717   0
0.25573368378053   0.160618338947541   -0.0139434248597106   -0.00608117756275717   0
0.261655205800993   0.163401488606337   0.00592152202046325   0.00278314965879689   0
0.261655205800993   0.163401488606337   0.00592152202046325   0.00278314965879689   0
0.273760232634344   0.162822574787764   0.0121050268333507   -0.000578913818573362   0
0.273760232634344   0.162822574787764   0.0121050268333507   -0.000578913818573362   0
0.287058436947532   0.165768606038817   0.013298204313188   0.00294603125105286   0
0.287058436947532   0.165768606038817   0.013298204313188   0.00294603125105286   0
0.270100876823901   0.144773906504304   -0.0169575601236309   -0.0209946995345127   0
0.270100876823901   0.144773906504304   -0.0169575601236309   -0.0209946995345127   0
0.276798722245967   0.147359015362489   0.00669784542206625   0.00258510885818461   0
0.276798722245967   0.147359015362489   0.00669784542206625   0.00258510885818461   0
0.277408443990157   0.170360741633753   0.000609721744189828   0.0230017262712646   0
0.277408443990157   0.170360741633753   0.000609721744189828   0.0230017262712646   0
0.247071992050515   0.157900968049795   -0.0303364519396414   -0.0124597735839581   0
0.247071992050515   0.157900968049795   -0.0303364519396414   -0.0124597735839581   0
0.226666448232243   0.153109695964699   -0.0204055438182727   -0.00479127208509658   0
0.226666448232243   0.153109695964699   -0.0204055438182727   -0.00479127208509658   0
0.256228469401919   0.150359862687454   0.0295620211696759   -0.00274983327724485   0
0.256228469401919   0.150359862687454   0.0295620211696759   -0.00274983327724485   0
0.293178357747736   0.177012020850146   0.0369498883458175   0.026652158162692   0
0.293178357747736   0.177012020850146   0.0369498883458175   0.026652158162692   0
0.238920505780449   0.158878582792206   -0.0542578519672871   -0.0181334380579395   0
0.238920505780449   0.158878582792206   -0.0542578519672871   -0.0181334380579395   0
0.259849092898869   0.160211144318991   0.0209285871184196   0.00133256152678476   0
0.259849092898869   0.160211144318991   0.0209285871184196   0.00133256152678476   0
0.272331989683169   0.176485015819623   0.0124828967843001   0.0162738715006316   0
0.272331989683169   0.176485015819623   0.0124828967843001   0.0162738715006316   0
0.241895565956951   0.159449058012277   -0.0304364237262179   -0.017035957807346   0
0.241895565956951   0.159449058012277   -0.0304364237262179   -0.017035957807346   0
0.258407829556928   0.166541547245154   0.0165122635999773   0.00709248923287764   0
0.258407829556928   0.166541547245154   0.0165122635999773   0.00709248923287764   0
0.24396109313528   0.165071108882115   -0.014446736421648   -0.00147043836303895   0
0.24396109313528   0.165071108882115   -0.014446736421648   -0.00147043836303895   0
0.219426777874072   0.152658757978014   -0.0245343152612078   -0.012412350904101   0
0.219426777874072   0.152658757978014   -0.0245343152612078   -0.012412350904101   0
0.255015201391997   0.169413639869581   0.0355884235179248   0.0167548818915662   0
0.255015201391997   0.169413639869581   0.0355884235179248   0.0167548818915662   0
0.247702671328607   0.171075849262695   -0.00731253006338983   0.00166220939311473   0
0.247702671328607   0.171075849262695   -0.00731253006338983   0.00166220939311473   0
0.214495926468696   0.15296210848112   -0.0332067448599117   -0.0181137407815752   0
0.214495926468696   0.15296210848112   -0.0332067448599117   -0.0181137407815752   0
0.262260578322657   0.172625564563081   0.0477646518539611   0.0196634560819609   0
0.262260578322657   0.172625564563081   0.0477646518539611   0.0196634560819609   0
0.245879433293154   0.168224160500127   -0.0163811450295029   -0.00440140406295414   0
0.245879433293154   0.168224160500127   -0.0163811450295029   -0.00440140406295414   0
0.224949607666838   0.157341745315285   -0.0209298256263158   -0.010882415184842   0
0.224949607666838   0.157341745315285   -0.0209298256263158   -0.010882415184842   0
0.259071141556952   0.174879252653288   0.0341215338901143   0.0175375073380029   0
0.259071141556952   0.174879252653288   0.0341215338901143   0.0175375073380029   0
0.244117350951374   0.166392323171932   -0.0149537906055789   -0.00848692948135638   0
0.244117350951374   0.166392323171932   -0.0149537906055789   -0.00848692948135638   0
0.239632285467661   0.161969001696999   -0.00448506548371294   -0.00442332147493243   0
0.239632285467661   0.161969001696999   -0.00448506548371294   -0.00442332147493243   0
0.253737524945215   0.172184673883886   0.0141052394775544   0.0102156721868864   0
0.253737524945215   0.172184673883886   0.0141052394775544   0.0102156721868864   0
0.24730696455635   0.17942064652671   -0.00643056038886533   0.00723597264282422   0
0.24730696455635   0.17942064652671   -0.00643056038886533   0.00723597264282422   0
0.211719352678275   0.160425120095015   -0.0355876118780751   -0.0189955264316947   0
0.211719352678275   0.160425120095015   -0.0355876118780751   -0.0189955264316947   0
0.267406191223312   0.181037341189573   0.0556868385450373   0.0206122210945583   0
0.267406191223312   0.181037341189573   0.0556868385450373   0.0206122210945583   0
0.253939615279542   0.173274744569578   -0.0134665759437703   -0.0077625966199954   0
0.253939615279542   0.173274744569578   -0.0134665759437703   -0.0077625966199954   0
0.230798472740303   0.159688464684843   -0.0231411425392385   -0.0135862798847345   0
0.230798472740303   0.159688464684843   -0.0231411425392385   -0.0135862798847345   0
0.257855381450354   0.18173932214384   0.0270569087100511   0.0220508574589967   0
0.257855381450354   0.18173932214384   0.0270569087100511   0.0220508574589967   0
0.236359590485904   0.172296994099353   -0.0214957909644503   -0.00944232804448711   0
0.236359590485904   0.172296994099353   -0.0214957909644503   -0.00944232804448711   0
0.239295330214312   0.17109766162231   0.00293573972840783   -0.00119933247704301   0
0.239295330214312   0.17109766162231   0.00293573972840783   -0.00119933247704301   0
0.275713028109526   0.186541071834469   0.0364176978952141   0.0154434102121589   0
0.275713028109526   0.186541071834469   0.0364176978952141   0.0154434102121589   0
0.254415221410403   0.175601887134144   -0.0212978066991227   -0.0109391847003253   0
0.254415221410403   0.175601887134144   -0.0212978066991227   -0.0109391847003253   0
0.234477597993978   0.172285011831587   -0.0199376234164249   -0.00331687530255678   0
0.234477597993978   0.172285011831587   -0.0199376234164249   -0.00331687530255678   0
0.257111696317597   0.185522423758295   0.0226340983236193   0.0132374119267085   0
0.257111696317597   0.185522423758295   0.0226340983236193   0.0132374119267085   0
0.238094387090819   0.173691580716683   -0.0190173092267781   -0.0118308430416123   0
0.238094387090819   0.173691580716683   -0.0190173092267781   -0.0118308430416123   0
0.223292566977407   0.164395647813621   -0.0148018201134118   -0.0092959329030623   0
0.223292566977407   0.164395647813621   -0.0148018201134118   -0.0092959329030623   0
0.24959214096355   0.171568100666506   0.0262995739861421   0.00717245285288581   0
0.24959214096355   0.171568100666506   0.0262995739861421   0.00717245285288581   0
0.247010368207941   0.180757259713932   -0.00258177275560895   0.0091891590474259   0
0.247010368207941   0.180757259713932   -0.00258177275560895   0.0091891590474259   0
0.23170718829087   0.169623918918007   -0.0153031799170701   -0.0111333407959257   0
0.23170718829087   0.169623918918007   -0.0153031799170701   -0.0111333407959257   0
0.242937610312246   0.171968014395708   0.0112304220213757   0.00234409547770151   0
0.242937610312246   0.171968014395708   0.0112304220213757   0.00234409547770151   0
0.251300277192863   0.187369210747791   0.00836266688061732   0.0154011963520825   0
0.251300277192863   0.187369210747791   0.00836266688061732   0.0154011963520825   0
0.225289900725463   0.15736894162998   -0.0260103764674006   -0.0300002691178109   0
0.225289900725463   0.15736894162998   -0.0260103764674006   -0.0300002691178109   0
0.253359714218172   0.179633528596585   0.0280698134927088   0.0222645869666048   0
0.253359714218172   0.179633528596585   0.0280698134927088   0.0222645869666048   0
0.247978321475398   0.176977548054979   -0.00538139274277416   -0.00265598054160537   0
0.247978321475398   0.176977548054979   -0.00538139274277416   -0.00265598054160537   0
0.220925504688671   0.177242563680088   -0.0270528167867264   0.000265015625108583   0
0.220925504688671   0.177242563680088   -0.0270528167867264   0.000265015625108583   0
0.215524904119419   0.16345712940142   -0.00540060056925179   -0.013785434278668   0
0.215524904119419   0.16345712940142   -0.00540060056925179   -0.013785434278668   0
0.287062152432296   0.208996881296259   0.0715372483128763   0.045539751894839   0
0.287062152432296   0.208996881296259   0.0715372483128763   0.045539751894839   0
0.248044735127678   0.148582420509536   -0.0390174173046175   -0.0604144607867231   0
0.248044735127678   0.148582420509536   -0.0390174173046175   -0.0604144607867231   0
0.287436053921599   0.192206359861771   0.0393913187939204   0.043623939352235   0
0.287436053921599   0.192206359861771   0.0393913187939204   0.043623939352235   0
0.281807858462978   0.198154566346299   -0.00562819545862026   0.00594820648452876   0
0.281807858462978   0.198154566346299   -0.00562819545862026   0.00594820648452876   0
0.275261333138165   0.181148021140234   -0.00654652532481304   -0.0170065452060659   0
0.275261333138165   0.181148021140234   -0.00654652532481304   -0.0170065452060659   0
0.31297037541277   0.206553204446149   0.0377090422746045   0.0254051833059152   0
0.31297037541277   0.206553204446149   0.0377090422746045   0.0254051833059152   0
0.314797639950254   0.205369126361687   0.00182726453748461   -0.00118407808446183   0
0.314797639950254   0.205369126361687   0.00182726453748461   -0.00118407808446183   0
0.286113933267868   0.185500833191229   -0.0286837066823864   -0.0198682931704583   0
0.286113933267868   0.185500833191229   -0.0286837066823864   -0.0198682931704583   0
0.300883311350164   0.191737191936932   0.0147693780822966   0.00623635874570372   0
0.300883311350164   0.191737191936932   0.0147693780822966   0.00623635874570372   0
0.304108929957359   0.210654166220039   0.00322561860719467   0.0189169742831072   0
0.304108929957359   0.210654166220039   0.00322561860719467   0.0189169742831072   0
0.262218773944582   0.180337190617077   -0.0418901560127768   -0.0303169756029623   0
0.262218773944582   0.180337190617077   -0.0418901560127768   -0.0303169756029623   0
0.29738042887791   0.195769293465063   0.0351616549333281   0.015432102847986   0
0.29738042887791   0.195769293465063   0.0351616549333281   0.015432102847986   0
0.297511911845576   0.201791437305458   0.000131482967665852   0.00602214384039468   0
0.297511911845576   0.201791437305458   0.000131482967665852   0.00602214384039468   0
0.261004019524911   0.183434455215616   -0.0365078923206656   -0.0183569820898413   0
0.261004019524911   0.183434455215616   -0.0365078923206656   -0.0183569820898413   0
0.308854924614794   0.202433238834782   0.047850905089883   0.0189987836191658   0
0.308854924614794   0.202433238834782   0.047850905089883   0.0189987836191658   0
0.276658241203836   0.188258518003994   -0.0321966834109576   -0.0141747208307886   0
0.276658241203836   0.188258518003994   -0.0321966834109576   -0.0141747208307886   0
0.266569683861387   0.180283946016998   -0.0100885573424488   -0.00797457198699522   0
0.266569683861387   0.180283946016998   -0.0100885573424488   -0.00797457198699522   0
0.288545161756717   0.194045691868539   0.0219754778953296   0.0137617458515406   0
0.288545161756717   0.194045691868539   0.0219754778953296   0.0137617458515406   0
0.265183850298166   0.182546295465431   -0.0233613114585512   -0.0114993964031079   0
0.265183850298166   0.182546295465431   -0.0233613114585512   -0.0114993964031079   0
0.262285969387404   0.186802263870275   -0.00289788091076221   0.00425596840484427   0
0.262285969387404   0.186802263870275   -0.00289788091076221   0.00425596840484427   0
0.289630062827084   0.201725178812964   0.0273440934396809   0.014922914942689   0
0.289630062827084   0.201725178812964   0.0273440934396809   0.014922914942689   0
0.270385599792634   0.194909982909906   -0.0192444630344504   -0.0068151959030581   0
0.270385599792634   0.194909982909906   -0.0192444630344504   -0.0068151959030581   0
0.253362439312833   0.188091668956715   -0.0170231604798013   -0.00681831395319127   0
0.253362439312833   0.188091668956715   -0.0170231604798013   -0.00681831395319127   0
0.287972638700554   0.199961684364055   0.0346101993877215   0.01187001540734   0
0.287972638700554   0.199961684364055   0.0346101993877215   0.01187001540734   0
0.268181690879523   0.192867943711682   -0.0197909478210314   -0.0070937406523732   0
0.268181690879523   0.192867943711682   -0.0197909478210314   -0.0070937406523732   0
0.273307121971894   0.195109859589566   0.00512543109237157   0.00224191587788375   0
0.273307121971894   0.195109859589566   0.00512543109237157   0.00224191587788375   0
0.29909136002581   0.206023226193122   0.0257842380539158   0.0109133666035568   0
0.29909136002581   0.206023226193122   0.0257842380539158   0.0109133666035568   0
0.264199210892557   0.188271366315353   -0.0348921491332529   -0.017751859877769   0
0.264199210892557   0.188271366315353   -0.0348921491332529   -0.017751859877769   0
0.281408436898772   0.196111794901053   0.0172092260062144   0.00784042858569911   0
0.281408436898772   0.196111794901053   0.0172092260062144   0.00784042858569911   0
0.282544202024462   0.213674689307718   0.00113576512569025   0.0175628944066659   0
0.282544202024462   0.213674689307718   0.00113576512569025   0.0175628944066659   0
0.256188972955531   0.199216367824816   -0.0263552290689306   -0.0144583214829022   0
0.256188972955531   0.199216367824816   -0.0263552290689306   -0.0144583214829022   0
0.258235622584238   0.202202257891078   0.00204664962870638   0.00298589006626168   0
0.258235622584238   0.202202257891078   0.00204664962870638   0.00298589006626168   0
0.274490125649066   0.223034962296273   0.0162545030648283   0.0208327044051952   0
0.274490125649066   0.223034962296273   0.0162545030648283   0.0208327044051952   0
0.259931489381913   0.212679518478508   -0.014558636267153   -0.0103554438177653   0
0.259931489381913   0.212679518478508   -0.014558636267153   -0.0103554438177653   0
0.248472604483115   0.196210526876745   -0.0114588848987981   -0.0164689916017626   0
0.248472604483115   0.196210526876745   -0.0114588848987981   -0.0164689916017626   0
0.276169917300925   0.220165667158279   0.0276973128178105   0.0239551402815334   0
0.276169917300925   0.220165667158279   0.0276973128178105   0.0239551402815334   0
0.243958146351024   0.199640815391042   -0.0322117709499016   -0.0205248517672371   0
0.243958146351024   0.199640815391042   -0.0322117709499016   -0.0205248517672371   0
0.269656309134869   0.210521290852612   0.025698162783845   0.0108804754615701   0
0.269656309134869   0.210521290852612   0.025698162783845   0.0108804754615701   0
0.279124604979586   0.212578007524508   0.0094682958447172   0.00205671667189664   0
0.279124604979586   0.212578007524508   0.0094682958447172   0.00205671667189664   0
0.257682959481705   0.197752359755832   -0.0214416454978812   -0.0148256477686765   0
0.257682959481705   0.197752359755832   -0.0214416454978812   -0.0148256477686765   0
0.283905762257408   0.220016103281669   0.0262228027757033   0.022263743525837   0
0.283905762257408   0.220016103281669   0.0262228027757033   0.022263743525837   0
0.255868684007031   0.204066254587818   -0.028037078250377   -0.0159498486938513   0
0.255868684007031   0.204066254587818   -0.028037078250377   -0.0159498486938513   0
0.260117596096938   0.199588867765715   0.00424891208990724   -0.0044773868221028   0
0.260117596096938   0.199588867765715   0.00424891208990724   -0.0044773868221028   0
0.274179549902049   0.212954543016814   0.0140619538051102   0.013365675251099   0
0.274179549902049   0.212954543016814   0.0140619538051102   0.013365675251099   0
0.253817226752559   0.205805478175995   -0.0203623231494896   -0.0071490648408187   0
0.253817226752559   0.205805478175995   -0.0203623231494896   -0.0071490648408187   0
0.272339935727557   0.213562436398   0.0185227089749981   0.00775695822200537   0
0.272339935727557   0.213562436398   0.0185227089749981   0.00775695822200537   0
0.271961523576866   0.220600651076782   -0.00037841215069162   0.00703821467878121   0
0.271961523576866   0.220600651076782   -0.00037841215069162   0.00703821467878121   0
0.245346035152395   0.204575282127387   -0.0266154884244711   -0.0160253689493947   0
0.245346035152395   0.204575282127387   -0.0266154884244711   -0.0160253689493947   0
0.25741843585286   0.211164877627057   0.0120724007004653   0.00658959549967006   0
0.25741843585286   0.211164877627057   0.0120724007004653   0.00658959549967006   0
0.27302938085522   0.225710716465236   0.0156109450023604   0.0145458388381786   0
0.27302938085522   0.225710716465236   0.0156109450023604   0.0145458388381786   0
0.246734154936543   0.195644753934906   -0.0262952259186772   -0.0300659625303294   0
0.246734154936543   0.195644753934906   -0.0262952259186772   -0.0300659625303294   0
0.269039763457183   0.216492029518987   0.0223056085206398   0.0208472755840809   0
0.269039763457183   0.216492029518987   0.0223056085206398   0.0208472755840809   0
0.267200646915852   0.214847321757801   -0.00183911654133051   -0.00164470776118628   0
0.267200646915852   0.214847321757801   -0.00183911654133051   -0.00164470776118628   0
0.246467149055149   0.209666805869456   -0.0207334978607036   -0.0051805158883452   0
0.246467149055149   0.209666805869456   -0.0207334978607036   -0.0051805158883452   0
0.266115037414442   0.211567475045197   0.0196478883592935   0.00190066917574122   0
0.266115037414442   0.211567475045197   0.0196478883592935   0.00190066917574122   0
0.257224972068037   0.217731485572252   -0.00889006534640513   0.00616401052705559   0
0.257224972068037   0.217731485572252   -0.00889006534640513   0.00616401052705559   0
0.234238768978803   0.205676737296662   -0.0229862030892345   -0.0120547482755907   0
0.234238768978803   0.205676737296662   -0.0229862030892345   -0.0120547482755907   0
0.25468558549296   0.21880685029153   0.0204468165141569   0.0131301129948682   0
0.25468558549296   0.21880685029153   0.0204468165141569   0.0131301129948682   0
0.254299870935889   0.21447250107473   -0.000385714557070149   -0.00433434921680004   0
0.254299870935889   0.21447250107473   -0.000385714557070149   -0.00433434921680004   0
0.234508196394156   0.201482915976144   -0.0197916745417335   -0.0129895850985857   0
0.234508196394156   0.201482915976144   -0.0197916745417335   -0.0129895850985857   0
0.238345024471586   0.197667394283301   0.00383682807743005   -0.00381552169284316   0
0.238345024471586   0.197667394283301   0.00383682807743005   -0.00381552169284316   0
0.26444156731348   0.217547560364395   0.0260965428418944   0.0198801660810937   0
0.26444156731348   0.217547560364395   0.0260965428418944   0.0198801660810937   0
0.236744564102853   0.217234790248938   -0.0276970032106271   -0.000312770115456995   0
0.236744564102853   0.217234790248938   -0.0276970032106271   -0.000312770115456995   0
0.229478252874733   0.198956939716864   -0.00726631122812005   -0.0182778505320735   0
0.229478252874733   0.198956939716864   -0.00726631122812005   -0.0182778505320735   0
0.253334186595763   0.209729372959536   0.0238559337210298   0.0107724332426713   0
0.253334186595763   0.209729372959536   0.0238559337210298   0.0107724332426713   0
0.235549853458458   0.216219153231738   -0.0177843331373054   0.00648978027220284   0
0.235549853458458   0.216219153231738   -0.0177843331373054   0.00648978027220284   0
