0.138117951179599   0.102119279579678   0   0   0
0.161730776302657   0.104028982877562   0.0236128251230581   0.00190970329788327   0
0.138579166112407   0.11183382446532   -0.0231516101902501   0.0078048415877584   0
0.17989782163809   0.111525573096667   0.0413186555256832   -0.000308251368653062   0
0.239698263315715   0.12138510782769   0.0598004416776254   0.00985953473102337   0
0.136672891645052   0.115014728234257   -0.103025371670664   -0.00637037959343326   0
0.106580767340736   0.118272730157093   -0.030092124304316   0.00325800192283582   0
0.116665070818958   0.127360949948954   0.0100843034782225   0.00908821979186129   0
0.244134568315591   0.0862993858435852   0.127469497496633   -0.0410615641053689   0
0.105816266055366   0.110753183123827   -0.138318302260225   0.024453797280242   0
0.0717945378527503   0.095521642775011   -0.0340217282026156   -0.0152315403488162   0
0.123929635757151   0.104700064981845   0.0521350979044002   0.00917842220683367   0
0.246731049367525   0.0588986178597809   0.122801413610374   -0.0458014471220638   0
0.0845802119162331   0.0802245436628915   -0.162150837451292   0.0213259258031106   0
0.0878759452938879   0.0851715544950994   0.00329573337765483   0.00494701083220787   0
0.274197624132741   0.0721156983858057   0.186321678838853   -0.0130558561092936   0
0.0946776333365489   0.0455254681824086   -0.179519990796192   -0.0265902302033971   0
0.0985480492534479   0.0758454304524175   0.00387041591689902   0.0303199622700089   0
0.245663090071016   0.0536502942425452   0.147115040817568   -0.0221951362098723   0
0.166198777673754   0.0273108155408106   -0.0794643123972615   -0.0263394787017346   0
0.0693014644569651   0.0336938827725449   -0.0968973132167891   0.00638306723173433   0
0.109119386761886   0.0157840879828555   0.0398179223049206   -0.0179097947896894   0
0.271796646168068   0.0203235867419016   0.162677259406182   0.00453949875904609   0
0.134480145686269   0.0371220848857186   -0.1373165004818   0.016798498143817   0
0.138725813817905   0.0189253427811097   0.00424566813163635   -0.018196742104609   0
0.239155960849735   0.0360885625370341   0.10043014703183   0.0171632197559244   0
0.142432819451312   0.0317168753495675   -0.0967231413984232   -0.00437168718746666   0
0.129511401565268   0.0453783300456837   -0.0129214178860443   0.0136614546961162   0
0.243551010219543   0.054032223676333   0.114039608654276   0.00865389363064933   0
0.0436601823719389   0.122219558987136   -0.199890827847604   0.0681873353108029   0
0.0605842398811902   0.10101622294674   0.0169240575092513   -0.0212033360403957   0
0.334575367473832   0.0808051837118294   0.273991127592642   -0.0202110392349108   0
0.153994738007894   0.0962145476120307   -0.180580629465938   0.0154093639002013   0
0.122081709228901   0.0805025609827414   -0.031913028778993   -0.0157119866292893   0
0.15094591413195   0.0419313374713948   0.0288642049030487   -0.0385712235113466   0
0.30985236099349   0.0505596526954547   0.15890644686154   0.00862831522405989   0
0.25398692724036   0.0484869448113098   -0.0558654337531299   -0.00207270788414492   0
0.148676800930239   0.0463744282946348   -0.105310126310121   -0.00211251651667499   0
0.309994763086573   0.0595117126909905   0.161317962156334   0.0131372843963557   0
0.484329729678336   0.0505089429262037   0.174334966591763   -0.00900276976478684   0
0.148024660413223   0.0933911890879434   -0.336305069265113   0.0428822461617397   0
0.177043396782371   0.0628619345526766   0.0290187363691478   -0.0305292545352668   0
0.221997886496913   0.0499367178689479   0.0449544897145417   -0.0129252166837287   0
0.203684202729348   0.0704664077694826   -0.0183136837675649   0.0205296899005347   0
0.390074744047099   0.0427262447027878   0.186390541317752   -0.0277401630666948   0
0.268308446482104   0.0369182099454321   -0.121766297564995   -0.00580803475735569   0
0.237796529706134   0.0401644320228059   -0.0305119167759702   0.00324622207737386   0
0.365998817465521   0.0232469890164296   0.128202287759388   -0.0169174430063763   0
0.174765209071514   0.0491010639034685   -0.191233608394007   0.0258540748870389   0
0.215719143596228   0.0300760588901509   0.0409539345247139   -0.0190250050133176   0
0.337770248126653   0.019069868429573   0.122051104530425   -0.0110061904605779   0
0.125274523725217   0.0434303793493575   -0.212495724401436   0.0243605109197845   0
0.148611015347921   0.0487194393985255   0.0233364916227038   0.005289060049168   0
0.326491299663804   0.0192199497405567   0.177880284315883   -0.0294994896579688   0
0.297347086915342   0.0218299061465   -0.0291442127484621   0.00260995640594335   0
0.211414611259487   0.0471892241223036   -0.0859324756558551   0.0253593179758036   0
0.242122217902364   0.0349356476089699   0.0307076066428773   -0.0122535765133337   0
0.256449123717434   0.0286324136654269   0.0143269058150701   -0.00630323394354302   0
0.285513286955704   0.0334891485580777   0.0290641632382692   0.00485673489265083   0
0.462316989376607   0.0178629188027881   0.176803702420904   -0.0156262297552897   0
0.201819152519799   0.0283945463365767   -0.260497836856808   0.0105316275337886   0
0.216288385802338   0.0172712054746882   0.0144692332825385   -0.0111233408618885   0
0.401258630048364   0.114703674138244   0.184970244246026   0.0974324686635559   0
0.205426901814952   0.0674536632247206   -0.195831728233412   -0.0472500109135235   0
0.202725085163849   0.0488218419004752   -0.00270181665110278   -0.0186318213242454   0
0.256339293210698   0.0298556607323469   0.0536142080468483   -0.0189661811681284   0
0.312994582438035   0.0341423189703775   0.0566552892273375   0.00428665823803062   0
0.552464797516533   0.0259086903968961   0.239470215078498   -0.00823362857348145   0
0.303264255812006   0.0318194150457767   -0.249200541704527   0.00591072464888062   0
0.278401160204856   0.0307702796790182   -0.0248630956071501   -0.00104913536675849   0
0.289887641996412   0.0321607573541595   0.0114864817915559   0.00139047767514132   0
0.501139110117772   0.0415343807337066   0.21125146812136   0.0093736233795471   0
0.232851297938169   0.0430406522420923   -0.268287812179603   0.00150627150838568   0
0.224017861240772   0.0404367448093006   -0.00883343669739664   -0.00260390743279167   0
0.243762288151798   0.0437740042535376   0.0197444269110251   0.00333725944423695   0
0.25793329258504   0.0558651773409375   0.0141710044332427   0.0120911730874   0
0.459743316388839   0.0428657962460238   0.201810023803799   -0.0129993810949138   0
0.27817048748385   0.0403665639145816   -0.181572828904989   -0.00249923233144219   0
0.318358875227329   0.0416868007475388   0.0401883877434794   0.00132023683295721   0
0.428683578742655   0.0404673032983238   0.110324703515326   -0.00121949744921503   0
0.197450218266175   0.0701137821103134   -0.23123336047648   0.0296464788119896   0
0.410621258082189   0.0392222625149608   0.213171039816015   -0.0308915195953526   0
0.262791310826081   0.0705223350009059   -0.147829947256108   0.0313000724859451   0
0.249772995328738   0.0806181934851092   -0.0130183154973427   0.0100958584842033   0
0.275154085954052   0.0791396796215084   0.0253810906253138   -0.00147851386360073   0
0.327065251568491   0.0861064114089218   0.0519111656144383   0.00696673178741336   0
0.479652452058738   0.0832819281867321   0.152587200490247   -0.00282448322218971   0
0.50119714508306   0.0898752659314703   0.0215446930243221   0.00659333774473818   0
0.174631747936622   0.196610421600109   -0.326565397146438   0.106735155668638   0
0.226119300946602   0.185732385815244   0.0514875530099798   -0.0108780357848652   0
0.251667972583501   0.166002831680826   0.0255486716368993   -0.019729554134418   0
0.254483419843494   0.156370002605167   0.00281544725999255   -0.00963282907565835   0
0.525494420836226   0.10794049110437   0.271011000992732   -0.0484295115007976   0
0.21708651077985   0.135082839132188   -0.308407910056375   0.0271423480278181   0
0.152855034312515   0.158366092925577   -0.0642314764673356   0.0232832537933893   0
0.398595219124226   0.112087801081619   0.245740184811712   -0.0462782918439584   0
0.252426395266105   0.118126367852832   -0.146168823858121   0.00603856677121302   0
0.241648841694493   0.132184633385504   -0.0107775535716126   0.014058265532672   0
0.27684647876836   0.131112503295605   0.0351976370738673   -0.00107213008989876   0
0.254362759855762   0.13680075108446   -0.0224837189125981   0.00568824778885554   0
0.415131339103591   0.119244838493771   0.160768579247829   -0.017555912590689   0
0.383930606597985   0.114872482774695   -0.0312007325056067   -0.00437235571907685   0
0.241885466529099   0.126784999438577   -0.142045140068885   0.0119125166638825   0
0.25907261596896   0.142404425019169   0.0171871494398603   0.0156194255805915   0
0.445282143528303   0.112448661549393   0.186209527559343   -0.0299557634697753   0
0.175879118087424   0.151271762831576   -0.269403025440879   0.0388231012821825   0
0.201170879713839   0.120635605674859   0.0252917616264154   -0.0306361571567171   0
0.272812413777013   0.110434084864275   0.0716415340631734   -0.0102015208105832   0
0.43605929507575   0.0879526744321627   0.163246881298737   -0.0224814104321128   0
0.18830256780246   0.12896878600993   -0.24775672727329   0.0410161115777669   0
0.239007818281662   0.120958540888872   0.0507052504792022   -0.00801024512105721   0
0.282869163477198   0.115796571454815   0.0438613451955363   -0.00516196943405765   0
0.295305092332811   0.123473808083142   0.0124359288556125   0.00767723662832699   0
0.471963632746476   0.0757506858268293   0.176658540413665   -0.0477231222563124   0
0.406962351473696   0.125347283068491   -0.0650012812727797   0.049596597241662   0
0.211097610200234   0.141433583626954   -0.195864741273462   0.0160863005584623   0
0.233384262725146   0.142872917943368   0.0222866525249119   0.00143933431641477   0
0.244936239581835   0.12821352880142   0.0115519768566888   -0.0146593891419487   0
0.415629913338489   0.10062870931275   0.170693673756654   -0.0275848194886695   0
0.362767138933903   0.119204561723241   -0.0528627744045858   0.0185758524104908   0
0.223498508469296   0.131702450915029   -0.139268630464607   0.0124978891917879   0
0.266722015823891   0.125474049280408   0.043223507354595   -0.00622840163462113   0
0.29275996679676   0.120007792272262   0.0260379509728689   -0.00546625700814539   0
0.317962791206833   0.120808112841615   0.0252028244100729   0.000800320569353002   0
0.360250753294147   0.12042105708925   0.0422879620873136   -0.000387055752365084   0
0.548260055731001   0.0772131748007439   0.188009302436854   -0.0432078822885065   0
0.266797027465169   0.12796891784503   -0.281463028265832   0.0507557430442861   0
0.396208638579928   0.0874133681477982   0.129411611114759   -0.0405555496972318   0
0.370885935308094   0.109211932970315   -0.0253227032718336   0.0217985648225165   0
0.222526332355881   0.108971489012792   -0.148359602952213   -0.000240443957522873   0
0.246905931024935   0.138856313606152   0.0243795986690541   0.0298848245933601   0
0.535378071259965   0.124298869144102   0.28847214023503   -0.0145574444620502   0
0.35635565712984   0.144029815645833   -0.179022414130125   0.0197309465017309   0
0.216244956103027   0.155913292377919   -0.140110701026813   0.0118834767320866   0
0.282054566409427   0.139828337749578   0.0658096103064004   -0.0160849546283414   0
0.299605154167014   0.130323088731899   0.0175505877575864   -0.00950524901767849   0
0.479271916552013   0.116744284807651   0.179666762385   -0.013578803924248   0
0.352288792113459   0.128959720130939   -0.126983124438554   0.0122154353232873   0
0.273904558038014   0.138629312121833   -0.0783842340754446   0.00966959199089409   0
0.280811844127362   0.12108703357636   0.00690728608934782   -0.0175422785454728   0
0.326090138935479   0.124268247447417   0.0452782948081167   0.00318121387105731   0
0.379006030477471   0.108863298261237   0.0529158915419924   -0.0154049491861804   0
0.203998732905379   0.144875871864193   -0.175007297572093   0.036012573602956   0
0.25443309440008   0.124828232598049   0.0504343614947013   -0.0200476392661443   0
0.292853789845872   0.134413858972726   0.0384206954457918   0.00958562637467797   0
0.512974266679567   0.113442536956525   0.220120476833696   -0.0209713220162016   0
0.276079858579017   0.130871743224961   -0.236894408100551   0.0174292062684357   0
0.278974561650341   0.140223989429092   0.00289470307132417   0.00935224620413111   0
0.294581274508819   0.13828486507619   0.0156067128584776   -0.00193912435290189   0
0.308822034798053   0.145075073429458   0.0142407602892345   0.00679020835326782   0
0.360810747796348   0.13192636776745   0.0519887129982949   -0.0131487056620074   0
0.472021005807676   0.117237628642173   0.111210258011328   -0.0146887391252774   0
0.253047913995532   0.141277781012099   -0.218973091812144   0.0240401523699259   0
0.231330999282413   0.15000043638044   -0.0217169147131182   0.00872265536834163   0
0.352758932385574   0.123789069634601   0.121427933103161   -0.0262113667458396   0
0.349282849198697   0.0961332945444111   -0.00347608318687664   -0.0276557750901895   0
0.27152449567028   0.0982155782643594   -0.0777583535284173   0.00208228371994827   0
0.314118472294388   0.0949438627072862   0.0425939766241075   -0.00327171555707322   0
0.4184827173914   0.0776551456512059   0.104364245097012   -0.0172887170560803   0
0.50849819779657   0.0759379490048454   0.0900154804051708   -0.0017171966463605   0
0.287426990376408   0.0726660990432437   -0.221071207420162   -0.00327184996160171   0
0.314357320352318   0.0883953017971119   0.0269303299759097   0.0157292027538683   0
0.336508444383807   0.0820605346229995   0.0221511240314892   -0.00633476717411244   0
0.540939905705837   0.0632666857524876   0.20443146132203   -0.0187938488705119   0
0.389006562783573   0.0672429692098921   -0.151933342922264   0.00397628345740449   0
0.302260622783452   0.0863672392464296   -0.0867459400001215   0.0191242700365374   0
0.352917946777491   0.0776692488783206   0.0506573239940394   -0.00869799036810899   0
0.435360161762649   0.0664267549091667   0.0824422149851581   -0.0112424939691539   0
0.575674916318481   0.0662517010203323   0.140314754555832   -0.000175053888834376   0
0.30327768433045   0.0877194911818491   -0.272397231988031   0.0214677901615168   0
0.370129791319329   0.0871267603214564   0.0668521069888791   -0.000592730860392729   0
0.402068234674477   0.0895445047557498   0.0319384433551477   0.00241774443429343   0
0.397650357587228   0.0899978163949548   -0.004417877087249   0.00045331163920502   0
0.50575267504384   0.0513116642146306   0.108102317456612   -0.0386861521803242   0
0.341537476614807   0.0644088821696201   -0.164215198429033   0.0130972179549895   0
0.366047171120936   0.0664893090961998   0.0245096945061291   0.00208042692657977   0
0.6875380152189   0.0375725035724265   0.321490844097964   -0.0289168055237733   0
0.306624984882446   0.0601807603897001   -0.380913030336454   0.0226082568172737   0
0.29339396516009   0.0733616734025506   -0.0132310197223558   0.0131809130128505   0
0.322915852777918   0.076323209058238   0.0295218876178281   0.00296153565568737   0
0.375745562327754   0.0783761229566282   0.052829709549836   0.00205291389839021   0
0.475166136238358   0.0677352389519296   0.0994205739106043   -0.0106408840046986   0
0.631282915619685   0.0658898786753132   0.156116779381327   -0.00184536027661635   0
0.346817849075217   0.0845015025512713   -0.284465066544468   0.018611623875958   0
0.340850601751911   0.109334397011748   -0.00596724732330572   0.0248328944604766   0
0.3519748295774   0.0957459709957683   0.0111242278254891   -0.0135884260159796   0
0.358756137635316   0.0835974817919924   0.00678130805791599   -0.0121484892037759   0
0.356571140874076   0.0910000056327471   -0.00218499676124051   0.00740252384075468   0
0.387052479769876   0.0917271933611974   0.0304813388957998   0.000727187728450346   0
0.671883967891659   0.0630779196523435   0.284831488121783   -0.0286492737088539   0
0.384993447274898   0.0874008969104151   -0.286890520616761   0.0243229772580716   0
0.335189383255034   0.0812618573331609   -0.0498040640198646   -0.00613903957725415   0
0.357080327432862   0.0775441652428795   0.0218909441778282   -0.00371769209028143   0
0.380000000916526   0.0779083188151464   0.0229196734836642   0.000364153572266948   0
0.421770369488766   0.0635653763956841   0.0417703685722395   -0.0143429424194623   0
0.690026731814855   0.0442798813426832   0.268256362326089   -0.019285495053001   0
0.386000616095311   0.0567978377733255   -0.304026115719544   0.0125179564306423   0
0.394071499973038   0.0687543359452151   0.00807088387772636   0.0119564981718896   0
0.416661010840275   0.0656803289378372   0.0225895108672374   -0.00307400700737787   0
0.588114375880781   0.0620944379155654   0.171453365040505   -0.00358589102227189   0
0.525093280020503   0.0625019972137291   -0.0630210958602778   0.000407559298163739   0
0.390565858408028   0.0646136944668272   -0.134527421612474   0.00211169725309814   0
0.427371648131927   0.058975127051631   0.0368057897238991   -0.00563856741519618   0
0.553529543521617   0.0507549401825576   0.12615789538969   -0.00822018686907345   0
0.456428930275295   0.0543190234972519   -0.0971006132463223   0.00356408331469427   0
0.366102539768792   0.0661949315563699   -0.0903263905065028   0.0118759080591181   0
0.414180469661523   0.0571446228536203   0.0480779298927312   -0.00905030870274966   0
0.442844904763553   0.0594284564614672   0.0286644351020294   0.00228383360784691   0
0.665886160941523   0.0446405496999645   0.22304125617797   -0.0147879067615027   0
0.411959145257743   0.0484931006464322   -0.25392701568378   0.00385255094646769   0
0.420938100732174   0.0505030606768293   0.00897895547443139   0.00200996003039711   0
0.432864461914593   0.0625580450262594   0.0119263611824187   0.0120549843494301   0
0.460225436519973   0.0599650902623768   0.0273609746053805   -0.00259295476388258   0
0.666368737779684   0.0383365056077429   0.206143301259711   -0.021628584654634   0
0.427479470899878   0.0681669845032403   -0.238889266879806   0.0298304788954974   0
0.449951301632254   0.0703385158058158   0.022471830732376   0.00217153130257552   0
0.469674348191425   0.0699832050986878   0.0197230465591707   -0.000355310707128006   0
0.472608006367603   0.0750428888540746   0.00293365817617752   0.00505968375538686   0
0.758197936320073   0.0537780840445715   0.28558992995247   -0.0212648048095031   0
0.500753516219517   0.0625928390881297   -0.257444420100556   0.00881475504355818   0
0.424564017491933   0.0795287048997719   -0.0761894987275844   0.0169358658116422   0
0.402116471433452   0.0933891294546774   -0.0224475460584808   0.0138604245549056   0
0.47361476075909   0.0597822638046394   0.0714982893256382   -0.033606865650038   0
0.690462097774932   0.0330646748812082   0.216847337015842   -0.0267175889234312   0
0.430770376729285   0.0527963556695204   -0.259691721045647   0.0197316807883122   0
0.463273533340337   0.0605062166235008   0.0325031566110518   0.00770986095398036   0
0.484288774111232   0.0531829102936507   0.0210152407708956   -0.00732330632985005   0
0.651223760658287   0.0276448264065358   0.166934986547055   -0.0255380838871149   0
0.419097769048035   0.0529799554646377   -0.232125991610253   0.0253351290581019   0
0.442872836863405   0.0488255927226951   0.0237750678153699   -0.00415436274194261   0
0.474825035682882   0.0435668188588804   0.031952198819477   -0.00525877386381469   0
0.687044496532514   0.0167324881861605   0.212219460849632   -0.02683433067272   0
0.431533707750495   0.0424830554233685   -0.255510788782019   0.025750567237208   0
0.431389054606407   0.0470865202693404   -0.000144653144088014   0.00460346484597186   0
0.479805738796401   0.0442641962146327   0.0484166841899933   -0.00282232405470769   0
0.507915104356003   0.0438397429123963   0.0281093655596024   -0.00042445330223638   0
0.652158471372474   0.027187445147255   0.14424336701647   -0.0166522977651413   0
0.678194449659801   0.0350205580597311   0.0260359782873272   0.00783311291247613   0
0.44840812362338   0.0479883784322309   -0.229786326036421   0.0129678203724997   0
0.490745075035291   0.0385226047360183   0.0423369514119117   -0.00946577369621256   0
0.503535123494846   0.0380413183918158   0.0127900484595546   -0.000481286344202546   0
0.720549102627508   0.0148075480774975   0.217013979132663   -0.0232337703143183   0
0.485277244996407   0.040411911657765   -0.235271857631102   0.0256043635802675   0
0.451055218344151   0.0508361097997772   -0.0342220266522553   0.0104241981420122   0
0.501556906852804   0.0428378368264844   0.0505016885086527   -0.00799827297329279   0
0.622784182097879   0.0178533357397917   0.121227275245075   -0.0249845010866926   0
0.727109726844383   0.018440673977936   0.104325544746504   0.000587338238144237   0
0.41488726070658   0.0416861694516898   -0.312222466137803   0.0232454954737539   0
0.461346406716144   0.0434144937567513   0.0464591460095635   0.00172832430506148   0
0.517495421494486   0.0330242340251443   0.0561490147783421   -0.010390259731607   0
0.667116656750356   0.0381299668918687   0.14962123525587   0.00510573286672433   0
0.475068714319781   0.0465734053904382   -0.192047942430575   0.00844343849856957   0
0.491050046877144   0.0397374018738958   0.0159813325573626   -0.00683600351654239   0
0.50952270906218   0.056643386382742   0.018472662185036   0.0169059845088462   0
0.538674321799768   0.0547253631869173   0.0291516127375884   -0.00191802319582473   0
0.549516251086754   0.0523388839643625   0.0108419292869857   -0.00238647922255477   0
0.778503055277222   0.0438669808955794   0.228986804190468   -0.00847190306878312   0
0.607242291497089   0.0511623501831425   -0.171260763780133   0.00729536928756312   0
0.481054153639621   0.0599142112760787   -0.126188137857468   0.00875186109293624   0
0.506730621529152   0.0601403001892884   0.0256764678895307   0.000226088913209688   0
0.521428949769412   0.0571374668038153   0.0146983282402606   -0.00300283338547308   0
0.533156842329356   0.062174715425927   0.0117278925599439   0.00503724862211162   0
0.55949059829958   0.0646626195162106   0.0263337559702241   0.00248790409028368   0
0.543860352338723   0.087227467427941   -0.0156302459608573   0.0225648479117303   0
0.809008034665194   0.0770399434610425   0.265147682326471   -0.0101875239668985   0
0.533757288237544   0.0815527242152278   -0.27525074642765   0.00451278075418529   0
0.543982641332065   0.0899384516537004   0.0102253530945207   0.00838572743847259   0
0.54763489222986   0.0720796639447979   0.00365225089779464   -0.0178587877089025   0
0.701466924259403   0.0701967988086529   0.153832032029544   -0.00188286513614497   0
0.679499358010889   0.0683026329028025   -0.0219675662485146   -0.00189416590585044   0
0.581428392424424   0.059012283427474   -0.0980709655864648   -0.00929034947532848   0
0.590624260305986   0.0753418302750537   0.00919586788156179   0.0163295468475797   0
0.579146181998197   0.0641834427584326   -0.0114780783077887   -0.0111583875166211   0
0.810352334705935   0.120214854427864   0.231206152707738   0.0560314116694312   0
0.535420931571871   0.11650722295845   -0.274931403134064   -0.00370763146941375   0
0.518781275833506   0.121106199758652   -0.016639655738365   0.00459897680020181   0
0.550873308485617   0.103320005266321   0.0320920326521115   -0.0177861944923314   0
0.55076832616878   0.0997034117573842   -0.000104982316836866   -0.00361659350893632   0
0.571688442332229   0.10696821126046   0.0209201161634484   0.00726479950307626   0
0.751316982552431   0.105826196564792   0.179628540220202   -0.00114201469566844   0
0.517120200389851   0.108038408467001   -0.23419678216258   0.0022122119022087   0
0.516181286515852   0.0937228217791697   -0.000938913873999359   -0.0143155866878311   0
0.509608816751729   0.115090813425271   -0.00657246976412329   0.0213679916461012   0
