0.114496874547212   0.0913393143382279   0   0   0
0.200014164878391   0.0826324023253742   0.0855172903311786   -0.00870691201285373   0
0.225818578235627   0.0713640216919562   0.0258044133572365   -0.0112683806334179   0
0.182029897163543   0.109640042327347   -0.0437886810720841   0.038276020635391   0
0.155325450417663   0.0958824347621216   -0.0267044467458795   -0.0137576075652257   0
0.20459332220686   0.120475337002029   0.0492678717891966   0.0245929022399076   0
0.159586542646177   0.128325202712922   -0.0450067795606829   0.00784986571089272   0
0.13364620111638   0.112449257105639   -0.0259403415297967   -0.0158759456072834   0
0.202058318237582   0.088523365037373   0.0684121171212017   -0.0239258920682655   0
0.152994020470605   0.111511967253519   -0.0490642977669768   0.0229886022161464   0
0.144829180750462   0.0814308481169299   -0.00816483972014329   -0.0300811191365896   0
0.16416289221773   0.0698384572979852   0.0193337114672679   -0.0115923908189447   0
0.162685856873946   0.0830787933184516   -0.00147703534378402   0.0132403360204664   0
0.182514407520776   0.0655618825368445   0.0198285506468304   -0.0175169107816071   0
0.130895792691973   0.0864066799010499   -0.0516186148288032   0.0208447973642054   0
0.12618495663766   0.0893762803557102   -0.00471083605431324   0.00296960045466027   0
0.0607037390497398   0.128149114220466   -0.0654812175879201   0.0387728338647557   0
0.0953919723902384   0.321409072124932   0.0346882333404986   0.193259957904467   0
0.105807412318325   0.0909092335071774   0.0104154399280865   -0.230499838617755   0
0.168139536700737   0.0751639869331717   0.0623321243824119   -0.0157452465740057   0
0.0532975211991139   0.0625768621162207   -0.114842015501623   -0.0125871248169509   0
0.156428129430483   0.0613838940137395   0.103130608231369   -0.00119296810248125   0
0.0428733321450526   0.0949308398233288   -0.113554797285431   0.0335469458095893   0
0.211877541071464   0.0933856420763385   0.169004208926412   -0.00154519774699029   0
0.0417838276069821   0.133566360217833   -0.170093713464482   0.0401807181414948   0
0.0981912639705285   0.160910036083832   0.0564074363635464   0.0273436758659984   0
0.190418975206254   0.150024137238687   0.0922277112357256   -0.0108858988451443   0
0.0403044915081434   0.180387565357205   -0.150114483698111   0.0303634281185179   0
0.117869752884826   0.181076792039565   0.0775652613766829   0.000689226682360128   0
0.19064386793991   0.193239543491362   0.0727741150550842   0.0121627514517967   0
0.0377954929097915   0.183917565287339   -0.152848375030119   -0.00932197820402331   0
0.0744236176308301   0.176838808773018   0.0366281247210386   -0.00707875651432077   0
0.211689603744634   0.209800490388488   0.137265986113804   0.0329616816154699   0
0.0594419395360717   0.199450087721009   -0.152247664208562   -0.0103504026674788   0
0.0452663874354912   0.204379548720854   -0.0141755521005804   0.00492946099984504   0
0.142050480095246   0.205672751865166   0.0967840926597552   0.0012932031443115   0
0.21659487309918   0.203566297364853   0.0745443930039339   -0.00210645450031302   0
0.104729080407975   0.198694771268018   -0.111865792691206   -0.00487152609683458   0
0.145131458822291   0.207886140361737   0.0404023784143166   0.00919136909371937   0
0.286986835320176   0.196257623554475   0.141855376497885   -0.0116285168072625   0
0.220180174482173   0.203142196675752   -0.0668066608380036   0.00688457312127727   0
0.162222441869551   0.218920381173727   -0.0579577326126212   0.015778184497975   0
0.321078165496021   0.206275902097167   0.158855723626469   -0.0126444790765602   0
0.188208101379829   0.197965808430395   -0.132870064116192   -0.0083100936667716   0
0.121692962062931   0.22494352178158   -0.0665151393168979   0.0269777133511843   0
0.184314363428383   0.218072081282199   0.0626214013654517   -0.00687144049938063   0
0.321327923357121   0.218770611230691   0.137013559928738   0.000698529948491677   0
0.114806939053482   0.212288365429926   -0.206520984303639   -0.00648224580076417   0
0.279522437026082   0.153948981978609   0.1647154979726   -0.0583393834513177   0
0.290435952170457   0.15559577102383   0.010913515144375   0.00164678904522081   0
0.335223013292644   0.148474421011668   0.0447870611221867   -0.00712135001216169   0
0.292888825331387   0.17920481308408   -0.0423341879612563   0.030730392072412   0
0.326906608781468   0.158647186927755   0.0340177834500808   -0.020557626156325   0
0.151552072715255   0.258714424502191   -0.175354536066213   0.100067237574436   1
0.0601373161379023   0.659740179616377   -0.0914147565773529   0.401025755114186   1
0.141192858487673   0.41775443927354   0.0810555423497706   -0.241985740342837   1
0.538581279351826   0.111439267844814   0.397388420864153   -0.306315171428727   1
0.158218518601901   0.312548501825317   -0.380362760749926   0.201109233980503   1
0.101097048262202   0.333661172698443   -0.0571214703396987   0.021112670873126   0
0.193940500861398   0.279645304990983   0.0928434525991962   -0.0540158677074595   0
0.27380220148085   0.274435745409558   0.0798617006194519   -0.00520955958142472   0
0.14693174570218   0.279009645260249   -0.12687045577867   0.00457389985069057   0
0.184890461341655   0.272002076338582   0.0379587156394753   -0.00700756892166665   0
0.186068833864567   0.27175255274974   0.00117837252291245   -0.000249523588842726   0
0.320278485575054   0.243785135733806   0.134209651710486   -0.0279674170159341   0
0.23604354779   0.248328382775228   -0.0842349377850539   0.00454324704142217   0
0.172989699039278   0.250727379355048   -0.0630538487507219   0.00239899657981998   0
0.269255399622533   0.245832734832569   0.096265700583255   -0.00489464452247906   0
0.257831680609657   0.224655125323261   -0.0114237190128764   -0.0211776095093079   0
0.184694034043036   0.235613080752109   -0.073137646566621   0.0109579554288486   0
0.284080626466924   0.244760348346091   0.0993865924238884   0.00914726759398202   0
0.396103068074763   0.258292945053673   0.112022441607839   0.0135325967075821   0
0.247695043218471   0.250628510061206   -0.148408024856292   -0.00766443499246755   0
0.294312028353175   0.264386356161773   0.0466169851347043   0.0137578461005674   0
0.432839319645628   0.258563857043091   0.138527291292453   -0.00582249911868227   0
0.245070047844774   0.25887336194798   -0.187769271800854   0.000309504904889235   0
0.323861332356242   0.286306407161104   0.0787912845114673   0.027433045213124   0
0.360313932669221   0.28415450987139   0.0364526003129794   -0.00215189728971399   0
0.298590411180751   0.231889984563801   -0.06172352148847   -0.052264525307589   0
0.31627597643362   0.236493361047409   0.0176855652528693   0.00460337648360742   0
0.344485181195665   0.286806361493011   0.0282092047620444   0.0503130004456028   0
0.284096661640013   0.265423772528479   -0.0603885195556518   -0.021382588964532   0
0.315351084142357   0.357985417275233   0.0312544225023442   0.0925616447467532   0
0.354921117935366   0.326839181800962   0.0395700337930089   -0.0311462354742704   0
0.241272139041146   0.374611115958683   -0.11364897889422   0.0477719341577209   0
0.404989542525187   0.350274052109491   0.163717403484041   -0.0243370638491922   0
0.305716294597066   0.383613083569122   -0.0992732479281208   0.0333390314596307   0
0.298137601833868   0.368288655912044   -0.00757869276319795   -0.0153244276570777   0
0.316859377350648   0.357024588516323   0.0187217755167796   -0.0112640673957207   0
0.491266358967312   0.33643003103537   0.174406981616665   -0.0205945574809534   0
0.299772898765465   0.349137651128462   -0.191493460201847   0.0127076200930925   0
0.284572868652741   0.332638430881791   -0.0152000301127247   -0.0164992202466715   0
0.479536152786211   0.340006662185464   0.19496328413347   0.00736823130367265   0
0.284662690791066   0.33342098937117   -0.194873461995145   -0.0065856728142934   0
0.258859870477369   0.341859507074544   -0.0258028203136973   0.0084385177033735   0
0.403126354029466   0.333441115056692   0.144266483552097   -0.00841839201785188   0
0.352481393379296   0.345213630734289   -0.0506449606501697   0.0117725156775971   0
0.269741308088416   0.336734366975662   -0.0827400852908795   -0.00847926375862662   0
0.357942270897361   0.335675197826709   0.0882009628089448   -0.00105916914895365   0
0.475046276414667   0.338177255492959   0.117104005517305   0.00250205766625028   0
0.297013625819237   0.332014563942984   -0.178032650595429   -0.00616269154997462   0
0.316561753361015   0.367190972385283   0.0195481275417774   0.0351764084422992   0
0.466512486482795   0.358275605340358   0.14995073312178   -0.0089153670449254   0
0.323128785772794   0.403045174322619   -0.143383700710001   0.0447695689822605   0
0.46805467561066   0.366573559599571   0.144925889837866   -0.0364716147230478   0
0.358646965227646   0.395410803378587   -0.109407710383014   0.0288372437790168   0
0.493236567096358   0.414192128916642   0.134589601868712   0.0187813255380542   0
0.460393781122204   0.366478244851587   -0.0328427859741539   -0.0477138840650544   0
0.353948239013842   0.234146491830435   -0.106445542108362   -0.132331753021152   0
0.251151122284492   0.3198915591302   -0.10279711672935   0.0857450672997646   0
0.277610736324462   0.448788748478056   0.0264596140399698   0.128897189347857   0
0.35467416971216   0.361236737397375   0.0770634333876978   -0.0875520110806813   0
0.268989296478373   0.534182270983391   -0.085684873233787   0.172945533586016   0
0.270600186016732   0.42554879869881   0.00161088953835919   -0.108633472284581   0
0.384027375773251   0.410017741332616   0.113427189756519   -0.0155310573661936   0
0.401438324849584   0.371412733421325   0.0174109490763326   -0.0386050079112913   0
0.231074396832903   0.382292832461583   -0.170363928016681   0.0108800990402583   0
0.293477365815492   0.369954578775895   0.0624029689825886   -0.0123382536856879   0
0.441442988173377   0.342094113120936   0.147965622357885   -0.0278604656549588   0
0.236726064357096   0.328946099416759   -0.204716923816281   -0.0131480137041778   0
0.239600745530977   0.333528473822701   0.00287468117388087   0.00458237440594222   0
0.46632331070815   0.291280906695753   0.226722565177173   -0.0422475671269477   0
0.306784514239229   0.294485700405385   -0.159538796468921   0.00320479370963156   0
0.295501054383906   0.310830764592648   -0.0112834598553238   0.0163450641872631   0
0.480809339918111   0.321058400600654   0.185308285534206   0.0102276360080062   0
0.284681279493401   0.318106759071935   -0.19612806042471   -0.00295164152871913   0
0.404864667223506   0.325332083490854   0.120183387730105   0.00722532441891921   0
0.335722064888503   0.323781640971195   -0.069142602335003   -0.0015504425196588   0
0.287810980841593   0.377110273596796   -0.0479110840469094   0.0533286326256004   0
0.223930020122381   0.455568578552944   -0.0638809607192123   0.0784583049561485   0
0.30433674273574   0.352032912491503   0.080406722613359   -0.103535666061441   0
0.196365058483937   0.444527196624402   -0.107971684251803   0.0924942841328996   0
0.369463586688864   0.322957392996739   0.173098528204927   -0.121569803627664   0
0.224410406143209   0.372711763114944   -0.145053180545655   0.049754370118205   0
0.338236378540216   0.274869563561064   0.113825972397007   -0.0978421995538794   0
0.266483926907816   0.366214487825782   -0.0717524516324   0.0913449242647179   0
0.19756031799653   0.362308312210402   -0.0689236089112857   -0.00390617561538048   0
0.389298699544142   0.381958712176133   0.191738381547612   0.0196503999657312   0
0.298908838855595   0.382432445350483   -0.090389860688547   0.000473733174349844   0
0.2257721534562   0.394076877364684   -0.0731366853993947   0.011644432014201   0
0.418038613686834   0.400246154573033   0.192266460230634   0.00616927720834898   0
0.238465317163754   0.437894247622071   -0.17957329652308   0.0376480930490386   0
0.213209438473066   0.436701296127284   -0.0252558786906887   -0.0011929514947871   0
0.401271011580902   0.439353066792529   0.188061573107836   0.0026517706652443   0
0.237354539601858   0.435880551805767   -0.163916471979044   -0.00347251498676149   0
0.228994944879248   0.437798344347315   -0.00835959472260964   0.00191779254154772   0
0.265071269138622   0.40552769788573   0.036076324259374   -0.0322706464615846   0
0.418776737585745   0.396251919754971   0.153705468447123   -0.00927577813075914   0
0.200463978357709   0.407170340030435   -0.218312759228036   0.0109184202754639   0
0.201954544333843   0.412709059743968   0.00149056597613367   0.00553871971353298   0
0.220204945492693   0.417104419662511   0.0182504011588506   0.00439535991854301   0
0.339872167333543   0.412217438665566   0.11966722184085   -0.00488698099694451   0
0.312757266430774   0.407849987080422   -0.0271149009027695   -0.00436745158514479   0
0.2362822338772   0.441552458441237   -0.0764750325535734   0.0337024713608151   0
0.397966232098906   0.375143411241954   0.161683998221705   -0.0664090471992824   0
0.281159437038845   0.398813162532281   -0.116806795060061   0.0236697512903272   0
0.349356668174518   0.437592092410557   0.0681972311356731   0.038778929878276   0
0.276863998320475   0.403313081698015   -0.0724926698540426   -0.0342790107125421   0
0.267496207361899   0.302055122630787   -0.00936779095857615   -0.101257959067228   0
0.382161923164776   0.31784954800542   0.114665715802877   0.0157944253746329   0
0.287923284971883   0.367297025108086   -0.094238638192893   0.0494474771026658   0
0.337747853189328   0.354495168098593   0.0498245682174455   -0.0128018570094927   0
0.417702340661385   0.35281255443826   0.0799544874720571   -0.00168261366033373   0
0.222139125850918   0.364626892396872   -0.195563214810467   0.0118143379586122   0
0.213239725071479   0.384720112606879   -0.0088994007794389   0.0200932202100075   0
0.226818769569804   0.392413662368552   0.0135790444983252   0.00769354976167258   0
0.353738055572199   0.399946470431982   0.126919286002394   0.00753280806342965   0
0.293259061630225   0.439230914190076   -0.060478993941974   0.0392844437580944   0
0.186790046574205   0.444976574998617   -0.10646901505602   0.00574566080854111   0
0.198739122608823   0.446077737793257   0.0119490760346185   0.00110116279464006   0
0.333191377406814   0.355001559533898   0.134452254797991   -0.0910761782593589   0
0.168619981684289   0.335898512746038   -0.164571395722525   -0.0191030467878608   0
0.180704576439253   0.360020645194828   0.0120845947549643   0.02412213244879   0
0.32103536616619   0.381360617591801   0.140330789726937   0.0213399723969735   0
0.258507076979045   0.397773214567359   -0.0625282891871453   0.0164125969755575   0
0.179979799365685   0.409234617189822   -0.0785272776133606   0.011461402622463   0
0.250785793185659   0.409594854765352   0.0708059938199741   0.000360237575530553   0
0.346873432315016   0.391880840899373   0.0960876391293572   -0.0177140138659789   0
0.189488263064214   0.411476085564216   -0.157385169250802   0.0195952446648426   0
0.222601862739488   0.408999117159499   0.033113599675274   -0.00247696840471651   0
0.348104779280607   0.42008100156934   0.125502916541119   0.0110818844098408   0
0.191687075682452   0.442601296328874   -0.156417703598155   0.0225202947595341   0
0.35053707297945   0.439396732170939   0.158849997296998   -0.00320456415793519   0
0.35416832808426   0.504412614374383   0.00363125510481038   0.0650158822034438   0
0.28522896592387   0.503209239264841   -0.0689393621603903   -0.00120337510954194   0
0.280355541678134   0.511587284734971   -0.00487342424573561   0.00837804547012977   0
0.31326269781447   0.376910776780792   0.032907156136336   -0.134676507954179   0
0.25505268340984   0.470401892594779   -0.0582100144046303   0.093491115813987   0
0.259944092685119   0.48333693287628   0.00489140927527965   0.0129350402815014   0
0.329811438361998   0.428087093989938   0.0698673456768785   -0.0552498388863423   0
0.31183098220108   0.410585316247427   -0.0179804561609184   -0.0175017777425106   0
0.272049631343051   0.407326004217138   -0.0397813508580286   -0.00325931203028934   0
0.298164486887691   0.384025017223488   0.0261148555446399   -0.0233009869936504   0
0.373969565249634   0.36689075136817   0.0758050783619427   -0.0171342658553182   0
0.242686770024738   0.385466735370576   -0.131282795224896   0.0185759840024069   0
0.267791068217071   0.387379761105624   0.0251042981923332   0.00191302573504715   0
0.396184540951562   0.37807554792065   0.128393472734491   -0.00930421318497321   0
0.29503771514925   0.366822458171866   -0.101146825802312   -0.0112530897487848   0
0.257249027888328   0.372283514619571   -0.0377886872609215   0.005461056447705   0
0.498064242470035   0.431645606593534   0.240815214581707   0.0593620919739636   0
0.185952989923566   0.486956291304723   -0.31211125254647   0.0553106847111886   0
0.0931580054542281   0.495491942227621   -0.0927949844693374   0.00853565092289826   0
0.14136154072169   0.486074516198391   0.0482035352674618   -0.00941742602922985   0
0.197204177291659   0.466015242186616   0.0558426365699689   -0.0200592740117755   0
0.234230436762881   0.447097094808835   0.0370262594712222   -0.0189181473777811   0
0.280935722852898   0.438410036132272   0.0467052860900166   -0.00868705867656261   0
0.375453902553922   0.434320220988501   0.0945181797010244   -0.00408981514377127   0
0.219382515158843   0.443303162859233   -0.156071387395079   0.00898294187073267   0
0.214877780442837   0.460653402857561   -0.00450473471600621   0.0173502399983272   0
0.283017712086452   0.389201112761128   0.0681399316436154   -0.0714522900964328   0
0.236253096957077   0.395303491080587   -0.0467646151293753   0.0061023783194597   0
0.198713386631341   0.493499408976596   -0.0375397103257357   0.0981959178960091   0
0.329733377517351   0.454486375376644   0.13101999088601   -0.0390130335999522   0
0.241308175361404   0.447431411568298   -0.0884252021559474   -0.00705496380834592   0
0.309735879951952   0.346619855740406   0.0684277045905482   -0.100811555827892   0
0.219802338783758   0.388775889392269   -0.0899335411681938   0.0421560336518632   0
0.239439150809219   0.373165843331085   0.019636812025461   -0.0156100460611842   0
0.29352944602203   0.308978828882336   0.0540902952128111   -0.0641870144487489   0
0.267292400407138   0.322334149445494   -0.0262370456148919   0.0133553205631577   0
0.316197483517643   0.329885230489711   0.0489050831105044   0.00755108104421742   0
0.318331493391716   0.346354787696807   0.00213400987407297   0.0164695572070952   0
0.229422663425848   0.32165635393421   -0.0889088299658677   -0.0246984337625962   0
0.240619316355658   0.309223119238358   0.0111966529298102   -0.012433234695852   0
0.371248014717924   0.296509834707468   0.130628698362266   -0.0127132845308904   0
0.25341646430246   0.290853144372293   -0.117831550415464   -0.00565669033517485   0
0.240828256298986   0.305630121514961   -0.0125882080034743   0.0147769771426681   0
0.389320654322372   0.322705542532972   0.148492398023386   0.0170754210180111   0
0.292810341577001   0.364179842059867   -0.0965103127453712   0.0414742995268952   0
0.322880227158555   0.361832562614602   0.0300698855815539   -0.00234727944526536   0
0.415080449192684   0.382113266714858   0.0922002220341288   0.0202807041002556   0
0.263690923991043   0.412554289889828   -0.151389525201641   0.03044102317497   0
0.282589438237596   0.384543774720772   0.0188985142465529   -0.0280105151690556   0
0.419814932314228   0.354800166474383   0.137225494076632   -0.029743608246389   0
0.260854264815145   0.282031077110307   -0.158960667499083   -0.0727690893640761   0
0.267755893946632   0.336148821308732   0.00690162913148656   0.0541177441984251   0
0.37544838868212   0.312015561809023   0.107692494735488   -0.0241332594997096   0
0.244832236272534   0.33205943233328   -0.130616152409585   0.0200438705242571   0
0.337322741456961   0.319865568530359   0.0924905051844272   -0.0121938638029204   0
0.295922980701888   0.301727186662057   -0.0413997607550734   -0.018138381868302   0
0.260175478199253   0.27238480967833   -0.035747502502635   -0.0293423769837274   0
0.358211080570716   0.231872519584577   0.0980356023714631   -0.040512290093753   0
0.288282341119344   0.241090811547226   -0.0699287394513718   0.00921829196264901   0
0.35112625150222   0.281815937110554   0.0628439103828753   0.0407251255633286   0
0.16744424695477   0.258996762931393   -0.18368200454745   -0.0228191741791618   0
0.163176055205934   0.30114130609649   -0.00426819174883605   0.0421445431650976   0
0.193607582047192   0.358566766458494   0.0304315268412576   0.0574254603620036   0
0.241421793819958   0.309746540935488   0.0478142117727667   -0.0488202255230057   0
0.362096454171482   0.347824452726875   0.120674660351524   0.0380779117913868   0
0.217133477653631   0.330663163764502   -0.144962976517851   -0.0171612889623727   0
0.223527920595018   0.311747012978874   0.00639444294138725   -0.0189161507856285   0
0.262430377795712   0.32028189402033   0.0389024572006933   0.00853488104145644   0
0.395551711559943   0.314939343903711   0.133121333764231   -0.00534255011661905   0
0.206265174405569   0.348738816130353   -0.189286537154373   0.0337994722266417   0
0.208421469199309   0.336376443474421   0.00215629479373924   -0.0123623726559322   0
0.314464024057204   0.19679169924885   0.106042554857896   -0.13958474422557   0
0.220988370471027   0.246132703522328   -0.0934756535861771   0.0493410042734771   0
0.230852478412708   0.258250656893647   0.00986410794168113   0.0121179533713191   0
0.344915143057883   0.222107908121818   0.114062664645175   -0.0361427487718285   0
0.216475827391513   0.272034826496995   -0.12843931566637   0.0499269183751765   0
0.232946422986533   0.255778495101719   0.0164705955950206   -0.0162563313952758   0
0.337585477154098   0.231104163498843   0.104639054167565   -0.0246743316028758   0
0.214588605907061   0.224596418035774   -0.122996871247037   -0.0065077454630694   0
0.235189764090307   0.238266541436791   0.0206011581832459   0.0136701234010173   0
0.343040442945143   0.187652319955017   0.107850678854836   -0.0506142214817742   0
0.221884696503477   0.217142676065761   -0.121155746441666   0.0294903561107442   0
0.242787859865556   0.208407381685486   0.0209031633620793   -0.00873529438027459   0
0.348396023278108   0.201660348487872   0.105608163412552   -0.0067470331976143   0
0.239530307963648   0.201733893053448   -0.10886571531446   7.35445655759281e-05   0
0.261165498725157   0.251728094144476   0.0216351907615092   0.0499942010910277   0
0.239446266028017   0.242764904834389   -0.0217192326971398   -0.00896318931008658   0
0.227839397209491   0.328807399857044   -0.0116068688185259   0.0860424950226549   0
0.308078435023112   0.260847681151759   0.0802390378136208   -0.0679597187052845   0
0.233202531998025   0.304621883506832   -0.0748759030250869   0.0437742023550727   0
0.348802987168975   0.27722795337186   0.115600455170949   -0.0273939301349724   0
0.229582700893421   0.310586509131916   -0.119220286275554   0.0333585557600568   0
0.243097489591422   0.347915201399709   0.0135147886980014   0.0373286922677924   0
0.257439863615114   0.315785172505376   0.0143423740236915   -0.032130028894333   0
0.271966232700537   0.29731385270283   0.014526369085423   -0.018471319802546   0
