0.147366369741539   0.0281631240474579   0   0   0
0.136085150918092   0.018791315325254   -0.0112812188234466   -0.0093718087222039   0
0.127737415989247   0.0265369686214143   -0.00834773492884519   0.00774565329616029   0
0.139186099736324   0.0217814707232432   0.011448683747077   -0.00475549789817108   0
0.168260404862968   0.0489893555824051   0.0290743051266441   0.0272078848591619   0
0.247514039040556   0.0201173935993831   0.079253634177588   -0.028871961983022   0
0.0877433593781319   0.0736072867808106   -0.159770679662424   0.0534898931814276   0
0.174306663903019   0.0218090245039576   0.0865633045248871   -0.051798262276853   0
0.186251007385759   0.0224779732759651   0.0119443434827399   0.000668948772007426   0
0.0750646406218667   0.0644633953905207   -0.111186366763892   0.0419854221145556   0
0.0549054741218032   0.068932994307067   -0.0201591665000635   0.0044695989165463   0
0.112221958291325   0.0415103323560833   0.0573164841695223   -0.0274226619509836   0
0.136666166257966   0.0381220651603504   0.0244442079666405   -0.00338826719573296   0
0.163336776157025   0.0318191825476394   0.0266706098990587   -0.00630288261271097   0
0.284157176052497   0.010387584015665   0.120820399895473   -0.0214315985319744   0
0.176668602187202   0.022211999147364   -0.107488573865295   0.011824415131699   0
0.115223800690916   0.0425555303407501   -0.0614448014962862   0.0203435311933861   0
0.244532538398253   0.0497767605818719   0.129308737707336   0.00722123024112187   0
0.158046364251127   0.0407114895715264   -0.0864861741471254   -0.00906527101034557   0
0.0778604975030342   0.0449048486806948   -0.0801858667480931   0.00419335910916845   0
0.0524020589047797   0.0535870415858396   -0.0254584385982545   0.00868219290514476   0
0.213942342774964   0.0368891067781872   0.161540283870184   -0.0166979348076523   0
0.165573370842808   0.0380197099449088   -0.0483689719321556   0.00113060316672159   0
0.0952881178158116   0.0328843413435673   -0.0702852530269963   -0.00513536860134155   0
0.103034582039284   0.0262453335716085   0.00774646422347261   -0.00663900777195879   0
0.113635031924535   0.0138419886942014   0.0106004498852504   -0.0124033448774071   0
0.0528629260854902   0.111004771176975   -0.0607721058390444   0.0971627824827732   0
0.258053391417048   0.0486812474385592   0.205190465331557   -0.0623235237384154   0
0.0675017027202277   0.0982963627124044   -0.19055168869682   0.0496151152738452   0
0.0838897148487823   0.092557820519284   0.0163880121285545   -0.00573854219312035   0
0.109878079693722   0.0510750373126883   0.0259883648449401   -0.0414827832065958   0
0.191145531639665   0.0409173076415714   0.0812674519459422   -0.0101577296711168   0
0.044946420224752   0.109362124416786   -0.146199111414913   0.0684448167752142   0
0.0732870128047937   0.0969749712791012   0.0283405925800417   -0.0123871531376845   0
0.038267880731398   0.0866164154279228   -0.0350191320733958   -0.0103585558511784   0
0.0624858363814465   0.101554987866488   0.0242179556500485   0.0149385724385651   0
0.146087896891822   0.0800010380217813   0.0836020605103755   -0.0215539498447066   0
0.348904101504217   0.0839951375252758   0.202816204612395   0.00399409950349452   0
0.0687780238392323   0.0983133050815605   -0.280126077664985   0.0143181675562847   0
0.11131452306869   0.0812330868782081   0.0425364992294581   -0.0170802182033525   0
0.118145117287554   0.0835080947211856   0.00683059421886408   0.0022750078429775   0
0.250818444110974   0.0881925320070385   0.13267332682342   0.0046844372858529   0
0.238313598638957   0.0970162283132312   -0.0125048454720172   0.00882369630619272   0
0.16294637673763   0.117553820809927   -0.0753672219013274   0.0205375924966961   0
0.165314001442013   0.147535435677975   0.00236762470438351   0.029981614868048   0
0.193681427203049   0.149099387118962   0.0283674257610357   0.00156395144098637   0
0.199713575225922   0.158944832146251   0.00603214802287289   0.00984544502728962   0
0.327124128063034   0.164083546649748   0.127410552837112   0.00513871450349659   0
0.166383314388703   0.160458491648931   -0.16074081367433   -0.00362505500081711   0
0.131126727026987   0.187379775334079   -0.0352565873617159   0.0269212836851485   0
0.127749046414836   0.197100707541855   -0.00337768061215085   0.00972093220777609   0
0.126483265441243   0.20621693451921   -0.00126578097359301   0.00911622697735434   0
0.169486118552523   0.197713073355052   0.04300285311128   -0.00850386116415811   0
0.245075387505641   0.173668779529454   0.0755892689531174   -0.0240442938255979   0
0.119566798473563   0.182013563612029   -0.125508589032078   0.00834478408257494   0
0.115257140013493   0.18974999279776   -0.00430965846006957   0.00773642918573139   0
0.21177705195089   0.265787296695121   0.0965199119373968   0.0760373038973605   0
0.162729111009678   0.217385575159669   -0.0490479409412124   -0.0484017215354517   0
0.146982572305189   0.186425035107949   -0.0157465387044891   -0.0309605400517198   0
0.100901684667502   0.184737537525539   -0.0460808876376866   -0.0016874975824098   0
0.2427312021785   0.239736078043523   0.141829517510998   0.0549985405179835   0
0.290265283801095   0.195328626111715   0.0475340816225943   -0.044407451931808   0
0.218959329908661   0.186262873360474   -0.0713059538924332   -0.00906575275124058   0
0.218857980859735   0.214197182216527   -0.000101349048926641   0.0279343088560527   0
0.151209023763928   0.22260160058443   -0.0676489570958072   0.00840441836790295   0
0.126484309226441   0.241916890554608   -0.0247247145374863   0.0193152899701778   0
0.139387055999652   0.234239824627779   0.0129027467732103   -0.00767706592682896   0
0.324328765517969   0.260805312310045   0.184941709518318   0.0265654876822662   0
0.147383616949782   0.32433080958013   -0.176945148568188   0.0635254972700851   0
0.124913756346129   0.294757005952361   -0.0224698606036531   -0.0295738036277692   0
0.116577553532445   0.271119818675069   -0.00833620281368401   -0.0236371872772913   0
0.128972492091802   0.27781440175682   0.0123949385593576   0.00669458308175097   0
0.110593907315277   0.284777436960866   -0.0183785847765256   0.00696303520404562   0
0.146009647182815   0.302630307608512   0.0354157398675379   0.0178528706476458   0
0.0958484146211089   0.269592465047709   -0.0501612325617057   -0.0330378425608032   0
0.128588458086447   0.297922798232193   0.0327400434653383   0.0283303331844844   0
0.109837621082851   0.300354892578763   -0.018750837003596   0.00243209434656955   0
0.118170306652898   0.30325159085032   0.008332685570047   0.00289669827155764   0
0.112320003628072   0.312227548900237   -0.00585030302482624   0.00897595804991697   0
0.167848863044943   0.308612525355015   0.055528859416871   -0.00361502354522181   0
0.139768242352725   0.291082520794362   -0.0280806206922182   -0.0175300045606537   0
0.146833402756798   0.288860479700841   0.00706516040407307   -0.00222204109352064   0
0.125279340161147   0.292767524835833   -0.0215540625956503   0.00390704513499179   0
0.142036905942056   0.273384599228815   0.0167575657809083   -0.0193829256070175   0
0.196533729899068   0.274778708116641   0.0544968239570127   0.00139410888782532   0
0.19043905314788   0.256772199299301   -0.00609467675118891   -0.0180065088173396   0
0.177783010030796   0.188481315056692   -0.0126560431170838   -0.0682908842426091   0
0.15779105464357   0.221945427403337   -0.019991955387226   0.0334641123466451   0
0.224551018157656   0.226878135068526   0.0667599635140864   0.00493270766518922   0
0.152104522311539   0.203297021449338   -0.0724464958461166   -0.0235811136191886   0
0.156512909855385   0.217067648959374   0.00440838754384595   0.0137706275100362   0
0.152896452382029   0.238698754219623   -0.00361645747335659   0.0216311052602491   0
0.151010493665308   0.259057190617728   -0.0018859587167209   0.0203584363981053   0
0.169468700296721   0.283879087643842   0.0184582066314135   0.0248218970261135   0
0.219493085509977   0.303981057890948   0.0500243852132554   0.0201019702471064   0
0.237953407258648   0.27272424091516   0.0184603217486712   -0.0312568169757886   0
0.196723311757224   0.28687324991623   -0.0412300955014238   0.0141490090010708   0
0.159470776019717   0.282186139290186   -0.0372525357375067   -0.00468711062604482   0
0.172670201427172   0.298783540249877   0.0131994254074541   0.0165974009596916   0
0.27588998810033   0.29081887016191   0.103219786673158   -0.00796467008796697   0
0.183993159057993   0.283221772233792   -0.0918968290423363   -0.00759709792811808   0
0.187056097237772   0.295191530243078   0.00306293817977901   0.0119697580092858   0
0.193630484124789   0.300566139542115   0.00657438688701631   0.00537460929903683   0
0.291106209906281   0.31266039281823   0.0974757257814929   0.0120942532761154   0
0.181978230571681   0.30123743223245   -0.1091279793346   -0.01142296058578   0
0.183103266443638   0.347724718729486   0.00112503587195703   0.0464872864970357   0
0.347655780609287   0.390397070232667   0.164552514165649   0.0426723515031813   0
0.183043962772062   0.351198504283902   -0.164611817837225   -0.039198565948765   0
0.174243824971131   0.338756368324641   -0.00880013780093133   -0.0124421359592609   0
0.166417253201283   0.330853787399359   -0.00782657176984741   -0.00790258092528262   0
0.185409888267589   0.338775609148962   0.0189926350663062   0.00792182174960304   0
0.177265926244273   0.347709605591002   -0.00814396202331655   0.00893399644204013   0
0.29440800735374   0.328314204128073   0.117142081109467   -0.0193954014629288   0
0.204568724040993   0.303667086091825   -0.0898392833127472   -0.0246471180362478   0
0.213326391238613   0.301552651299072   0.00875766719762036   -0.0021144347927527   0
0.166500396996381   0.313616628788637   -0.0468259942422324   0.012063977489565   0
0.178191526978586   0.28373752135116   0.0116911299822045   -0.0298791074374775   0
0.267846552174935   0.286997862121393   0.089655025196349   0.00326034077023274   0
0.239145896851044   0.292293360782023   -0.028700655323891   0.00529549866063045   0
0.221581663214716   0.286629639229355   -0.0175642336363273   -0.00566372155266853   0
0.211891911030695   0.30607679349838   -0.00968975218402124   0.0194471542690254   0
0.228439960846714   0.316714184362257   0.0165480498160186   0.0106373908638774   0
0.210369348388115   0.290908322780992   -0.018070612458599   -0.0258058615812652   0
0.199483634235117   0.285607850299585   -0.0108857141529976   -0.00530047248140758   0
0.214503870950643   0.308368492406001   0.0150202367155256   0.0227606421064165   0
0.233399238725322   0.318181329500177   0.0188953677746796   0.00981283709417541   0
0.262496449934775   0.298008607829807   0.029097211209453   -0.0201727216703692   0
0.20658020251769   0.266258600963161   -0.0559162474170849   -0.0317500068666461   0
0.192655492940871   0.300085955555325   -0.0139247095768194   0.0338273545921636   0
0.178257848433723   0.298706837018125   -0.0143976445071485   -0.0013791185372003   0
0.178045324755355   0.322386802918051   -0.000212523678367049   0.0236799658999268   0
0.200979968777985   0.340390255362665   0.0229346440226299   0.0180034524446132   0
0.210434416204408   0.334191131648118   0.0094544474264226   -0.00619912371454617   0
0.360480594853593   0.372203338078274   0.150046178649185   0.0380122064301557   0
0.15967908454328   0.36113006405395   -0.200801510310312   -0.0110732740243242   0
0.196570618758145   0.351066841567243   0.0368915342148649   -0.0100632224867065   0
0.158256653329268   0.325958475976699   -0.0383139654288773   -0.0251083655905441   0
0.146740615853485   0.336997463910096   -0.0115160374757828   0.0110389879333964   0
0.135432342554358   0.322950773643198   -0.0113082732991271   -0.0140466902668979   0
0.246800302000423   0.322128547202282   0.111367959446065   -0.00082222644091634   0
0.171923775660872   0.295981247734193   -0.0748765263395505   -0.026147299468088   0
0.15224914471277   0.288753602722291   -0.0196746309481024   -0.00722764501190282   0
0.177039687650227   0.307480987259603   0.0247905429374571   0.0187273845373121   0
0.209377223538784   0.30967797278867   0.032337535888557   0.00219698552906689   0
0.219526058982186   0.313374236605089   0.0101488354434013   0.00369626381641963   0
0.37428294880606   0.343501317729664   0.154756889823875   0.0301270811245749   0
0.218085516543396   0.322706684068968   -0.156197432262664   -0.0207946336606966   0
0.192967862042621   0.31771152388905   -0.0251176545007754   -0.00499516017991736   0
0.194058685973728   0.32775342919526   0.00109082393110707   0.0100419053062101   0
0.200361787833134   0.324307660955612   0.00630310185940641   -0.00344576823964859   0
0.339151584046131   0.373547008121132   0.138789796212997   0.0492393471655201   0
0.189760866337862   0.333081781584422   -0.149390717708269   -0.0404652265367099   0
0.19968028790777   0.362719647990804   0.00991942156990774   0.0296378664063818   0
0.310540856803239   0.390214932954522   0.110860568895469   0.0274952849637188   0
0.181667680555045   0.32814714184084   -0.128873176248194   -0.0620677911136822   0
0.194877831980295   0.34375988201079   0.0132101514252494   0.0156127401699501   0
0.214498901146113   0.347790836731177   0.0196210691658184   0.00403095472038711   0
0.229357278234984   0.335798867836403   0.0148583770888712   -0.0119919688947745   0
0.231606179159797   0.309029772087331   0.0022489009248127   -0.0267690957490715   0
0.359949727235124   0.35990236824516   0.128343548075327   0.0508725961578289   0
0.193462829162348   0.333189294317059   -0.166486898072775   -0.0267130739281009   0
0.193229376857351   0.329064954656026   -0.000233452304997883   -0.00412433966103321   0
0.189106156601339   0.361583515791127   -0.00412322025601194   0.0325185611351013   0
0.167580885057694   0.351906628262843   -0.0215252715436448   -0.00967688752828477   0
0.22885612082564   0.362748336796311   0.0612752357679463   0.0108417085334686   0
0.306228305994874   0.359791094170506   0.0773721851692336   -0.00295724262580505   0
0.141242671552368   0.344580830264196   -0.164985634442506   -0.0152102639063104   0
0.151531584583974   0.36087361837448   0.0102889130316062   0.0162927881102845   0
0.160367271005558   0.342274090182868   0.00883568642158389   -0.0185995281916124   0
0.309708080675739   0.373740616874661   0.149340809670181   0.0314665266917935   0
0.166502891252254   0.322064881790207   -0.143205189423485   -0.0516757350844544   0
0.135692309796245   0.313492381929613   -0.0308105814560097   -0.00857249986059383   0
0.156995143972927   0.32599151379858   0.0213028341766822   0.0124991318689672   0
0.154666995811259   0.325478250571386   -0.00232814816166779   -0.000513263227194249   0
0.172593188309997   0.338173449199035   0.0179261924987378   0.0126951986276491   0
0.316851594114437   0.351584022106025   0.14425840580444   0.0134105729069899   0
0.233669207693954   0.327779101844901   -0.0831823864204834   -0.0238049202611241   0
0.135025390743556   0.317517949897718   -0.0986438169503977   -0.0102611519471826   0
0.148445379131989   0.328519511364622   0.0134199883884331   0.0110015614669036   0
0.169849519463553   0.340592818627316   0.0214041403315643   0.0120733072626942   0
0.174860468899868   0.342366643498969   0.00501094943631428   0.00177382487165256   0
0.19959633810093   0.3414115671942   0.0247358692010626   -0.000955076304768487   0
0.202991283150903   0.343413751270242   0.00339494504997251   0.00200218407604213   0
0.401592731130134   0.366609163819591   0.198601447979231   0.0231954125493489   0
0.25137373922924   0.345208016307921   -0.150218991900894   -0.0214011475116702   0
0.170136816705879   0.329890656985766   -0.0812369225233607   -0.0153173593221557   0
0.173612203063754   0.295083556794512   0.0034753863578742   -0.0348071001912535   0
0.170507319825338   0.31399410166355   -0.00310488323841587   0.0189105448690383   0
0.18853130074672   0.351943791360922   0.0180239809213818   0.0379496896973714   0
0.221113035197716   0.371085852364719   0.0325817344509969   0.0191420610037972   0
0.437189415106313   0.377381174261846   0.216076379908597   0.00629532189712728   0
0.166561096266925   0.329171977150623   -0.270628318839388   -0.0482091971112237   0
0.168098515407365   0.357284452522776   0.0015374191404392   0.0281124753721537   0
0.191783616919929   0.360634468331509   0.0236851015125642   0.00335001580873245   0
0.187040576805569   0.360547966635162   -0.00474304011435969   -8.65016963465526e-05   0
0.198141523021324   0.357048663633544   0.0111009462157552   -0.00349930300161772   0
0.207444703540486   0.365289061881478   0.00930318051916137   0.00824039824793316   0
0.423273343322362   0.401211776841732   0.215828639781876   0.0359227149602545   0
0.175998588766388   0.354892559020336   -0.247274754555974   -0.0463192178213964   0
0.132140803629129   0.380876040883054   -0.0438577851372583   0.0259834818627185   0
0.313206568959034   0.411246149997176   0.181065765329904   0.030370109114122   0
0.176727652575395   0.372829745437177   -0.136478916383639   -0.0384164045599995   0
0.109776584715731   0.380076746810509   -0.0669510678596645   0.00724700137333262   0
0.136673374399917   0.399793396200053   0.0268967896841867   0.0197166493895435   0
0.163373747788621   0.407174509451135   0.0267003733887037   0.00738111325108215   0
0.321269211594264   0.407005795888093   0.157895463805643   -0.000168713563042044   0
0.258891999239297   0.375142340885097   -0.0623772123549673   -0.0318634550029964   0
0.138648348769684   0.360806850100577   -0.120243650469612   -0.01433549078452   0
0.158260021230892   0.322719646151656   0.0196116724612078   -0.0380872039489208   0
0.265599770250277   0.342789445259769   0.107339749019385   0.0200697991081129   0
0.235139055837455   0.298847715340523   -0.0304607144128217   -0.0439417299192462   0
0.120526258524537   0.265417009805796   -0.114612797312918   -0.0334307055347265   0
0.138005829614477   0.273057802017265   0.0174795710899395   0.00764079221146918   0
0.146136707188064   0.283438354673357   0.00813087757358735   0.0103805526560923   0
0.311993874859251   0.312961054747715   0.165857167671187   0.0295227000743579   0
0.436233045872914   0.306625073141793   0.124239171013663   -0.00633598160592225   0
0.227468293585919   0.259531415484023   -0.208764752286995   -0.0470936576577701   1
0.237896034866073   0.259511435565376   0.010427741280154   -1.99799186467176e-05   0
0.233301091161722   0.275398436531408   -0.00459494370435165   0.0158870009660321   0
0.245273746835327   0.284446678898071   0.0119726556736051   0.00904824236666202   0
0.299016537074273   0.297852423423199   0.053742790238946   0.0134057445251283   0
0.38718297377953   0.315831101062344   0.0881664367052569   0.017978677639145   0
0.193436507244522   0.280045666312126   -0.193746466535008   -0.0357854347502181   0
0.213377980147343   0.280445642250259   0.0199414729028213   0.000399975938133457   0
0.226328063208807   0.28446967014535   0.0129500830614634   0.00402402789509071   0
0.265040727226006   0.301757461359454   0.0387126640171991   0.0172877912141042   0
0.355694556067829   0.324594134730686   0.0906538288418233   0.0228366733712315   0
0.196138268541583   0.285528083700606   -0.159556287526246   -0.0390660510300802   0
0.220525209388428   0.295095391839334   0.0243869408468453   0.00956730813872836   0
0.245740922793173   0.310253018172265   0.0252157134047445   0.0151576263329314   0
0.256035726231497   0.300802476028394   0.0102948034383243   -0.00945054214387137   0
0.321496960036343   0.332568946195372   0.0654612338048463   0.0317664701669778   0
0.390861279982822   0.352539935368055   0.0693643199464789   0.0199709891726835   0
0.199228435004268   0.300116486845116   -0.191632844978554   -0.0524234485229387   0
0.208958010024813   0.30722973128864   0.00972957502054494   0.00711324444352363   0
0.215462732913537   0.318738101059024   0.00650472288872322   0.0115083697703837   0
0.233559423552765   0.357814519585916   0.0180966906392287   0.0390764185268923   0
0.421858002772746   0.391036688800556   0.18829857921998   0.0332221692146394   0
0.392700576962194   0.353066705893309   -0.0291574258105518   -0.0379699829072463   0
0.179399196168879   0.326669264022283   -0.213301380793315   -0.0263974418710263   0
0.218627111183357   0.343382035885819   0.0392279150144779   0.0167127718635362   0
0.236274137605113   0.36712888431209   0.0176470264217562   0.023746848426271   0
0.459792182563177   0.420235113427067   0.223518044958064   0.0531062291149771   0
0.281908470266734   0.360572104413237   -0.177883712296443   -0.0596630090138306   0
0.21480642005976   0.377318594796241   -0.0671020502069741   0.0167464903830045   0
0.254736144719787   0.370643765928084   0.0399297246600266   -0.00667482886815685   0
0.255038404369695   0.380395273877384   0.000302259649908376   0.00975150794929969   0
0.484704739141769   0.432688585261837   0.229666334772074   0.052293311384453   0
0.186110177900082   0.368235257400242   -0.298594561241687   -0.064453327861595   0
0.184185031239349   0.377046307050968   -0.00192514666073246   0.00881104965072554   0
0.206999070172525   0.377119900363866   0.0228140389331761   7.35933128988009e-05   0
0.290389877106297   0.353728589209033   0.0833908069337714   -0.0233913111548338   0
0.165770820478274   0.322420111148095   -0.124619056628023   -0.0313084780609374   0
0.183960907229118   0.328523474787952   0.018190086750844   0.00610336363985664   0
0.296341336098442   0.360903018828589   0.112380428869325   0.0323795440406373   0
0.468314563269177   0.361210674285705   0.171973227170735   0.000307655457115863   0
0.111552120312466   0.311124710182143   -0.356762442956711   -0.0500859641035619   0
0.169633744008231   0.265917206597419   0.0580816236957649   -0.0452075035847244   0
0.192965551562829   0.270002694954124   0.0233318075545982   0.00408548835670586   0
0.219100546227183   0.286756154536398   0.026134994664354   0.0167534595822734   0
0.253650439641586   0.29447415179416   0.0345498934144032   0.00771799725776218   0
0.330728791120277   0.323306080785515   0.077078351478691   0.0288319289913551   0
0.466721129231322   0.327181202733   0.135992338111044   0.00387512194748502   0
0.20736221422969   0.295137160080652   -0.259358915001631   -0.0320440426523479   0
0.215311799537067   0.304880287798953   0.00794958530737636   0.00974312771830094   0
0.454238956519242   0.389920861662017   0.238927156982175   0.0850405738630642   0
0.191540600514147   0.31505874772915   -0.262698356005095   -0.0748621139328676   0
0.146123007742176   0.318246736430278   -0.0454175927719709   0.0031879887011278   0
0.194195816810893   0.341962054780205   0.0480728090687173   0.0237153183499276   0
0.236625836766106   0.336030568990163   0.0424300199552131   -0.00593148579004238   0
0.254543112195027   0.349428014185268   0.0179172754289205   0.0133974451951056   0
0.483958846164723   0.394892073711125   0.229415733969696   0.0454640595258566   0
0.330985082579638   0.344075485639794   -0.152973763585085   -0.0508165880713309   0
0.229470908877923   0.338996821979901   -0.101514173701715   -0.00507866365989312   0
0.215920110424041   0.327388585482531   -0.013550798453882   -0.0116082364973698   0
0.436311234158702   0.35872047561759   0.220391123734662   0.031331890135059   0
0.204369596240341   0.312140288708094   -0.231941637918361   -0.0465801869094957   0
0.196517721672245   0.317372311782329   -0.00785187456809583   0.00523202307423493   0
0.221726954827892   0.315385623716986   0.0252092331556467   -0.00198668806534291   0
0.255005262451209   0.315902364972297   0.0332783076233172   0.000516741255310149   0
0.419388153836134   0.34496530095785   0.164382891384925   0.0290629359855534   0
0.399845634637931   0.325405254927252   -0.0195425191982028   -0.0195600460305977   0
0.203189599096903   0.300758556702985   -0.196656035541029   -0.0246466982242674   0
0.225863721253702   0.312761600158607   0.0226741221567994   0.0120030434556224   0
0.252306131898553   0.312563646506196   0.0264424106448509   -0.000197953652411598   0
0.237059405696463   0.297833378118626   -0.0152467262020904   -0.0147302683875696   0
0.32358629812611   0.2920804050588   0.0865268924296479   -0.00575297305982636   0
0.377500893299195   0.274595376742713   0.0539145951730843   -0.0174850283160867   0
0.114163914282666   0.25539742293761   -0.263336979016528   -0.0191979538051029   0
0.231118755563563   0.276353853710804   0.116954841280897   0.020956430773194   0
0.413258668369158   0.253851422117747   0.182139912805595   -0.0225024315930573   0
0.122673417678892   0.236441716647583   -0.290585250690266   -0.0174097054701635   0
0.15752817442735   0.257534604891442   0.0348547567484575   0.0210928882438588   0
0.22669864254823   0.260950410892395   0.0691704681208797   0.0034158060009532   0
0.264224835615674   0.277768339056578   0.0375261930674444   0.0168179281641824   0
