0.241650605434789   0.154277593092038   0   0   0
0.239024847620493   0.149801066125212   -0.00262575781429561   -0.00447652696682663   0
0.190223279000757   0.127441673684474   -0.0488015686197358   -0.0223593924407373   0
0.202119981134968   0.119943465968347   0.011896702134211   -0.00749820771612728   0
0.195074917616105   0.112481772280457   -0.00704506351886383   -0.00746169368789029   0
0.199030435116743   0.117369734266856   0.00395551750063827   0.00488796198639982   0
0.198034692503233   0.104021419410668   -0.000995742613509987   -0.0133483148561889   0
0.185946224448495   0.0953981077678693   -0.0120884680547381   -0.00862331164279825   0
0.203544415902893   0.0979153235243213   0.0175981914543985   0.002517215756452   0
0.21664646067499   0.101325523392727   0.0131020447720967   0.00341019986840539   0
0.215060656302728   0.0991240853138252   -0.0015858043722623   -0.00220143807890145   0
0.227988538900533   0.105303112363738   0.0129278825978056   0.00617902704991262   0
0.201607263885407   0.0953075339395187   -0.0263812750151267   -0.00999557842421918   0
0.205109668232022   0.0941336409857416   0.003502404346615   -0.00117389295377703   0
0.207912140690269   0.0894232582920266   0.00280247245824683   -0.00471038269371506   0
0.216378914270776   0.0910709177436601   0.00846677358050793   0.0016476594516335   0
0.20902309177201   0.0934913329539295   -0.00735582249876671   0.00242041521026941   0
0.250659311990399   0.158266265355603   0.0416362202183889   0.064774932401673   0
0.257027630940644   0.154287161806321   0.00636831895024553   -0.00397910354928113   0
0.104817317903341   0.0891798839398353   -0.152210313037303   -0.0651072778664861   0
0.0638497997893494   0.044344179679092   -0.0409675181139914   -0.0448357042607433   0
0.0745470944355312   0.0638394794461468   0.0106972946461818   0.0194952997670547   0
0.136616848093674   0.0587352122253976   0.0620697536581428   -0.00510426722074915   0
0.0801940787271984   0.0582101845598345   -0.0564227693664756   -0.000525027665563102   0
0.0662275296185053   0.0284132217304286   -0.0139665491086931   -0.0297969628294059   0
0.092594929704061   0.0381503064803876   0.0263674000855557   0.00973708474995895   0
0.0684097573500301   0.0452016059465604   -0.0241851723540309   0.00705129946617285   0
0.0716275891330289   0.0280756748814699   0.00321783178299878   -0.0171259310650905   0
0.0740466519211369   0.0363383812884187   0.00241906278810797   0.00826270640694882   0
0.0841728695745844   0.0402433107771031   0.0101262176534476   0.00390492948868434   0
0.0750296939882471   0.0514545955367448   -0.00914317558633733   0.0112112847596418   0
0.05958808278599   0.0621060777565489   -0.0154416112022571   0.0106514822198041   0
0.121446200046481   0.0464581566317746   0.0618581172604915   -0.0156479211247743   0
0.0822267720403762   0.0591540974167893   -0.0392194280061052   0.0126959407850147   0
0.097530010627191   0.0506865128839024   0.0153032385868148   -0.00846758453288696   0
0.108322572893049   0.0437589933802184   0.0107925622658584   -0.00692751950368395   0
0.0983381486776114   0.0429769860719956   -0.00998442421543803   -0.000782007308222858   0
0.083593300120524   0.0512148509565341   -0.0147448485570874   0.00823786488453852   0
0.0828945757735088   0.0507884170263506   -0.000698724347015178   -0.000426433930183476   0
0.0960886922686535   0.0546475941189774   0.0131941164951447   0.00385917709262684   0
0.0822649764199808   0.0702107967870683   -0.0138237158486727   0.0155632026680909   0
0.0716935276583598   0.076852367169138   -0.010571448761621   0.00664157038206969   0
0.160676235171976   0.0783594293728107   0.0889827075136158   0.00150706220367265   0
0.119063295511001   0.0631165544621417   -0.0416129396609744   -0.0152428749106689   0
0.160196474143472   0.0879969221376663   0.0411331786324705   0.0248803676755246   0
0.133404242363764   0.0635569790157619   -0.0267922317797073   -0.0244399431219044   0
0.126842327587639   0.0606289326807961   -0.00656191477612511   -0.00292804633496584   0
0.119971268276409   0.0736255949252704   -0.00687105931123071   0.0129966622444743   0
0.115530429644704   0.0696998829131011   -0.00444083863170418   -0.00392571201216931   0
0.120993966940381   0.0633228754957875   0.00546353729567653   -0.00637700741731362   0
0.0960740484378066   0.0794670063413112   -0.0249199185025744   0.0161441308455238   0
0.107250735862883   0.074895397749795   0.0111766874250769   -0.0045716085915162   0
0.131128522768313   0.0780623205657505   0.0238777869054296   0.00316692281595551   0
0.109408653109112   0.0779602559314681   -0.0217198696592011   -0.000102064634282487   0
0.10252570988913   0.0727908762311596   -0.00688294321998219   -0.00516937970030842   0
0.126801582290128   0.0774831938736556   0.0242758724009978   0.00469231764249596   0
0.127406197298169   0.0805351550532437   0.000604615008041542   0.00305196117958809   0
0.107910104731948   0.0811414402539941   -0.0194960925662211   0.000606285200750456   0
0.133362787255516   0.0909796286776468   0.0254526825235679   0.00983818842365269   0
0.139368882085529   0.095783829311921   0.00600609483001274   0.00480420063427421   0
0.107877828940983   0.0925840811687409   -0.0314910531445456   -0.00319974814318018   0
0.136919338330895   0.0918479436438835   0.0290415093899116   -0.000736137524857364   0
0.125984211676741   0.0950400081625628   -0.0109351266541532   0.00319206451867927   0
0.111830466050133   0.0910866919386279   -0.0141537456266082   -0.0039533162239349   0
0.13450734513732   0.0906636984019901   0.0226768790871863   -0.000422993536637772   0
0.120461435339448   0.0870250549609278   -0.0140459097978716   -0.00363864344106234   0
0.100181155291951   0.0830100477795103   -0.0202802800474969   -0.00401500718141744   0
0.144322812447236   0.0833133112037926   0.0441416571552848   0.000303263424282302   0
0.126216878306746   0.0760123242730684   -0.0181059341404896   -0.00730098693072426   0
0.113191175158888   0.0703833178232527   -0.0130257031478585   -0.00562900644981569   0
0.124117139587569   0.0770719541827797   0.0109259644286809   0.00668863635952706   0
0.13655505934699   0.0863593535841972   0.0124379197594215   0.00928739940141748   0
0.131221991372483   0.0812367184905848   -0.00533306797450717   -0.0051226350936124   0
0.117402274376862   0.0721325931580386   -0.0138197169956209   -0.00910412533254619   0
0.139876894762144   0.0757267185956728   0.0224746203852823   0.0035941254376342   0
0.118770969954446   0.0727019047852429   -0.021105924807698   -0.00302481381042995   0
0.119143176464999   0.0826029501944579   0.000372206510553086   0.00990104540921505   0
0.20032422452427   0.0727407026404062   0.0811810480592702   -0.00986224755405173   0
0.154626086224964   0.0888878129115854   -0.0456981382993057   0.0161471102711791   0
0.176819367813964   0.0812371740782814   0.0221932815890003   -0.00765063883330394   0
0.20720378721744   0.105483400208575   0.0303844194034753   0.0242462261302941   0
0.181724817659146   0.0800757797909268   -0.0254789695582933   -0.0254076204176487   0
0.134024867220304   0.0730258173517079   -0.0476999504388428   -0.00704996243921893   0
0.149680379692764   0.0672558146098536   0.0156555124724605   -0.00577000274185425   0
0.162509132842465   0.0776426758583352   0.0128287531497012   0.0103868612484815   0
0.149715314657686   0.0810217558038889   -0.012793818184779   0.00337907994555371   0
0.138406931595892   0.0760186745099847   -0.011308383061794   -0.00500308129390416   0
0.150732390849645   0.0889569900411008   0.0123254592537523   0.012938315531116   0
0.168177445972104   0.0865145180138715   0.0174450551224596   -0.00244247202722925   0
0.157332037152927   0.0764666063712291   -0.0108454088191771   -0.0100479116426424   0
0.163891848751578   0.071800618553986   0.00655981159865063   -0.00466598781724312   0
0.16912509905629   0.0817299771173955   0.00523325030471264   0.00992935856340954   0
0.157401777108297   0.0769258643142864   -0.0117233219479933   -0.00480411280310916   0
0.173001819123384   0.0793312312181653   0.0156000420150868   0.00240536690387888   0
0.188447490342111   0.073630252891135   0.0154456712187272   -0.00570097832703022   0
0.164557977462231   0.0590957755864157   -0.0238895128798803   -0.0145344773047194   0
0.182511267759117   0.0758881663768634   0.0179532902968861   0.0167923907904477   0
0.191524505840402   0.0817495944592999   0.00901323808128479   0.00586142808243652   0
0.178383401005391   0.0774143547572412   -0.0131411048350109   -0.00433523970205868   0
0.178348841381406   0.091409055232455   -3.45596239844093e-05   0.0139947004752137   0
0.209932544632413   0.155259272163863   0.0315837032510066   0.0638502169314081   0
0.20818912933052   0.100138874231601   -0.00174341530189281   -0.0551203979322615   0
0.173966325046688   0.133394554146187   -0.0342228042838318   0.0332556799145854   0
0.308615319936065   0.103764715510669   0.134648994889377   -0.0296298386355183   0
0.278200186659912   0.128342706622981   -0.0304151332761533   0.0245779911123121   0
0.198453429532598   0.0855410260577344   -0.0797467571273138   -0.0428016805652463   0
0.20161156015715   0.0958313747110517   0.00315813062455128   0.0102903486533173   0
0.199209935905416   0.103380313558724   -0.00240162425173354   0.00754893884767185   0
0.232730840411429   0.100025768799545   0.0335209045060127   -0.00335454475917869   0
0.207703573515142   0.0994464187729251   -0.0250272668962869   -0.000579350026619713   0
0.268947983464535   0.0787629906054868   0.0612444099493934   -0.0206834281674383   0
0.213263282378402   0.0839374705828727   -0.0556847010861335   0.00517447997738593   0
0.251542854541011   0.111796804239924   0.0382795721626086   0.0278593336570517   0
0.217598406888033   0.0918230291863268   -0.0339444476529775   -0.0199737750535977   0
0.229908056577602   0.0895126460004954   0.0123096496895693   -0.00231038318583145   0
0.241743325137303   0.102570956548577   0.0118352685597011   0.0130583105480813   0
0.230037935489541   0.0988438213800438   -0.0117053896477629   -0.00372713516853286   0
0.230206041620632   0.0969398986963185   0.000168106131091167   -0.00190392268372526   0
0.253618478979766   0.103375560158144   0.0234124373591343   0.00643566146182523   0
0.225854503849624   0.100761438873013   -0.0277639751301416   -0.00261412128513044   0
0.233533310113482   0.111288084258558   0.00767880626385811   0.0105266453855451   0
0.244831624657049   0.13925842556517   0.0112983145435663   0.0279703413066116   0
0.186460189750091   0.130591045238715   -0.0583714349069576   -0.00866738032645545   0
0.241097779821715   0.125033670206279   0.0546375900716235   -0.00555737503243575   0
0.240589559688799   0.126143745480315   -0.000508220132916043   0.0011100752740362   0
0.23491179786952   0.111492907419037   -0.00567776181927906   -0.0146508380612778   0
0.249643441216488   0.125876874583271   0.0147316433469682   0.0143839671642337   0
0.254060247883076   0.126125052461089   0.00441680666658817   0.000248177877818334   0
0.251240530130968   0.115444892355498   -0.00281971775210765   -0.0106801601055913   0
0.246947420127362   0.123737185648054   -0.00429311000360597   0.00829229329255626   0
0.256056304051199   0.118126015968118   0.00910888392383649   -0.00561116967993647   0
0.238232095613102   0.116795573826665   -0.0178242084380972   -0.00133044214145252   0
0.255825548386962   0.125867418549728   0.0175934527738607   0.00907184472306316   0
0.255041705425387   0.130960534424563   -0.000783842961575076   0.00509311587483419   0
0.242897550008661   0.11602191994007   -0.0121441554167262   -0.0149386144844925   0
0.270093159768995   0.120791082940226   0.0271956097603342   0.0047691630001557   0
0.276643111412972   0.122977713239274   0.00654995164397665   0.00218663029904874   0
0.255173795716351   0.115064185205269   -0.021469315696621   -0.00791352803400527   0
0.278499731971218   0.120554041310931   0.0233259362548666   0.00548985610566155   0
0.272903551791856   0.107804022769868   -0.00559618017936198   -0.012750018541063   0
0.293723104013372   0.129852341986475   0.0208195522215162   0.0220483192166074   0
0.288703411968494   0.132604087516441   -0.00501969204487768   0.00275174552996615   0
0.273976763417283   0.133788234552977   -0.0147266485512108   0.0011841470365361   0
0.266891732296844   0.130614724995538   -0.00708503112043973   -0.00317350955743947   0
0.272728370593545   0.149990917453266   0.00583663829670139   0.0193761924577282   0
0.36985042152066   0.114479455898427   0.0971220509271152   -0.0355114615548387   0
0.273022553222916   0.132323317336638   -0.0968278682977441   0.0178438614382101   0
0.468752873706274   0.136695594304304   0.195730320483358   0.00437227696766651   0
0.423383723558535   0.0886898902640543   -0.0453691501477389   -0.0480057040402498   0
0.311388988172928   0.0834620932920748   -0.111994735385607   -0.00522779697197955   0
0.304973029561632   0.107340239386378   -0.00641595861129629   0.0238781460943035   0
0.306992822104622   0.0927821117538963   0.00201979254299001   -0.014558127632482   0
0.308016138658756   0.0862953887127957   0.00102331655413412   -0.00648672304110064   0
0.321722182233367   0.116344812125262   0.0137060435746114   0.0300494234124663   0
0.333406127648863   0.11692288139929   0.0116839454154957   0.000578069274028328   0
0.306898312616345   0.106459664143045   -0.0265078150325178   -0.010463217256245   0
0.3160048533561   0.0901175029308957   0.00910654073975425   -0.0163421612121495   0
0.335057769539463   0.0986719199960151   0.0190529161833636   0.00855441706511934   0
0.313793519054314   0.0971540507047956   -0.0212642504851493   -0.00151786929121943   0
0.319451069391605   0.0923155197956985   0.00565755033729115   -0.00483853090909714   0
0.32872459891905   0.0897961006074039   0.00927352952744459   -0.0025194191882946   0
0.327934770321797   0.0737015242246879   -0.000789828597252185   -0.016094576382716   0
0.327929023061836   0.109697356073742   -5.7472599616637e-06   0.0359958318490537   0
0.337277747758446   0.101220334118447   0.00934872469661041   -0.00847702195529473   0
0.342436975781763   0.121032388920355   0.00515922802331731   0.0198120548019085   0
0.336877179609261   0.155125388068073   -0.00555979617250285   0.0340929991477178   0
0.318901848016423   0.123534455771376   -0.0179753315928372   -0.0315909322966972   0
0.443214499581738   0.157205761228597   0.124312651565314   0.0336713054572207   0
0.354566131632732   0.130592824182552   -0.0886483679490053   -0.0266129370460443   0
0.390828874465859   0.137833905507576   0.0362627428331266   0.00724108132502427   0
0.453413645810931   0.177234804340104   0.0625847713450717   0.0394008988325276   0
0.371191753362383   0.144041093545875   -0.0822218924485478   -0.0331937107942291   0
0.493167804057818   0.19193812742611   0.121976050695435   0.0478970338802347   0
0.315741083626189   0.122736456718552   -0.177426720431629   -0.0692016707075577   0
0.426258845351085   0.172600705846218   0.110517761724896   0.0498642491276658   0
0.378799254557094   0.112708185306759   -0.0474595907939909   -0.0598925205394589   0
0.36497278274518   0.10794286542723   -0.0138264718119143   -0.00476531987952929   0
0.38425057968629   0.108748880988071   0.0192777969411105   0.000806015560840798   0
0.406119374130329   0.120861645438162   0.0218687944440388   0.0121127644500915   0
0.355570092428989   0.110005712119712   -0.0505492817013395   -0.0108559333184498   0
0.367490320876564   0.0985376072902564   0.0119202284475748   -0.0114681048294558   0
0.389943682750227   0.119686912822507   0.0224533618736633   0.0211493055322511   0
0.358435139749732   0.110564174227912   -0.0315085430004953   -0.00912273859459584   0
0.405985230652656   0.131336365412374   0.0475500909029235   0.0207721911844619   0
0.342361722131666   0.159944280910275   -0.0636235085209897   0.0286079154979016   0
0.381845979912111   0.128261434779029   0.0394842577804446   -0.0316828461312466   0
0.423593266382222   0.15964897201426   0.0417472864701113   0.0313875372352315   0
0.387567320639705   0.135274351232634   -0.0360259457425168   -0.0243746207816262   0
0.440015446599605   0.161264557307247   0.0524481259599001   0.0259902060746136   0
0.398395899278594   0.184501553184255   -0.0416195473210108   0.0232369958770076   0
0.41610628419792   0.181309912723222   0.0177103849193254   -0.00319164046103271   0
0.50140819992558   0.22802434582373   0.0853019157276598   0.0467144331005077   0
0.485105653001498   0.206115324909752   -0.0163025469240813   -0.0219090209139783   0
0.538809387517107   0.241986723530311   0.0537037345156088   0.035871398620559   0
0.453716117299143   0.21078102962634   -0.0850932702179637   -0.0312056939039707   0
0.530122294522085   0.23749552433556   0.0764061772229415   0.0267144947092199   0
0.475944921894215   0.21583470494372   -0.0541773726278703   -0.0216608193918403   0
0.426781398665593   0.192882338269345   -0.0491635232286213   -0.0229523666743747   0
0.423394822720165   0.193785737199652   -0.00338657594542807   0.000903398930306859   0
0.452428110702286   0.205538908146274   0.0290332879821209   0.0117531709466223   0
0.402581131558298   0.183206128055941   -0.0498469791439876   -0.0223327800903327   0
0.418126611942184   0.199131580223159   0.0155454803838859   0.0159254521672178   0
0.44395819025995   0.191638498070853   0.0258315783177658   -0.00749308215230579   0
0.428956666765351   0.167507127849922   -0.0150015234945995   -0.0241313702209318   0
0.442973070712532   0.167543437966099   0.0140164039471815   3.63101161771628e-05   0
0.459949570781417   0.202478748551329   0.0169765000688852   0.0349353105852307   0
0.433504712492598   0.156917761906118   -0.0264448582888193   -0.0455609866452119   0
0.472574373416503   0.173968580665073   0.0390696609239046   0.0170508187589554   0
0.431338215804675   0.165281897430337   -0.041236157611828   -0.00868668323473579   0
0.455153009765958   0.191559291638542   0.0238147939612832   0.0262773942082049   0
0.439432544164642   0.190608576888115   -0.0157204656013157   -0.000950714750426906   0
0.45141237327549   0.176112720222334   0.0119798291108476   -0.0144958566657814   0
0.391945106291685   0.235059778418135   -0.0594672669838049   0.0589470581958008   0
0.424773267842222   0.179318949978948   0.0328281615505373   -0.0557408284391864   0
0.4517181137476   0.180402575691535   0.0269448459053784   0.00108362571258683   0
0.522037112537998   0.176106255960145   0.0703189987903972   -0.00429631973139025   0
0.544525617785435   0.176237923870694   0.0224885052474378   0.000131667910549194   0
0.45336415952693   0.147637321399172   -0.0911614582585049   -0.0286006024715216   0
0.575385885643965   0.201049500723062   0.122021726117035   0.0534121793238897   0
0.478642705984997   0.210254063749105   -0.0967431796589683   0.0092045630260425   0
0.286468964332962   0.0677643426283507   -0.192173741652034   -0.142489721120754   0
0.359239063292889   0.0647665704822289   0.0727700989599269   -0.00299777214612174   0
0.328385957683699   0.0662723578764708   -0.0308531056091904   0.00150578739424191   0
0.279945119836031   0.124140965446554   -0.0484408378476673   0.0578686075700831   0
0.339306158201351   0.0897828101017951   0.0593610383653193   -0.0343581553447588   0
0.368225266758013   0.0767175898158467   0.0289191085566626   -0.0130652202859484   0
0.321700327404076   0.0777142158572034   -0.0465249393539368   0.000996626041356696   0
0.34433509338515   0.0763287598574744   0.0226347659810736   -0.00138545599972895   0
0.344457607775253   0.0852082217043784   0.000122514390102912   0.00887946184690398   0
0.330364534757955   0.0773753199180399   -0.014093073017298   -0.00783290178633848   0
0.316322730292987   0.0719516287007111   -0.0140418044649676   -0.00542369121732879   0
0.339633459459768   0.0645001763842743   0.0233107291667809   -0.0074514523164368   0
0.33322648964122   0.0716806144528254   -0.00640696981854844   0.00718043806855105   0
0.33840320719711   0.0632853051233262   0.00517671755588994   -0.00839530932949915   0
0.355907167192177   0.0689132076691116   0.0175039599950669   0.00562790254578537   0
0.355415806541085   0.0920734610704741   -0.000491360651091677   0.0231602534013625   0
0.346879977272774   0.0825026720935637   -0.00853582926831126   -0.00957078897691031   0
0.35288331016703   0.0880933360013685   0.00600333289425581   0.00559066390780473   0
0.360456523583691   0.0932712234552812   0.00757321341666145   0.00517788745391273   0
0.346523355005171   0.0839794481105496   -0.0139331685785196   -0.00929177534473156   0
0.362347444106401   0.0911031811304358   0.0158240891012298   0.0071237330198862   0
0.366226909003817   0.120311564891597   0.0038794648974157   0.0292083837611613   0
0.423839044295119   0.095134880546832   0.0576121352913022   -0.0251766843447651   0
0.166915413587756   0.104647611222187   -0.256923630707363   0.00951273067535498   0
0.199835896458058   0.116984259771347   0.0329204828703019   0.01233664854916   0
0.117994839189178   0.101775487894876   -0.0818410572688797   -0.0152087718764713   0
0.178974398727555   0.0979448820762473   0.0609795595383774   -0.00383060581862842   0
0.127471083893446   0.119328807673964   -0.0515033148341093   0.0213839255977171   0
0.121031692599335   0.11723901158946   -0.00643939129411088   -0.00208979608450419   0
0.126789660495821   0.112149810868209   0.00575796789648587   -0.00508920072125151   0
0.131656865726782   0.118719837742856   0.00486720523096118   0.00657002687464699   0
0.112110285127369   0.12105843686527   -0.0195465805994133   0.00233859912241396   0
0.116612292693052   0.124932656777217   0.00450200756568277   0.00387421991194777   0
0.120020942027714   0.119805577912466   0.00340864933466259   -0.00512707886475132   0
0.125605035984112   0.113085488899018   0.00558409395639725   -0.00672008901344782   0
0.102498524887825   0.126141691494932   -0.0231065110962871   0.0130562025959133   0
0.144807243056485   0.113323837293363   0.0423087181686607   -0.0128178542015691   0
0.160021490191943   0.120777712639791   0.0152142471354574   0.00745387534642879   0
0.139745201558443   0.121723650780283   -0.0202762886334992   0.000945938140491431   0
0.16632102377631   0.126920728508979   0.0265758222178669   0.00519707772869644   0
0.176973304909554   0.117812866524894   0.0106522811332437   -0.00910786198408511   0
0.150064211942388   0.124230082616138   -0.0269090929671659   0.00641721609124406   0
0.186068127015241   0.123908036325951   0.0360039150728532   -0.000322046290186992   0
0.200771608525932   0.119064500040157   0.0147034815106904   -0.00484353628579433   0
0.180121466122836   0.128256244948384   -0.0206501424030957   0.00919174490822768   0
0.197204822563369   0.126243098226012   0.0170833564405333   -0.00201314672237252   0
0.23318996726491   0.118179654040205   0.0359851447015411   -0.00806344418580715   0
0.209701502787748   0.135251151755724   -0.0234884644771622   0.0170714977155196   0
0.20393675633892   0.136979857702228   -0.00576474644882835   0.00172870594650307   0
0.250066678159266   0.143182913495291   0.0461299218203462   0.00620305579306354   0
0.329722454724106   0.155170043098692   0.0796557765648396   0.0119871296034012   0
0.324641965349953   0.192246527516754   -0.00508048937415229   0.0370764844180617   0
0.295406582140581   0.181278540515004   -0.0292353832093721   -0.0109679870017497   0
0.370360512746111   0.189022653591441   0.07495393060553   0.0077441130764371   0
0.31289905517248   0.170729889675183   -0.0574614575736319   -0.0182927639162587   0
0.282139573168033   0.174588071123144   -0.0307594820044462   0.00385818144796149   0
0.304893078547352   0.172862119881714   0.0227535053793185   -0.00172595124143021   0
0.273064900797155   0.215718328972065   -0.031828177750197   0.042856209090351   0
0.268214437691188   0.173219287579357   -0.00485046310596715   -0.0424990413927078   0
0.261916910313099   0.189408739789113   -0.00629752737808853   0.0161894522097561   0
