0.160213508959763   0.295853086457303   0   0   0
0.117401774178076   0.24237140618527   -0.0428117347816866   -0.0534816802720334   0
0.0734689593181365   0.195378546826571   -0.0439328148599397   -0.046992859358699   0
0.088998839702659   0.188096649666521   0.0155298803845225   -0.00728189716004929   0
0.0999413066463517   0.158996883830281   0.0109424669436927   -0.02909976583624   0
0.12386012131679   0.164354591278469   0.0239188146704386   0.00535770744818728   0
0.106789422745373   0.127439667473044   -0.0170706985714172   -0.0369149238054248   0
0.129155256755349   0.149416114035719   0.0223658340099755   0.0219764465626752   0
0.101818031770605   0.103495508282594   -0.0273372249847432   -0.045920605753125   0
0.109883867845347   0.113397559141291   0.00806583607474125   0.00990205085869653   0
0.0729289107885892   0.0861544258550888   -0.0369549570567574   -0.0272431332862018   0
0.104184626697464   0.112256727520236   0.0312557159088752   0.0261023016651471   0
0.0627834206724196   0.070227615341367   -0.0414012060250448   -0.042029112178869   0
0.0930835686219775   0.102948930918101   0.030300147949558   0.0327213155767344   0
0.0987576933949958   0.0393640352491967   0.00567412477301829   -0.0635848956689046   0
0.0910939706786349   0.100566058344068   -0.00766372271636089   0.0612020230948714   0
0.0930806529146632   0.0321410890709245   0.00198668223602827   -0.0684249692731436   0
0.085670816409907   0.0832926180278301   -0.00740983650475616   0.0511515289569056   0
0.208210897614054   0.0697678239203431   0.122540081204147   -0.013524794107487   0
0.217854007383752   0.0741641758200177   0.00964310976969848   0.00439635189967461   0
0.070110218722095   0.0271486666569382   -0.147743788661657   -0.0470155091630795   0
0.116976258430376   0.0356535554637613   0.0468660397082805   0.00850488880682302   0
0.116194471637208   0.0503155341226991   -0.000781786793167261   0.0146619786589379   0
0.124601184220095   0.0419023613540753   0.00840671258288653   -0.00841317276862386   0
0.214430396817272   0.183686075656227   0.0898292125971776   0.141783714302151   0
0.108100171139041   0.136272529994294   -0.106330225678231   -0.0474135456619322   0
0.129531094093465   0.0721236408940404   0.0214309229544235   -0.064148889100254   0
0.139971395885052   0.0666287880025031   0.0104403017915875   -0.00549485289153732   0
0.0996235080597948   0.0585191931623781   -0.0403478878252574   -0.00810959484012495   0
0.150594242569927   0.0930656182884018   0.0509707345101321   0.0345464251260236   0
0.137776774630487   0.0607976853245459   -0.01281746793944   -0.0322679329638559   0
0.069732204041318   0.0667119369267038   -0.068044570589169   0.00591425160215788   0
0.077603978745487   0.0914124643114931   0.00787177470416905   0.0247005273847894   0
0.078616046772208   0.08281638828843   0.00101206802672102   -0.00859607602306314   0
0.104718791923704   0.0775293411025303   0.0261027451514959   -0.00528704718589963   0
0.137821216761063   0.0776147991471343   0.0331024248373594   8.54580446039699e-05   0
0.170533941526049   0.069105379657086   0.0327127247649859   -0.00850941949004827   0
0.157954307982277   0.0652717963056978   -0.0125796335437723   -0.00383358335138827   0
0.175492555392871   0.113171287760865   0.0175382474105944   0.0478994914551672   0
0.332970270612197   0.188642928077171   0.157477715219326   0.0754716403163059   0
0.316860463852798   0.0868658494970406   -0.0161098067593999   -0.10177707858013   0
0.215575691266525   0.0358141641020351   -0.101284772586273   -0.0510516853950055   0
0.209151989146577   0.0711019180642477   -0.00642370211994742   0.0352877539622126   0
0.224953664851587   0.0682194964090179   0.0158016757050093   -0.00288242165522989   0
0.206671915176712   0.0696732548779659   -0.0182817496748748   0.00145375846894805   0
0.194778806176134   0.0904315553605598   -0.0118931090005778   0.0207583004825939   0
0.178292149248053   0.0893929391369643   -0.0164866569280811   -0.00103861622359558   0
0.217013175788107   0.0739767755440855   0.0387210265400544   -0.0154161635928788   0
0.224365884240541   0.0807322348631109   0.00735270845243394   0.00675545931902544   0
0.190746567420675   0.135473029649816   -0.0336193168198666   0.0547407947867054   0
0.225935617858628   0.0660240057299805   0.0351890504379533   -0.0694490239198358   0
0.179655728917505   0.128753190609981   -0.0462798889411231   0.0627291848800001   0
0.116492584608163   0.116769056054504   -0.063163144309342   -0.0119841345554761   0
0.191560780325306   0.0790259242442314   0.0750681957171427   -0.037743131810273   0
0.188400014509925   0.069919809232041   -0.00316076581538052   -0.00910611501219045   0
0.156707223801872   0.0690389750249814   -0.0316927907080531   -0.000880834207059603   0
0.180828448636408   0.0809406149941116   0.0241212248345358   0.0119016399691302   0
0.159132821462356   0.0795513313309086   -0.021695627174052   -0.00138928366320298   0
0.143226293398279   0.129151912971276   -0.0159065280640764   0.0496005816403672   0
0.142353383565302   0.0893996631350477   -0.000872909832977359   -0.0397522498362281   0
0.114816504223783   0.150473072620361   -0.0275368793415189   0.0610734094853135   0
0.192700842769953   0.101840708896345   0.0778843385461695   -0.0486323637240166   0
0.140286233251449   0.102456890123896   -0.0524146095185034   0.000616181227550916   0
0.056841598384018   0.139017591715266   -0.0834446348674311   0.0365607015913709   0
0.0883700866629653   0.157631967951491   0.0315284882789473   0.018614376236225   0
0.100334091020351   0.150324030855848   0.0119640043573853   -0.00730793709564317   0
0.105883817520148   0.116252855694226   0.00554972649979736   -0.0340711751616223   0
0.0968760695014512   0.142536611248654   -0.0090077480186968   0.0262837555544284   0
0.13707363072371   0.114969243504572   0.0401975612222588   -0.0275673677440822   0
0.0726336369577491   0.130951479553201   -0.0644399937659608   0.0159822360486292   0
0.0952778896219369   0.124242219638304   0.0226442526641878   -0.00670925991489763   0
0.0825686571231384   0.136557898360915   -0.0127092324987985   0.0123156787226114   0
0.103074044407503   0.153555400925855   0.020505387284365   0.0169975025649397   0
0.168501688485843   0.170788117538955   0.0654276440783393   0.0172327166131005   0
0.284018141500521   0.164927203517218   0.115516453014678   -0.00586091402173683   0
0.177986055116714   0.127064869730572   -0.106032086383807   -0.0378623337866465   0
0.356316609969617   0.153412760187997   0.178330554852903   0.0263478904574254   0
0.237800315749769   0.140414916420942   -0.118516294219847   -0.0129978437670559   0
0.169638739870025   0.123959815663182   -0.0681615758797444   -0.0164551007577598   0
0.400247982094151   0.139506331689641   0.230609242224126   0.0155465160264588   0
0.341618280602502   0.13681447820589   -0.0586297014916489   -0.00269185348375034   0
0.207692333795087   0.128567905076743   -0.133925946807415   -0.00824657312914678   0
0.19515790738151   0.113164282225709   -0.0125344264135775   -0.015403622851034   0
0.1856648123291   0.110251101120352   -0.00949309505240969   -0.00291318110535774   0
0.0958895820185905   0.103073966618346   -0.0897752303105097   -0.00717713450200516   0
0.14362235249626   0.163330489368183   0.0477327704776696   0.0602565227498361   0
0.0705993578063568   0.129342807892438   -0.0730229946899033   -0.033987681475745   0
0.110141154276002   0.136631039458463   0.0395417964696448   0.00728823156602521   0
0.0856370663225335   0.129739516670914   -0.0245040879534682   -0.00689152278754823   0
0.129418717945628   0.171033504923012   0.0437816516230944   0.0412939882520976   0
0.112658964092965   0.151394754721853   -0.0167597538526628   -0.0196387502011592   0
0.234534061862941   0.213604602135002   0.121875097769976   0.0622098474131491   0
0.26092077487813   0.174631413554299   0.0263867130151882   -0.0389731885807033   0
0.301440054736068   0.216155745381131   0.0405192798579383   0.0415243318268327   0
0.308131835139506   0.198820230684185   0.00669178040343854   -0.0173355146969465   0
0.337540071059017   0.218276104671721   0.0294082359195101   0.0194558739875359   0
0.305316986086328   0.174621232152622   -0.0322230849726887   -0.0436548725190985   0
0.307944673746373   0.22743545343033   0.00262768766004484   0.0528142212777082   0
0.304632371027703   0.185341812888538   -0.00331230271867   -0.042093640541792   0
0.360051987716996   0.24220907210134   0.0554196166892934   0.0568672592128012   0
0.306484612768733   0.186440882321354   -0.0535673749482636   -0.0557681897799861   0
0.382506790805405   0.212659302160898   0.0760221780366725   0.0262184198395441   0
0.402617787914903   0.249220754715192   0.020110997109498   0.0365614525542945   0
0.398781434993218   0.237630610029187   -0.00383635292168544   -0.0115901446860053   0
0.526071274426726   0.287891197198394   0.127289839433509   0.0502605871692068   0
0.637361645671192   0.264568936209091   0.111290371244466   -0.0233222609893028   0
0.635357741933894   0.261029088296803   -0.00200390373729775   -0.00353984791228823   0
0.601391633978026   0.268721728490784   -0.0339661079558682   0.00769264019398086   0
0.595803290328547   0.281700083667812   -0.00558834364947924   0.0129783551770289   0
0.581420619661265   0.309100873900208   -0.0143826706672813   0.0274007902323959   0
0.591824191708788   0.315042007134862   0.0104035720475223   0.00594113323465378   0
0.640445169858818   0.406307441929966   0.0486209781500301   0.0912654347951036   0
0.563918634377904   0.31431228609259   -0.076526535480914   -0.0919951558373759   0
0.632817936300797   0.320487724700963   0.0688993019228934   0.00617543860837283   0
0.636033792110419   0.335868917935093   0.00321585580962203   0.0153811932341301   0
0.670738822708392   0.335734090085308   0.0347050305979729   -0.000134827849784247   0
0.699511924829706   0.372609682908389   0.0287731021213137   0.0368755928230803   0
0.721553948086912   0.349106128130115   0.0220420232572062   -0.023503554778274   0
0.700405112634403   0.357509558291104   -0.0211488354525095   0.00840343016098893   0
0.69189278593436   0.358303761181292   -0.00851232670004265   0.000794202890187945   0
0.685028235936125   0.367067393745212   -0.00686454999823449   0.00876363256392049   0
0.663970884186378   0.309157721295296   -0.0210573517497479   -0.0579096724499158   0
0.679026524411223   0.344979485387523   0.0150556402248458   0.0358217640922266   0
0.667787927212292   0.284163882935974   -0.0112385971989309   -0.0608156024515486   0
0.708799467027346   0.351624096086289   0.0410115398150538   0.0674602131503151   0
0.70894716286643   0.311850979091376   0.000147695839083473   -0.039773116994913   0
0.742064037495693   0.351256222888649   0.0331168746292638   0.0394052437972723   0
0.642551480337109   0.292201747240669   -0.0995125571585846   -0.0590544756479793   0
0.727881622640145   0.250204783931583   0.0853301423030358   -0.0419969633090865   0
0.858897898178823   0.375192142946451   0.131016275538678   0.124987359014868   0
0.754711972065927   0.239275379456391   -0.104185926112896   -0.13591676349006   0
0.699298135602698   0.24317788003332   -0.0554138364632282   0.00390250057692931   0
0.682343501784292   0.29812708829038   -0.0169546338184066   0.0549492082570595   0
0.635759562870461   0.287094280297431   -0.0465839389138306   -0.0110328079929488   0
0.664387725487881   0.311655716543913   0.0286281626174197   0.024561436246482   0
0.702628221204792   0.30317999024342   0.0382404957169108   -0.0084757263004937   0
0.697147381736861   0.339554188009072   -0.00548083946793132   0.0363741977656521   0
0.736217246414053   0.323422601588464   0.0390698646771922   -0.0161315864206082   0
0.996953458583825   0.385194866208001   0.260736212169772   0.0617722646195377   0
0.779909320043042   0.349243887999847   -0.217044138540783   -0.0359509782081538   0
0.6445324474589   0.335299026048764   -0.135376872584142   -0.013944861951083   0
0.541212260553436   0.283193660392495   -0.103320186905465   -0.0521053656562691   0
0.578704517873293   0.31449790711426   0.0374922573198568   0.0313042467217651   0
0.604712599556186   0.311375063762739   0.0260080816828933   -0.00312284335152108   0
0.647189366255349   0.361116814054331   0.0424767666991629   0.0497417502915913   0
0.627158660029502   0.348857144882042   -0.0200307062258471   -0.0122596691722887   0
0.659983747394585   0.407496187483086   0.0328250873650838   0.0586390426010436   0
0.680022219946525   0.422240701324789   0.0200384725519395   0.0147445138417038   0
0.671654682278773   0.438338587751809   -0.00836753766775156   0.0160978864270192   0
0.660527483086813   0.414107690831141   -0.0111271991919604   -0.0242308969206674   0
0.659860752175033   0.402366635568234   -0.000666730911780156   -0.0117410552629073   0
0.698566335172974   0.430693438590896   0.0387055829979414   0.0283268030226622   0
0.718808872644878   0.468034643037511   0.0202425374719034   0.0373412044466144   0
0.655806843711622   0.432598754091479   -0.0630020289332553   -0.0354358889460314   0
0.665007217396924   0.448757850609324   0.00920037368530202   0.0161590965178445   0
0.690307096458525   0.454191883001007   0.0252998790616011   0.00543403239168294   0
0.753616011545668   0.475922827270084   0.0633089150871423   0.0217309442690772   0
0.61305997109826   0.424657524238356   -0.140556040447407   -0.0512653030317277   0
0.61290985907391   0.408600205464951   -0.000150112024350668   -0.0160573187734053   0
0.64265252228012   0.430498756637868   0.0297426632062101   0.0218985511729169   0
0.675939832175172   0.429499302589073   0.0332873098950522   -0.000999454048794812   0
0.685045140838908   0.392796182214772   0.00910530866373627   -0.0367031203743013   0
0.71988844487601   0.43644114982349   0.0348433040371016   0.0436449676087184   0
0.708692226775488   0.430386463259185   -0.0111962181005217   -0.00605468656430475   0
0.727808252555582   0.388849245734449   0.0191160257800939   -0.0415372175247362   0
0.728439004981886   0.452322222774042   0.000630752426303838   0.0634729770395927   0
0.757764569111673   0.427026713030344   0.0293255641297874   -0.0252955097436975   0
0.790951496850066   0.435155817468008   0.0331869277383927   0.0081291044376634   0
0.71406839767955   0.410037509847575   -0.0768830991705159   -0.0251183076204329   0
0.728188168724877   0.43750326475439   0.0141197710453269   0.0274657549068153   0
0.714570506730554   0.397723172833819   -0.0136176619943235   -0.0397800919205709   0
0.712952792956869   0.419411948566681   -0.00161771377368469   0.0216887757328615   0
0.739239694138512   0.431928123641828   0.0262869011816427   0.0125161750751471   0
0.787750883510238   0.422930387995471   0.048511189371726   -0.00899773564635636   0
0.776164093390412   0.441378107784584   -0.0115867901198258   0.0184477197891128   0
0.795022051519227   0.436151863293624   0.0188579581288149   -0.00522624449096032   0
0.887114407616064   0.434033931993802   0.0920923560968373   -0.00211793129982224   0
0.802243807210402   0.457802664979683   -0.0848706004056624   0.0237687329858815   0
0.675037518805614   0.376675592763189   -0.127206288404787   -0.081127072216494   0
0.743779535307634   0.405048884438039   0.0687420165020198   0.0283732916748499   0
0.783497457699443   0.413883012877733   0.0397179223918086   0.00883412843969428   0
0.86808476942995   0.443667948786871   0.0845873117305077   0.0297849359091381   0
1.00386334339884   0.519373003264032   0.135778573968886   0.0757050544771605   0
0.874282272477951   0.447707609304052   -0.129581070920885   -0.0716653939599796   0
0.976339062238647   0.513050232184676   0.102056789760696   0.0653426228806237   0
1.05294604029587   0.549397234353023   0.0766069780572272   0.0363470021683465   0
0.972449826463371   0.542848380031202   -0.0804962138325032   -0.00654885432182084   0
0.961726789174472   0.505261046664494   -0.0107230372888985   -0.0375873333667077   0
1.06723418136478   0.50872540667879   0.105507392190311   0.00346436001429573   0
1.14511646462707   0.51834761556387   0.0778822832622865   0.0096222088850807   0
1.18186714341038   0.533324908809349   0.036750678783305   0.0149772932454781   0
1.18493778378318   0.567619321959049   0.00307064037280713   0.0342944131497001   0
1.07187377689569   0.511427150807913   -0.113064006887488   -0.0561921711511356   0
1.10075990170219   0.4562485646624   0.0288861248064938   -0.0551785861455132   0
1.22341035473893   0.477329791762991   0.122650453036745   0.0210812271005907   0
1.18710193710029   0.415608350956462   -0.036308417638647   -0.0617214408065282   0
1.17317669754322   0.42134480175297   -0.0139252395570677   0.00573645079650809   0
1.04363075589981   0.451699077405522   -0.129545941643407   0.0303542756525518   0
1.00145497924794   0.410665967035254   -0.0421757766518716   -0.0410331103702687   0
1.0598173277021   0.460632576315983   0.058362348454156   0.0499666092807295   0
1.05904174347993   0.442001627752659   -0.000775584222169723   -0.0186309485633243   0
1.09338014347876   0.475306603920301   0.0343383999988376   0.0333049761676423   0
1.11535154271925   0.470383240967671   0.0219713992404869   -0.00492336295263018   0
1.24351268149103   0.44998697870994   0.128161138771775   -0.0203962622577309   0
1.20195104809597   0.476241886246107   -0.0415616333950555   0.0262549075361671   0
1.19981669009728   0.473203584726489   -0.00213435799868633   -0.00303830151961759   0
1.26529552435508   0.473228042377827   0.0654788342577981   2.44576513371286e-05   0
1.34173670399002   0.49878728981626   0.0764411796349376   0.0255592474384336   0
1.33198466300705   0.489169513838506   -0.00975204098297078   -0.00961777597775454   0
1.36365928017375   0.493560779128062   0.0316746171667053   0.00439126528955663   0
1.35182856088522   0.518303836934476   -0.0118307192885352   0.0247430578064138   0
1.31203024017284   0.449487434543503   -0.0397983207123784   -0.068816402390973   0
1.33934745667769   0.499455006311129   0.0273172165048512   0.0499675717676261   0
1.30658310343482   0.443964766641735   -0.032764353242873   -0.0554902396693944   0
1.39887180188072   0.482767785859827   0.0922886984458975   0.0388030192180925   0
1.33957329076061   0.487417265497438   -0.0592985111201054   0.00464947963761075   0
1.45412648316748   0.479745315241587   0.114553192406865   -0.00767195025585077   0
1.46671767980039   0.527521210549159   0.0125911966329149   0.0477758953075715   0
1.45637436530893   0.469482385179146   -0.0103433144914564   -0.0580388253700129   0
1.64145950547873   0.602586499542804   0.1850851401698   0.133104114363658   0
1.49963969669584   0.383775593337435   -0.141819808782891   -0.21881090620537   0
1.31786615220439   0.460673474499292   -0.181773544491455   0.0768978811618576   0
1.37083776859153   0.482835728981918   0.0529716163871399   0.0221622544826256   0
1.43270866611115   0.47193094744332   0.0618708975196252   -0.0109047815385975   0
1.50007873401165   0.483033908915823   0.0673700679004985   0.0111029614725031   0
1.45506902562078   0.529650528553734   -0.0450097083908738   0.0466166196379108   0
1.43473928767564   0.537293826371102   -0.020329737945139   0.00764329781736794   0
1.47840980919906   0.572431150697182   0.0436705215234208   0.03513732432608   0
1.54589616027371   0.594568101183119   0.0674863510746506   0.0221369504859372   0
1.63039548478429   0.595783324360879   0.0844993245105796   0.00121522317775935   0
1.41065533993283   0.606802721164177   -0.219740144851463   0.0110193968032983   0
1.42396580933427   0.615115204350778   0.0133104694014416   0.00831248318660149   0
1.49589992075072   0.614743338014736   0.0719341114164478   -0.00037186633604247   0
1.45584832899207   0.647952016230176   -0.0400515917586475   0.0332086782154397   0
1.35191689003614   0.641493518587289   -0.103931438955925   -0.00645849764288708   0
1.49786853476031   0.642169650060442   0.145951644724166   0.000676131473153041   0
1.54148003750357   0.64560038312992   0.0436115027432566   0.00343073306947872   0
1.42856269709418   0.664762994413234   -0.112917340409387   0.0191626112833141   0
1.43391109751093   0.675243234523679   0.00534840041674967   0.0104802401104442   0
1.50073177604128   0.704024101463153   0.0668206785303449   0.0287808669394743   0
1.61874800674781   0.686022429320281   0.118016230706533   -0.0180016721428721   0
1.76376855007368   0.687001580739084   0.145020543325869   0.000979151418803004   0
1.3499861393681   0.662573591140071   -0.413782410705571   -0.0244279895990129   0
1.204518345759   0.663667242392601   -0.145467793609104   0.00109365125253036   0
1.26337737091694   0.672648141527946   0.0588590251579395   0.00898089913534483   0
1.32470921765797   0.706750407233169   0.0613318467410333   0.0341022657052227   0
1.30587590300495   0.703667980368227   -0.0188333146530213   -0.00308242686494165   0
1.35717090352763   0.702387335834367   0.0512950005226767   -0.00128064453386023   0
1.3204969936823   0.663269378884816   -0.0366739098453261   -0.0391179569495507   0
1.29633804994106   0.606524814359231   -0.0241589437412388   -0.0567445645255852   0
1.32102244114322   0.66901254651389   0.024684391202159   0.0624877321546589   0
1.28774945267626   0.66111554474842   -0.0332729884669656   -0.00789700176547015   0
1.41298109704978   0.709987700751393   0.125231644373522   0.0488721560029735   0
1.45346565153532   0.684229884019984   0.0404845544855428   -0.0257578167314099   0
1.53937684265614   0.662496077698578   0.0859111911208219   -0.0217338063214059   0
1.38728414546732   0.714289380323199   -0.152092697188822   0.0517933026246216   0
1.28466947722206   0.58539604099383   -0.102614668245263   -0.128893339329369   0
1.26008950222197   0.654929876892175   -0.0245799750000946   0.0695338358983454   0
1.2035599790268   0.632490010852741   -0.0565295231951612   -0.0224398660394347   0
1.22791619038516   0.657690277561178   0.0243562113583542   0.0252002667084378   0
1.20423621671332   0.601757333997892   -0.0236799736718423   -0.0559329435632867   0
1.2887602192138   0.621479986046413   0.0845240025004832   0.0197226520485215   0
1.18297953998284   0.622535497652543   -0.105780679230964   0.00105551160613016   0
1.12455363871894   0.552340646300134   -0.0584259012638988   -0.0701948513524092   0
1.02909040617334   0.524420985196292   -0.0954632325456011   -0.0279196611038419   0
1.20837465533501   0.561230600356262   0.179284249161673   0.0368096151599694   0
1.14658684528692   0.609128645094162   -0.0617878100480935   0.0478980447379006   0
1.39007117931313   0.658998596586707   0.243484334026216   0.0498699514925451   0
1.2282715243288   0.655503069034959   -0.161799654984329   -0.00349552755174865   0
1.05691903151803   0.559552674115896   -0.171352492810777   -0.095950394919063   0
1.10525967856608   0.569086728131574   0.0483406470480574   0.00953405401567819   0
1.16511650920412   0.668841358070806   0.05985683063804   0.0997546299392319   0
1.14804682996731   0.599019607973103   -0.0170696792368079   -0.069821750097703   0
1.1578198027353   0.59721939560391   0.00977297276798139   -0.00180021236919259   0
1.07243734760638   0.556528322434267   -0.0853824551289195   -0.0406910731696429   0
1.01642863021759   0.565803641044532   -0.0560087173887895   0.00927531861026487   0
1.17271766423551   0.620706099687485   0.156289034017927   0.0549024586429526   0
1.24716286127434   0.641394042279978   0.0744451970388265   0.020687942592493   0
1.14363178890585   0.59839324736769   -0.103531072368488   -0.0430007949122875   0
1.10378735303409   0.589367314758165   -0.0398444358717638   -0.00902593260952533   0
1.14870255087425   0.596767855810364   0.0449151978401572   0.00740054105219934   0
1.17012370143502   0.617737267142148   0.0214211505607775   0.020969411331784   0
1.16165254944024   0.623562328212866   -0.00847115199478732   0.00582506107071756   0
1.17194677832059   0.617851520746085   0.0102942288803496   -0.00571080746678088   0
1.16313550562005   0.626664702794884   -0.00881127270053983   0.00881318204879877   0
1.09421166789475   0.65664956504935   -0.0689238377253008   0.0299848622544657   0
1.01184545496731   0.638326631358899   -0.0823662129274363   -0.0183229336904503   0
1.04563333884254   0.627755472424176   0.0337878838752319   -0.0105711589347236   0
1.10391579408305   0.670797135072892   0.0582824552405043   0.0430416626487167   0
1.09026635587915   0.639670784154044   -0.0136494382038956   -0.031126350918848   0
0.986440259341132   0.61587135959326   -0.103826096538017   -0.0237994245607848   0
0.97217672707641   0.621586818816165   -0.0142635322647224   0.00571545922290551   0
0.976930454668601   0.594010685184619   0.00475372759219139   -0.0275761336315465   0
1.02048389453533   0.620127280612013   0.0435534398667315   0.0261165954273943   0
1.01528159371723   0.608936182412   -0.00520230081810213   -0.0111910982000132   0
1.10902105440158   0.648803282960251   0.0937394606843527   0.0398671005482517   0
0.895676344736758   0.550319134919912   -0.213344709664825   -0.0984841480403397   0
0.823344205103188   0.532262687453526   -0.0723321396335704   -0.0180564474663856   0
0.812230701794755   0.572688747680623   -0.0111135033084327   0.0404260602270966   0
0.857983361716298   0.514520612781694   0.0457526599215433   -0.0581681348989286   0
0.93624825542481   0.576905911885335   0.0782648937085116   0.062385299103641   0
0.91176407921238   0.602782068691911   -0.0244841762124294   0.0258761568065761   0
1.01145644345468   0.646966495988393   0.0996923642423044   0.0441844272964822   0
0.989398132236968   0.613474877585464   -0.0220583112177172   -0.0334916184029294   0
0.961482636921749   0.542722522847772   -0.0279154953152185   -0.0707523547376925   0
0.947871438610216   0.571240172798404   -0.0136111983115335   0.028517649950632   0
0.790089044796851   0.465992158408272   -0.157782393813365   -0.105248014390132   0
0.7959447318313   0.466734010236559   0.00585568703444928   0.000741851828286622   0
0.774412604864487   0.497180365991559   -0.0215321269668131   0.030446355755   0
0.755582315185447   0.493374130816057   -0.0188302896790401   -0.00380623517550127   0
0.754999742024459   0.492262464306644   -0.000582573160987532   -0.00111166650941324   0
0.764042728355555   0.546488971241415   0.00904298633109546   0.0542265069347709   0
0.719929270099501   0.520780510609076   -0.044113458256054   -0.025708460632339   0
0.668212233366765   0.463559292281203   -0.0517170367327358   -0.0572212183278727   0
0.708893062409275   0.534450093428283   0.0406808290425098   0.0708908011470793   0
