0.120145160590887   0.164425463947985   0   0   0
0.0895287578996827   0.170523385563212   -0.0306164026912042   0.00609792161522774   0
0.0908172640889936   0.157864664508084   0.00128850618931085   -0.0126587210551281   0
0.10325777845901   0.128541098628182   0.0124405143700165   -0.0293235658799023   0
0.0557397154720043   0.131098391220116   -0.0475180629870057   0.00255729259193374   0
0.0931583718613094   0.0637167474526517   0.037418656389305   -0.067381643767464   0
0.115829741275071   0.0487441551271791   0.0226713694137621   -0.0149725923254726   0
0.0808048565096183   0.0755048092065845   -0.0350248847654532   0.0267606540794054   0
0.0925707900425399   0.0320914460186823   0.0117659335329216   -0.0434133631879022   0
0.10918319947121   0.0543479728271672   0.01661240942867   0.0222565268084849   0
0.110863155785545   0.0206971490021869   0.00167995631433505   -0.0336508238249803   0
0.100626150829991   0.0447301341098202   -0.0102370049555544   0.0240329851076333   0
0.097393567858509   0.0513333050874381   -0.00323258297148149   0.00660317097761792   0
0.0797440035435894   0.0404692676546352   -0.0176495643149196   -0.010864037432803   0
0.0805081008273081   0.0385991761000154   0.000764097283718665   -0.00187009155461976   0
0.0999183403299414   0.0275229935716484   0.0194102395026334   -0.011076182528367   0
0.0862529138317077   0.055883601159486   -0.0136654264982337   0.0283606075878375   0
0.086887822846415   0.037209665018816   0.000634909014707294   -0.0186739361406699   0
0.0959620966618071   0.0536939572550999   0.00907427381539203   0.0164842922362839   0
0.0805364104257199   0.0253865552869742   -0.0154256862360872   -0.0283074019681257   0
0.0734522352178611   0.0238964361306242   -0.00708417520785874   -0.00149011915635008   0
0.0851986034756298   0.0486520171806627   0.0117463682577687   0.0247555810500386   0
0.0477096619824538   0.0700769284235725   -0.037488941493176   0.0214249112429098   0
0.0592801049270537   0.079018956021103   0.0115704429445999   0.00894202759753047   0
0.0633106657622552   0.090681464086397   0.00403056083520151   0.011662508065294   0
0.0672514532112132   0.100801464898594   0.00394078744895796   0.0101200008121971   0
0.0474931530734694   0.110806854190084   -0.0197583001377438   0.0100053892914897   0
0.046187006064429   0.122666268405214   -0.00130614700904046   0.0118594142151301   0
0.0667687075452266   0.132427338103967   0.0205817014807976   0.00976106969875343   0
0.0665726295392483   0.142219528029109   -0.000196078005978276   0.0097921899251415   0
0.0772137570110405   0.134582250959553   0.0106411274717921   -0.0076372770695563   0
0.0719759228287488   0.147327090540649   -0.00523783418229168   0.0127448395810961   0
0.0706039382919961   0.140989145769497   -0.00137198453675264   -0.0063379447711516   0
0.077758745171115   0.157955559054446   0.00715480687911886   0.0169664132849487   0
0.0689535558162347   0.144963348561662   -0.00880518935488026   -0.0129922104927835   0
0.0818260653735715   0.153148200147969   0.0128725095573368   0.00818485158630711   0
0.0994272358936926   0.146892088221047   0.0176011705201211   -0.00625611192692194   0
0.210041890233829   0.403716120032381   0.110614654340137   0.256824031811334   0
0.249852681822409   0.412138535215405   0.0398107915885798   0.00842241518302422   0
0.239394209911476   0.381129633999378   -0.0104584719109327   -0.0310089012160272   0
0.239282989393333   0.365573306410971   -0.000111220518143135   -0.0155563275884067   0
0.283242469421942   0.414552830872918   0.0439594800286092   0.0489795244619464   0
0.270573407057475   0.419636910563763   -0.0126690623644675   0.00508407969084562   0
0.26006376046241   0.409601099574635   -0.0105096465950645   -0.0100358109891285   0
0.265342194061668   0.399979951519136   0.00527843359925778   -0.00962114805549946   0
0.284991112822435   0.432155880412092   0.019648918760767   0.0321759288929561   0
0.277772652598505   0.460354349889571   -0.00721846022392975   0.0281984694774798   0
0.263046105388865   0.421668314606991   -0.0147265472096402   -0.0386860352825807   0
0.273804953427654   0.400072961501399   0.0107588480387892   -0.0215953531055915   0
0.271745727140524   0.384118678763153   -0.00205922628713046   -0.0159542827382466   0
0.276698930563618   0.399549496507316   0.00495320342309424   0.0154308177441639   0
0.246264899193003   0.386734282350298   -0.0304340313706148   -0.0128152141570185   0
0.252666120526707   0.378358285153107   0.00640122133370352   -0.00837599719719073   0
0.273976664778608   0.377067093418731   0.0213105442519009   -0.00129119173437625   0
0.298873551333412   0.396316990519584   0.0248968865548042   0.019249897100853   0
0.295463780153521   0.380763147201118   -0.00340977117989055   -0.0155538433184663   0
0.268259381340145   0.364251906289452   -0.0272043988133759   -0.0165112409116653   0
0.286050097430248   0.373518220765065   0.017790716090102   0.00926631447561288   0
0.287411264105629   0.374091672396286   0.00136116667538144   0.000573451631220578   0
0.301709896631977   0.378268561689641   0.0142986325263483   0.00417688929335558   0
0.344841002967317   0.460795930269029   0.0431311063353394   0.0825273685793876   0
0.297549311416192   0.459325209515546   -0.0472916915511247   -0.00147072075348337   0
0.342618162482508   0.457989043017952   0.0450688510663156   -0.00133616649759322   0
0.363279675052211   0.542840280773555   0.0206615125697033   0.0848512377556029   0
0.423146181378918   0.533053766537673   0.0598665063267069   -0.00978651423588239   0
0.410511134606602   0.537807128878895   -0.0126350467723155   0.00475336234122159   0
0.432670964906406   0.503912863884233   0.0221598302998032   -0.0338942649946612   0
0.453992581013446   0.507159843712503   0.0213216161070401   0.00324697982826916   0
0.454361687127953   0.483698057079489   0.000369106114507523   -0.0234617866330137   0
0.51546820593151   0.497198827522753   0.0611065188035573   0.0135007704432638   0
0.522855507739031   0.498687131072492   0.00738730180752067   0.00148830354973939   0
0.559501149021019   0.496910303883757   0.0366456412819874   -0.00177682718873473   0
0.535642893120977   0.491818398319146   -0.0238582559000418   -0.00509190556461137   0
0.534486086963066   0.49216965693773   -0.00115680615791092   0.00035125861858365   0
0.589668170802537   0.517303274969261   0.0551820838394711   0.025133618031531   0
0.573761521988718   0.508342111574725   -0.0159066488138192   -0.00896116339453579   0
0.581157476676021   0.493572603043362   0.00739595468730336   -0.014769508531363   0
0.609634139474234   0.515153863655387   0.028476662798213   0.0215812606120246   0
0.615606299812274   0.522823450621001   0.00597216033804027   0.00766958696561426   0
0.635458618756761   0.530338481384295   0.0198523189444861   0.00751503076329407   0
0.639516780879001   0.538057869599776   0.00405816212224031   0.00771938821548157   0
0.602979368792374   0.509396770760279   -0.0365374120866266   -0.0286610988394976   0
0.610495536951328   0.506917296600737   0.00751616815895351   -0.00247947415954142   0
0.640169345469814   0.5199110178783   0.0296738085184862   0.0129937212775626   0
0.655446069012211   0.520100993489005   0.0152767235423971   0.000189975610704995   0
0.656620850733999   0.524112206938552   0.00117478172178753   0.00401121344954747   0
0.677607703948893   0.522094707455697   0.020986853214894   -0.00201749948285523   0
0.689960818390791   0.536643232064143   0.0123531144418982   0.0145485246084461   0
0.639214153706377   0.512952047812356   -0.0507466646844136   -0.023691184251787   0
0.607956696225488   0.510357455185238   -0.0312574574808896   -0.00259459262711803   0
0.656293830693235   0.57103560365204   0.0483371344677469   0.0606781484668019   0
0.676866237979861   0.616590299358699   0.0205724072866267   0.0455546957066588   0
0.659858547947066   0.609751599730169   -0.0170076900327956   -0.00683869962853012   0
0.694015039985331   0.603660616825589   0.0341564920382649   -0.00609098290458032   0
0.703698415720286   0.594781853501979   0.00968337573495515   -0.00887876332360926   0
0.709622155610406   0.593312532945538   0.00592373989012074   -0.00146932055644144   0
0.691707912218308   0.570637098436914   -0.0179142433920989   -0.0226754345086242   0
0.720946772038019   0.569435399990159   0.029238859819712   -0.00120169844675455   0
0.731686168612309   0.570948489847035   0.0107393965742894   0.00151308985687615   0
0.712279309304321   0.556711517008722   -0.0194068593079882   -0.0142369728383135   0
0.719590828853627   0.53739310071139   0.00731151954930642   -0.0193184162973314   0
0.759953499271344   0.594624495409574   0.0403626704177166   0.0572313946981833   0
0.735449211713249   0.594220365537359   -0.0245042875580942   -0.000404129872214498   0
0.728990082423458   0.568124206138376   -0.00645912928979142   -0.0260961593989831   0
0.76112707688993   0.594250144214539   0.0321369944664724   0.0261259380761626   0
0.748231082466934   0.628072429472183   -0.0128959944229963   0.0338222852576442   0
0.670623080208018   0.618349962359997   -0.0776080022589161   -0.00972246711218538   0
0.693511120965086   0.626131198210886   0.0228880407570679   0.00778123585088875   0
0.709841680054144   0.641450464374491   0.0163305590890582   0.0153192661636049   0
0.683909266725265   0.628794694743443   -0.025932413328879   -0.0126557696310478   0
0.670576738779992   0.632806487524788   -0.013332527945273   0.00401179278134489   0
0.68370755367336   0.63769435661337   0.0131308148933674   0.00488786908858185   0
0.691279402750588   0.631859543432684   0.00757184907722852   -0.00583481318068602   0
0.690981066452077   0.63588837415265   -0.000298336298510837   0.00402883071996563   0
0.687123912919795   0.62338747477614   -0.00385715353228233   -0.0125008993765098   0
0.710392679696237   0.633494380269322   0.0232687667764419   0.0101069054931823   0
0.727644857134825   0.627007592656941   0.0172521774385882   -0.0064867876123812   0
0.732912226932148   0.625148755380198   0.00526736979732267   -0.00185883727674341   0
0.760844147731032   0.661852793527619   0.0279319207988841   0.0367040381474211   0
0.788139609803339   0.671089926556419   0.0272954620723076   0.00923713302880058   0
0.781871306237158   0.645450730331373   -0.00626830356618124   -0.0256391962250465   0
0.805750491471498   0.631067725354173   0.0238791852343395   -0.0143830049771998   0
0.83501266213403   0.632883906520242   0.0292621706625324   0.00181618116606919   0
0.856658041157176   0.676597623704675   0.021645379023146   0.0437137171844325   0
0.804562593482577   0.633361547426318   -0.0520954476745994   -0.0432360762783567   0
0.831969281512268   0.660972251746539   0.0274066880296916   0.0276107043202211   0
0.847713723481701   0.64862389578399   0.0157444419694328   -0.0123483559625494   0
0.817544400453144   0.651221021611903   -0.0301693230285576   0.00259712582791294   0
0.771128084152879   0.625028974112601   -0.0464163163002643   -0.0261920474993019   0
0.797150968689721   0.657076711074514   0.0260228845368414   0.0320477369619132   0
0.791705993598987   0.686383217438516   -0.00544497509073338   0.0293065063640027   0
0.770037105981368   0.658554126825776   -0.0216688876176198   -0.0278290906127406   0
0.807958620141527   0.679414863609351   0.0379215141601593   0.0208607367835748   0
0.827113314749007   0.676603482867373   0.0191546946074801   -0.0028113807419774   0
0.807201334302663   0.650390783393922   -0.0199119804463438   -0.026212699473451   0
0.781685489798167   0.635353386226651   -0.0255158445044963   -0.0150373971672709   0
0.760171463579106   0.624876606569401   -0.021514026219061   -0.0104767796572504   0
1.25909695462939   1.00907111263503   0.498925491050282   0.38419450606563   1
1.28206719552487   0.942462865071086   0.0229702408954795   -0.0666082475639457   0
1.20103936342861   0.887430411924789   -0.0810278320962583   -0.0550324531462971   0
1.17064074486795   0.875458385920479   -0.0303986185606548   -0.0119720260043098   0
1.111162419765   0.834280917072165   -0.0594783251029594   -0.0411774688483137   0
1.10369382833284   0.820715457432387   -0.0074685914321555   -0.0135654596397777   0
1.10029928544237   0.795601470512775   -0.00339454289046559   -0.0251139869196122   0
1.08462377524651   0.798830354954893   -0.0156755101958606   0.00322888444211777   0
1.06801611241076   0.794295949398743   -0.0166076628357505   -0.00453440555615015   0
1.10915158005793   0.807682583409931   0.0411354676471656   0.0133866340111882   0
1.11727448288502   0.817736998225483   0.00812290282709616   0.0100544148155516   0
1.06178992584174   0.7958182404788   -0.0554845570432885   -0.0219187577466827   0
1.06836773555317   0.796429230069439   0.00657780971142952   0.000610989590639544   0
1.06946268261684   0.773518445935598   0.0010949470636703   -0.0229107841338414   0
1.04293614013323   0.745802693413246   -0.0265265424836065   -0.0277157525223517   0
1.03013983383908   0.739038898462153   -0.0127963062941532   -0.00676379495109325   0
1.03713710526092   0.733027450055344   0.00699727142184314   -0.00601144840680878   0
1.02929038097419   0.703534960374751   -0.00784672428672617   -0.0294924896805931   0
1.01099359250442   0.674711311420094   -0.0182967884697702   -0.0288236489546574   0
0.985084654027764   0.67758405950806   -0.0259089384766591   0.00287274808796656   0
1.01385433264153   0.695550788236598   0.0287696786137648   0.0179667287285374   0
1.01531979748796   0.704988126469739   0.00146546484643495   0.00943733823314119   0
0.971173981929088   0.69215339418514   -0.0441458155588761   -0.0128347322845986   0
0.88635648163366   0.643941655093303   -0.0848175002954282   -0.0482117390918372   0
0.897818452477448   0.671437366387022   0.0114619708437885   0.0274957112937189   0
0.862783474775682   0.654822367003632   -0.0350349777017662   -0.0166149993833894   0
0.851223016072756   0.647612322440905   -0.0115604587029255   -0.00721004456272778   0
0.835857928016478   0.62827245890389   -0.0153650880562782   -0.0193398635370149   0
0.791765174002999   0.598230566203729   -0.0440927540134788   -0.0300418927001607   0
0.798020915640687   0.600544737041713   0.00625574163768738   0.00231417083798369   0
0.837449297899879   0.622379146104971   0.0394283822591919   0.021834409063258   0
0.77160995343632   0.608347820903759   -0.0658393444635585   -0.0140313252012115   0
0.77604844499812   0.58612780280341   0.00443849156179987   -0.0222200181003492   0
0.809148541625084   0.607896823344521   0.0331000966269638   0.0217690205411112   0
0.774234533345678   0.601138925300392   -0.0349140082794056   -0.00675789804412952   0
0.794363567127169   0.612619078585592   0.0201290337814907   0.0114801532852006   0
0.798963268189471   0.623923551928287   0.0045997010623019   0.0113044733426949   0
0.789656516778023   0.61485953841919   -0.00930675141144777   -0.00906401350909669   0
0.79790201541668   0.616432489253332   0.00824549863865709   0.001572950834142   0
0.814732792956071   0.617033604758128   0.0168307775393908   0.000601115504795691   0
0.783852283431642   0.613729897778307   -0.0308805095244283   -0.00330370697982096   0
0.773997963604556   0.623088406346411   -0.00985431982708629   0.00935850856810361   0
0.819633811489619   0.64975768441914   0.0456358478850627   0.026669278072729   0
0.829915806849707   0.654372467796226   0.0102819953600879   0.00461478337708598   0
0.819030952115364   0.642539225982976   -0.0108848547343425   -0.0118332418132495   0
0.826757147165962   0.642336389811688   0.00772619505059746   -0.000202836171288578   0
0.849332236407144   0.664778095672836   0.0225750892411818   0.0224417058611485   0
0.770632576307283   0.621935442995967   -0.0786996600998607   -0.042842652676869   0
0.820047560082438   0.624168768447663   0.0494149837751554   0.00223332545169586   0
0.847664114640722   0.631754828103324   0.0276165545582842   0.0075860596556605   0
0.832640414678726   0.634301971683222   -0.0150236999619968   0.00254714357989805   0
0.810377806162589   0.610228792364161   -0.0222626085161369   -0.0240731793190606   0
0.812651226712026   0.620096090423137   0.00227342054943702   0.00986729805897646   0
0.825441276915087   0.629553483533744   0.0127900502030618   0.00945739311060689   0
0.799494538579376   0.604522905561121   -0.0259467383357112   -0.0250305779726233   0
0.783088659551241   0.605145521977419   -0.016405879028135   0.000622616416297572   0
0.804374440893798   0.625053585527961   0.0212857813425567   0.0199080635505423   0
0.833457310771368   0.620815019976813   0.0290828698775696   -0.00423856555114832   0
0.81429454973989   0.630944215713103   -0.0191627610314776   0.0101291957362903   0
0.841348231491723   0.654678389749685   0.0270536817518332   0.0237341740365818   0
0.841799759097311   0.661838269297069   0.000451527605587421   0.00715987954738451   0
0.808121642231719   0.637170933129259   -0.0336781168655917   -0.0246673361678107   0
0.791982864475261   0.620377927560241   -0.0161387777564576   -0.0167930055690172   0
0.810192630530518   0.633225253452363   0.0182097660552565   0.0128473258921221   0
0.825503827404023   0.656763618143394   0.0153111968735048   0.023538364691031   0
0.844655186043772   0.657671503147295   0.0191513586397498   0.000907885003900488   0
0.856663581017076   0.652860730951319   0.0120083949733034   -0.00481077219597636   0
0.876999901469441   0.673468009461149   0.0203363204523657   0.0206072785098306   0
0.873829113293189   0.704536357168358   -0.00317078817625283   0.0310683477072088   0
0.815696898494588   0.699867520789513   -0.0581322147986006   -0.00466883637884463   0
0.825324196539209   0.701047445056902   0.00962729804462059   0.00117992426738855   0
0.82724429399435   0.700673906649741   0.00192009745514121   -0.000373538407160923   0
0.814032619158471   0.720012872179451   -0.013211674835879   0.01933896552971   0
0.833483492368025   0.752505201959761   0.0194508732095544   0.0324923297803096   0
0.821464878452512   0.774346571196806   -0.0120186139155133   0.0218413692370453   0
0.773832952253262   0.740857798353368   -0.0476319261992494   -0.0334887728434377   0
0.779240760754338   0.729163569153897   0.00540780850107581   -0.0116942291994711   0
0.800297977573978   0.732919069844174   0.0210572168196401   0.0037555006902773   0
0.793034331906255   0.726875239927905   -0.00726364566772342   -0.00604382991626906   0
0.797786274861883   0.72925500401259   0.0047519429556282   0.00237976408468454   0
0.789850079806921   0.735997558847453   -0.00793619505496179   0.00674255483486308   0
0.789547356549308   0.739280904845731   -0.000302723257613491   0.00328334599827784   0
0.802038403554898   0.749083194863728   0.0124910470055904   0.00980229001799726   0
0.7353439439514   0.730517494777108   -0.0666944596034982   -0.0185657000866197   0
0.748479309447663   0.716776592296109   0.0131353654962625   -0.0137409024809994   0
0.753613346467643   0.698152462402463   0.00513403701998061   -0.018624129893646   0
0.704613018213288   0.699557903103004   -0.0490003282543547   0.00140544070054127   0
0.678768291241569   0.674918098517746   -0.025844726971719   -0.0246398045852582   0
0.678084488948833   0.676662641431459   -0.000683802292736457   0.0017445429137134   0
0.696340629705147   0.683581886941133   0.0182561407563135   0.0069192455096736   0
0.690538554657341   0.679510722922199   -0.00580207504780528   -0.0040711640189337   0
0.654792374686786   0.640277631007831   -0.0357461799705555   -0.0392330919143685   0
0.682059308654871   0.662439118739602   0.0272669339680849   0.0221614877317707   0
0.707261432835836   0.694136260065342   0.0252021241809655   0.0316971413257404   0
0.666279393267787   0.667298886602548   -0.0409820395680494   -0.0268373734627942   0
0.691654377775172   0.688258710356069   0.025374984507385   0.0209598237535216   0
0.747664923819487   0.70188021426487   0.0560105460443158   0.0136215039088008   0
0.70879653816486   0.677997821845506   -0.0388683856546274   -0.0238823924193645   0
0.771907206267211   0.728375950539967   0.0631106681023504   0.050378128694461   0
0.830084011889911   0.772714678843362   0.0581768056227004   0.0443387283033954   0
0.806356331673789   0.799080615445182   -0.0237276802161216   0.0263659366018196   0
0.801326412386214   0.78278723399146   -0.00502991928757579   -0.0162933814537219   0
0.793005197334141   0.78014324184729   -0.00832121505207262   -0.00264399214416922   0
0.790536061320576   0.775444661484622   -0.0024691360135648   -0.00469858036266846   0
0.782989194585014   0.76850817209318   -0.00754686673556171   -0.00693648939144242   0
0.813634211542318   0.794712983692855   0.0306450169573039   0.0262048115996755   0
0.769079828483   0.76033566084703   -0.0445543830593188   -0.0343773228458251   0
0.726155733006777   0.770851948893619   -0.0429240954762223   0.0105162880465887   0
0.718889600711403   0.76947349406591   -0.00726613229537454   -0.0013784548277086   0
0.742061917226379   0.791028255582542   0.0231723165149766   0.0215547615166324   0
0.712291258547997   0.777670614978837   -0.029770658678382   -0.0133576406037055   0
0.703474287571735   0.751439281453034   -0.00881697097626244   -0.0262313335258026   0
0.739331308973054   0.790556804068556   0.0358570214013195   0.0391175226155221   0
0.732650714981709   0.785524307151665   -0.00668059399134513   -0.00503249691689189   0
0.698591824839541   0.763273327139611   -0.0340588901421683   -0.0222509800120531   0
0.692230710959692   0.748613559101089   -0.00636111387984939   -0.0146597680385223   0
0.671880783019547   0.741371697873187   -0.0203499279401443   -0.00724186122790194   0
0.663025719796366   0.742361525918519   -0.00885506322318075   0.000989828045332097   0
0.718974628528191   0.76387076799237   0.0559489087318242   0.0215092420738503   0
0.661508879171429   0.73332760102236   -0.057465749356762   -0.0305431669700095   0
0.689349702413434   0.769035611110638   0.0278408232420052   0.0357080100882778   0
0.698778856175035   0.773422195487329   0.00942915376160081   0.00438658437669093   0
0.671225334903146   0.757361611840284   -0.0275535212718891   -0.0160605836470453   0
0.704580611350469   0.775868080777712   0.0333552764473229   0.0185064689374282   0
0.710928751172078   0.773051093501039   0.00634813982160909   -0.00281698727667257   0
0.691394914211147   0.78157467852916   -0.0195338369609303   0.00852358502812078   0
0.72950741902152   0.795496032843188   0.0381125048103728   0.0139213543140276   0
0.737131939909166   0.782391455541368   0.00762452088764565   -0.01310457730182   0
0.714185135892123   0.774139660396727   -0.022946804017043   -0.00825179514464058   0
0.718404863625164   0.765829091363976   0.00421972773304091   -0.00831056903275129   0
0.719849430235213   0.797876912242264   0.00144456661004877   0.0320478208782886   0
0.702390179218047   0.775373939288207   -0.0174592510171657   -0.0225029729540571   0
0.683302354699704   0.732409909646159   -0.0190878245183429   -0.0429640296420483   0
0.707504065011106   0.769903426458874   0.0242017103114025   0.0374935168127151   0
0.677557706699407   0.773916427866809   -0.0299463583116992   0.00401300140793526   0
0.66429836571652   0.753710101492808   -0.0132593409828868   -0.0202063263740011   0
0.677428179724877   0.754320566368214   0.0131298140083566   0.000610464875405281   0
0.682273911889682   0.764310435658346   0.00484573216480544   0.00998986929013201   0
0.637157107073923   0.73747504650702   -0.0451168048157597   -0.026835389151326   0
0.658938431254006   0.735720969186901   0.0217813241800831   -0.00175407732011879   0
0.642329177338917   0.73065605332404   -0.0166092539150886   -0.00506491586286073   0
0.633647523070989   0.748145567385828   -0.00868165426792777   0.0174895140617881   0
0.619403031066817   0.723061011201034   -0.0142444920041724   -0.0250845561847938   0
0.641025552271639   0.738809382165869   0.0216225212048224   0.0157483709648342   0
0.6486275560958   0.746783450763767   0.00760200382416054   0.00797406859789873   0
0.621326846677302   0.722112343058414   -0.0273007094184975   -0.0246711077053533   0
0.654924679894116   0.729457622554122   0.0335978332168135   0.0073452794957084   0
0.70852040764791   0.761310333032381   0.0535957277537937   0.0318527104782588   0
0.66686447459882   0.734237612363888   -0.0416559330490897   -0.0270727206684935   0
0.656547267525538   0.713641371772408   -0.0103172070732821   -0.02059624059148   0
0.662780891048799   0.739364834419443   0.00623362352326118   0.0257234626470352   0
0.649854396989049   0.733198450314144   -0.0129264940597504   -0.00616638410529857   0
0.629009927059828   0.731301518591   -0.0208444699292206   -0.00189693172314442   0
0.659897445503587   0.722887085233768   0.0308875184437595   -0.00841443335723224   0
0.652984708410266   0.722045938108857   -0.00691273709332152   -0.000841147124910124   0
0.611012635998806   0.71142920540186   -0.0419720724114595   -0.010616732706997   0
0.570973022049212   0.701749707852417   -0.0400396139495943   -0.00967949754944353   0
0.586751340518588   0.705286186021479   0.0157783184693759   0.003536478169062   0
