0.120385720237119   0.0530134272568045   0   0   0
0.120881916195145   0.0425204517394277   0.000496195958025261   -0.0104929755173768   0
0.114131594110527   0.0352162422764695   -0.00675032208461811   -0.00730420946295818   0
0.133850674936662   0.0451190223643532   0.0197190808261355   0.00990278008788363   0
0.118248803522446   0.0401539328019685   -0.0156018714142163   -0.00496508956238467   0
0.0983491811135202   0.0358363554106022   -0.0198996224089256   -0.00431757739136625   0
0.111323167656108   0.0360994981928073   0.0129739865425881   0.0002631427822051   0
0.115710718807032   0.0440674783189939   0.00438755115092358   0.0079679801261866   0
0.104085207436071   0.0329242065045234   -0.0116255113709606   -0.0111432718144705   0
0.097486334714205   0.0247494303855159   -0.00659887272186636   -0.00817477611900744   0
0.111418157052924   0.0289760749643995   0.0139318223387189   0.00422664457888356   0
0.104027048803905   0.0324673350317669   -0.00739110824901897   0.00349126006736742   0
0.0978583891626058   0.0279905336644373   -0.00616865964129908   -0.00447680136732959   0
0.0927813316965805   0.0231894960890615   -0.00507705746602526   -0.00480103757537581   0
0.105564395601737   0.0336327099054626   0.0127830639051563   0.010443213816401   0
0.0967261165795924   0.028721855548258   -0.00883827902214444   -0.00491085435720454   0
0.0786679839752488   0.041367897156693   -0.0180581326043436   0.0126460416084349   0
0.0838828763468445   0.020877757059306   0.00521489237159568   -0.020490140097387   0
0.0859559633256472   0.0296469746493082   0.00207308697880269   0.00876921759000227   0
0.0754614458640305   0.0239208172655116   -0.0104945174616167   -0.00572615738379658   0
0.0644529797584255   0.0182745572901616   -0.011008466105605   -0.00564625997535   0
0.0755097738508731   0.0507422732285274   0.0110567940924476   0.0324677159383657   0
0.0679505063268847   0.0399798538055419   -0.00755926752398837   -0.0107624194229855   0
0.0858921552611762   0.0381815286907164   0.0179416489342915   -0.00179832511482546   0
0.0728283593030902   0.0348647128312783   -0.013063795958086   -0.00331681585943813   0
0.0573419218465862   0.0381598057155694   -0.015486437456504   0.00329509288429108   0
0.0683247038516816   0.0361454932848135   0.0109827820050954   -0.00201431243075582   0
0.0788912053416501   0.0446232369836053   0.0105665014899684   0.00847774369879176   0
0.120040016266452   0.0284599509205919   0.0411488109248017   -0.0161632860630134   0
0.0989767997972757   0.0350324470850239   -0.021063216469176   0.00657249616443199   0
0.0704953936409898   0.041692820424085   -0.028481406156286   0.00666037333906111   0
0.0828483426785352   0.0427715785692439   0.0123529490375455   0.00107875814515884   0
0.111282833768556   0.0643514277375607   0.0284344910900205   0.0215798491683169   1
1.59605503628854   1.15708107467908   1.48477220251998   1.09272964694152   1
0.395106624361539   0.166772419011276   -1.200948411927   -0.990308655667807   1
0.111615672232131   0.162370847696877   -0.283490952129408   -0.00440157131439842   1
0.118053092448186   0.133898610849413   0.00643742021605564   -0.0284722368474644   0
0.109725181346717   0.103421790939108   -0.00832791110146888   -0.0304768199103052   0
0.088499978387907   0.101690248066597   -0.0212252029588103   -0.00173154287251075   0
0.101743980143741   0.108956343463454   0.0132440017558342   0.00726609539685678   0
0.12894411361334   0.0917382550505649   0.0272001334695991   -0.0172180884128888   0
0.098396597628729   0.0916025239338551   -0.0305475159846113   -0.000135731116709809   0
0.10214154658458   0.108855349546876   0.00374494895585134   0.0172528256130206   0
0.119717411064366   0.0822617546897806   0.0175758644797857   -0.0265935948570952   0
0.114203919069859   0.0776180162116535   -0.0055134919945071   -0.00464373847812712   0
0.111013590295063   0.0902717011090962   -0.00319032877479644   0.0126536848974427   0
0.127495753259511   0.0833738031614751   0.016482162964448   -0.00689789794762107   0
0.129464202165386   0.0348308663269377   0.00196844890587569   -0.0485429368345375   0
0.110308432669493   0.0722498764933373   -0.0191557694958936   0.0374190101663997   0
0.136203841177736   0.0903947194644825   0.0258954085082436   0.0181448429711452   0
0.130937921343068   0.0684484935093534   -0.00526591983466843   -0.0219462259551291   0
0.125452759193252   0.0651250716332236   -0.00548516214981618   -0.00332342187612988   0
0.138441818386953   0.07279918295297   0.0129890591937014   0.00767411131974646   0
0.144134232756691   0.0331398425069809   0.00569241436973797   -0.0396593404459891   0
0.138375755717105   0.0355376787177708   -0.00575847703958576   0.00239783621078987   0
0.127052192244644   0.0693029407879997   -0.0113235634724612   0.0337652620702289   0
0.143573194661713   0.0625867852300508   0.0165210024170685   -0.00671615555794898   0
0.135719050689153   0.0630732465949114   -0.00785414397255949   0.000486461364860608   0
0.133195835005567   0.0672493702332966   -0.00252321568358657   0.00417612363838524   0
0.156443439868216   0.0640635713391394   0.0232476048626492   -0.00318579889415724   0
0.141408981269932   0.0549643799255936   -0.0150344585982836   -0.00909919141354575   0
0.136085492687244   0.0318420496296171   -0.00532348858268786   -0.0231223302959765   0
0.14094600736736   0.0448279560161402   0.00486051468011614   0.0129859063865231   0
0.158917750688241   0.0462624194887438   0.0179717433208809   0.00143446347260357   0
0.145886742764036   0.0485514155381396   -0.0130310079242053   0.00228899604939579   0
0.172795931400054   0.0504913779314845   0.0269091886360179   0.00193996239334494   0
0.155367114969834   0.0553600683331632   -0.0174288164302199   0.0048686904016787   0
0.166201218490426   0.0641137707292474   0.0108341035205923   0.0087537023960842   0
0.171718789414263   0.0639776017639963   0.00551757092383673   -0.000136168965251121   0
0.153628041278277   0.0638549446514912   -0.0180907481359859   -0.000122657112505115   0
0.155310561630206   0.0733203875468652   0.00168252035192887   0.009465442895374   0
0.171285159067825   0.0812259555059767   0.0159745974376187   0.0079055679591115   0
0.15305992181404   0.0794837176908153   -0.0182252372537848   -0.00174223781516136   0
0.150066609062243   0.0755822726473106   -0.00299331275179712   -0.00390144504350468   0
0.168484807670751   0.0712097409188871   0.0184181986085084   -0.00437253172842353   0
0.171442624660555   0.0691777499141792   0.00295781698980399   -0.00203199100470787   0
0.151887275669575   0.0743953313411636   -0.0195553489909797   0.00521758142698442   0
0.176525487739221   0.0837569260136886   0.0246382120696459   0.00936159467252491   0
0.180464972864693   0.0838452380881735   0.00393948512547168   8.83120744849392e-05   0
0.16155589218871   0.0781289439241309   -0.0189090806759833   -0.00571629416404255   0
0.183058709575917   0.0881378230067984   0.0215028173872075   0.0100088790826675   0
0.161614309832606   0.0935871781975768   -0.0214443997433111   0.00544935519077841   0
0.123145644322326   0.117305993160292   -0.0384686655102798   0.0237188149627153   0
0.0629337622975943   0.121521724396484   -0.060211882024732   0.00421573123619183   0
0.0293831855393455   0.113423055161859   -0.0335505767582488   -0.00809866923462543   0
0.0103600247846277   0.132523334092378   -0.0190231607547178   0.0191002789305193   0
0.0760776024870001   0.116113791413736   0.0657175777023724   -0.0164095426786422   0
0.138054526417101   0.107587044613234   0.0619769239301008   -0.00852674680050161   0
0.0889595259315134   0.113852698056886   -0.0490950004855875   0.00626565344365221   0
0.138201768738066   0.128177249727126   0.0492422428065531   0.0143245516702397   0
0.0796563119978574   0.142705751548212   -0.058545456740209   0.014528501821086   0
0.0342761216389778   0.146388464595439   -0.0453801903588796   0.0036827130472267   0
0.0465325836803857   0.148679979298332   0.012256462041408   0.0022915147028936   0
0.0356177180997618   0.161604460658895   -0.0109148655806239   0.0129244813605633   0
0.095731734673148   0.14208466413622   0.0601140165733862   -0.0195197965226753   0
0.0775900107122689   0.146132354222474   -0.0181417239608791   0.00404769008625339   0
0.06164849045932   0.148186857306282   -0.0159415202529489   0.00205450308380881   0
0.0767690403464183   0.143759023874155   0.0151205498870984   -0.00442783343212691   0
0.0883028189721596   0.137686147111737   0.0115337786257413   -0.00607287676241808   0
0.0548974058531913   0.157542345778714   -0.0334054131189684   0.019856198666977   0
0.0925734831010614   0.159601546041548   0.0376760772478701   0.00205920026283404   0
0.110062176822104   0.139321636513043   0.0174886937210422   -0.0202799095285053   0
0.110398689069255   0.134915436517349   0.000336512247151199   -0.00440619999569383   0
0.0993462800544137   0.134529340610032   -0.0110524090148411   -0.000386095907317308   0
0.10649548274241   0.142437336352833   0.00714920268799606   0.00790799574280079   0
0.0966085212673815   0.125793140258859   -0.00988696147502829   -0.0166441960939736   0
0.118919447452214   0.0987551503382102   0.022310926184833   -0.0270379899206489   0
0.0376327135470258   0.139143800690185   -0.0812867339051886   0.040388650351975   0
0.0542489799955303   0.142357146318195   0.0166162664485045   0.00321334562800982   0
0.0814991697489024   0.112061873831335   0.027250189753372   -0.0302952724868603   0
0.141974179394001   0.259886953802822   0.0604750096450987   0.147825079971487   1
0.98884225930934   0.432228244392647   0.846868079915339   0.172341290589826   1
0.320165177257053   0.217198499231118   -0.668677082052287   -0.215029745161529   1
0.0905226884990166   0.208153262463917   -0.229642488758036   -0.00904523676720065   1
0.0785949817046228   0.214197445235488   -0.0119277067943938   0.00604418277157079   0
0.0854486739674759   0.201878827473165   0.00685369226285309   -0.012318617762323   0
0.0891326090856764   0.196600787496827   0.00368393511820045   -0.0052780399763383   0
0.0849433517566855   0.203906950268352   -0.00418925732899092   0.00730616277152465   0
0.105273457805565   0.191679856645456   0.0203301060488792   -0.0122270936228958   0
0.0825000004786667   0.192779994945462   -0.022773457326898   0.00110013830000658   0
0.0891844385055487   0.208588073859725   0.00668443802688205   0.0158080789142624   0
0.101161220986157   0.190982819634915   0.0119767824806078   -0.0176052542248097   0
0.0909730920609495   0.190571267993506   -0.010188128925207   -0.000411551641409519   0
0.0686326754493805   0.199973656730862   -0.022340416611569   0.00940238873735619   0
0.0962708514899499   0.202269196907636   0.0276381760405694   0.00229554017677422   0
0.107602703579789   0.190973413669423   0.0113318520898393   -0.0112957832382131   0
0.078593020303205   0.209346956012793   -0.0290096832765842   0.0183735423433707   0
0.103377025068823   0.194831977898015   0.0247840047656177   -0.0145149781147788   0
0.143228532052489   0.180896624325082   0.0398515069836664   -0.0139353535729323   0
0.0890878224886544   0.177546074453929   -0.0541407095638347   -0.00335054987115369   0
0.124020472997137   0.184011150031975   0.0349326505084827   0.00646507557804621   0
0.112358091721113   0.165554838723457   -0.0116623812760242   -0.0184563113085175   0
0.114125108429521   0.182378463616356   0.00176701670840849   0.0168236248928986   0
0.189622182460017   0.193892459152335   0.0754970740304957   0.0115139955359793   0
0.0949665405484479   0.214180782567881   -0.0946556419115692   0.0202883234155459   0
0.096127303176829   0.190025480247314   0.00116076262838111   -0.0241553023205667   0
0.0785929432320542   0.199662700275089   -0.0175343599447748   0.00963722002777445   0
0.0995471540797124   0.201041443155733   0.0209542108476582   0.00137874288064455   0
0.101622329611065   0.187964397808262   0.00207517553135289   -0.0130770453474717   0
0.0851420909949532   0.195840853240942   -0.016480238616112   0.00787645543267976   0
0.0944780409338593   0.192104672466764   0.00933594993890609   -0.00373618077417803   0
0.105166894970994   0.189653897965241   0.0106888540371343   -0.00245077450152262   0
0.10313652614176   0.189796490374664   -0.0020303688292333   0.000142592409423298   0
0.105351776501893   0.196664117815122   0.00221525036013309   0.00686762744045735   0
0.11478713319937   0.177186608374822   0.009435356697477   -0.0194775094402997   0
0.10087956208653   0.178832191144387   -0.0139075711128407   0.00164558276956497   0
0.103857662594967   0.187333166930712   0.00297810050843728   0.00850097578632514   0
0.129231057063153   0.166061870203104   0.0253733944681864   -0.0212712967276082   0
0.110623301134119   0.178163175315243   -0.0186077559290342   0.0121013051121391   0
0.114969522843621   0.180104639607812   0.00434622170950237   0.0019414642925695   0
0.114801947705255   0.162319725935952   -0.000167575138366918   -0.0177849136718606   0
0.110897539175944   0.164431233540962   -0.00390440852931072   0.00211150760501053   0
0.147905771257953   0.173659272833191   0.0370082320820094   0.00922803929222818   0
0.154324775929466   0.166395127358375   0.00641900467151307   -0.00726414547481505   0
0.166178231214674   0.159786697608288   0.0118534552852075   -0.00660842975008741   0
0.153562431812504   0.154016314584081   -0.0126157994021697   -0.0057703830242074   0
0.210445721316685   0.167033900016314   0.0568832895041812   0.0130175854322334   0
0.16813173688153   0.181875042686077   -0.0423139844351555   0.0148411426697634   0
0.158044444954576   0.199442981777531   -0.0100872919269539   0.0175679390914534   0
0.145424426413309   0.175107323479238   -0.0126200185412667   -0.0243356582982928   0
0.131458826428658   0.177967230455736   -0.0139655999846514   0.00285990697649793   0
0.134214732546841   0.179375270512862   0.00275590611818291   0.0014080400571263   0
0.140226344656701   0.175867521883412   0.00601161210986059   -0.00350774862945022   0
0.140682064653246   0.161028402604178   0.000455719996544285   -0.0148391192792341   0
0.154845957064206   0.183366883229695   0.0141638924109606   0.0223384806255168   0
0.143030590516916   0.181670468352874   -0.0118153665472906   -0.00169641487682096   0
0.119433409203548   0.172663061399313   -0.0235971813133678   -0.0090074069535605   0
0.145533437962208   0.169474500140648   0.0261000287586607   -0.00318856125866529   0
0.15127310646883   0.171591819836673   0.00573966850662158   0.00211731969602499   0
0.145670349068779   0.160338864958893   -0.00560275740005081   -0.01125295487778   0
0.12426583234827   0.170747719070397   -0.0214045167205091   0.0104088541115041   0
0.14674589803739   0.185818989238963   0.0224800656891196   0.0150712701685664   0
0.155216938004749   0.155365911320924   0.0084710399673589   -0.0304530779180394   0
0.152244763293613   0.171774931379462   -0.0029721747111352   0.0164090200585384   0
0.15728972111009   0.18506700540099   0.00504495781647685   0.0132920740215274   0
0.158249079226028   0.149133091974451   0.000959358115937392   -0.035933913426539   0
0.171471870423723   0.162408237978281   0.0132227911976951   0.0132751460038304   0
0.20614049302842   0.160943793600693   0.034668622604697   -0.00146444437758805   0
0.186684960336035   0.146626539943533   -0.0194555326923846   -0.01431725365716   0
0.196023395923293   0.154598583686179   0.00933843558725755   0.00797204374264596   0
0.204325148834694   0.154934662497131   0.00830175291140162   0.000336078810952267   0
0.196656378963791   0.146735113465634   -0.00766876987090356   -0.00819954903149722   0
0.189184249524676   0.129470927330984   -0.00747212943911474   -0.0172641861346498   0
0.2073916232757   0.14402368088443   0.0182073737510243   0.0145527535534453   0
0.203073668300866   0.152969723077877   -0.0043179549748347   0.00894604219344788   0
0.201775279873487   0.142163836133121   -0.00129838842737839   -0.010805886944756   0
0.202777803077654   0.147639362910683   0.00100252320416719   0.00547552677756208   0
0.223500068926477   0.177467666473431   0.0207222658488227   0.0298283035627477   0
0.229901992307614   0.158547727874164   0.00640192338113649   -0.018919938599267   0
0.198867520536361   0.161978064493144   -0.0310344717712525   0.00343033661897946   0
0.217134476783145   0.16443024432206   0.0182669562467836   0.00245217982891685   0
0.21274411829526   0.150516455844245   -0.00439035848788466   -0.0139137884778157   0
0.210115242255887   0.160802106384906   -0.0026288760393732   0.0102856505406608   0
0.217967486451011   0.141204782422949   0.00785224419512401   -0.0195973239619562   0
0.211226264640101   0.153388236438824   -0.0067412218109098   0.0121834540158743   0
0.226044627751628   0.14626665877712   0.014818363111527   -0.00712157766170363   0
0.215239901186676   0.137923558277085   -0.0108047265649522   -0.00834310050003501   0
0.223135265874962   0.161953135036104   0.00789536468828617   0.0240295767590188   0
0.219015652715462   0.147890982755762   -0.00411961315949974   -0.0140621522803422   0
0.21559435618485   0.144457371858587   -0.00342129653061221   -0.003433610897175   0
0.233319574753041   0.17474968942883   0.0177252185681911   0.0302923175702432   0
0.216993703380404   0.144399642221891   -0.0163258713726369   -0.0303500472069393   0
0.213963142713552   0.145004290215359   -0.00303056066685189   0.000604647993468266   0
0.244484187807249   0.145818755889983   0.0305210450936962   0.000814465674624371   0
0.223222374779979   0.144562805661666   -0.0212618130272691   -0.00125595022831756   0
0.250505323225136   0.142491178470993   0.0272829484451568   -0.00207162719067222   0
0.261683000321381   0.137882628382993   0.011177677096245   -0.00460855008800057   0
0.259348114287515   0.149579133419438   -0.00233488603386606   0.011696505036445   0
0.238022056948195   0.137828332626278   -0.0213260573393197   -0.0117508007931596   0
0.270066331675868   0.144678102230616   0.0320442747276727   0.00684976960433747   0
0.261962041237504   0.14404874340324   -0.00810429043836364   -0.000629358827375665   0
0.294140135512259   0.151155594704935   0.0321780942747544   0.00710685130169469   0
0.285034977528811   0.157955723176481   -0.00910515798344752   0.0068001284715459   0
0.265609314970014   0.16883766970985   -0.0194256625587975   0.0108819465333697   0
0.267640639992323   0.171533511546002   0.00203132502230868   0.00269584183615196   0
0.256689677052779   0.152455743211874   -0.0109509629395435   -0.0190777683341279   0
0.240328567459073   0.184152233378013   -0.0163611095937064   0.0316964901661381   0
0.272668667033911   0.15935096697558   0.0323400995748387   -0.0248012664024322   0
0.251442666208422   0.144242338206402   -0.0212260008254891   -0.0151086287691786   0
0.26427601238949   0.169462711896305   0.0128333461810681   0.025220373689903   0
0.265502024700943   0.15107064839422   0.00122601231145253   -0.0183920635020849   0
0.2451333352016   0.140191046408999   -0.0203686894993427   -0.0108796019852213   0
0.272409749535823   0.158344158901584   0.0272764143342233   0.0181531124925851   0
0.263093417794098   0.149313518498828   -0.00931633174172497   -0.00903064040275522   0
0.258986881388942   0.160947746319264   -0.00410653640515624   0.011634227820435   0
0.275582690707925   0.155869533615104   0.0165958093189831   -0.00507821270415959   0
0.274949257763046   0.147696637329697   -0.000633432944879109   -0.00817289628540704   0
0.262330769222179   0.15670069701584   -0.0126184885408674   0.00900405968614285   0
0.276676737924261   0.158084796692313   0.0143459687020819   0.00138409967647349   0
0.258217194672121   0.144948264847324   -0.0184595432521397   -0.0131365318449891   0
0.266490487040814   0.154473735373526   0.00827329236869262   0.00952547052620151   0
0.273993212860976   0.153656196739669   0.00750272582016231   -0.000817538633856141   0
0.261698403499314   0.151604251887109   -0.0122948093616614   -0.00205194485256041   0
0.274406149294599   0.153372478993136   0.012707745795285   0.00176822710602717   0
0.284171643062463   0.159298085952288   0.00976549376786379   0.0059256069591517   0
0.269150813808485   0.141511777765139   -0.0150208292539777   -0.0177863081871492   0
0.281170749578134   0.153242779680643   0.0120199357696489   0.011731001915504   0
0.281659346652122   0.153013969984614   0.000488597073987129   -0.000228809696028232   0
0.294393755715674   0.159004512073408   0.0127344090635526   0.00599054208879338   0
0.283303087475869   0.140504857223701   -0.0110906682398049   -0.0184996548497072   0
0.287750930224456   0.158253712432252   0.00444784274858728   0.0177488552085517   0
0.286111804293025   0.160735493619494   -0.0016391259314319   0.00248178118724204   0
0.549155045231636   0.269842068442362   0.263043240938611   0.109106574822868   1
1.11896044547964   0.234366408398393   0.569805400248007   -0.0354756600439689   1
0.342188978012691   0.361244042698703   -0.776771467466951   0.12687763430031   1
0.137525969716305   0.375567157302206   -0.204663008296386   0.0143231146035029   1
0.109647183441938   0.369500360311448   -0.0278787862743669   -0.00606679699075791   0
0.119129628651114   0.335996792459898   0.00948244520917635   -0.0335035678515498   0
0.10608415102639   0.346545994080256   -0.013045477624724   0.0105492016203572   0
0.149427967394862   0.300291382570367   0.0433438163684718   -0.0462546115098885   0
0.116348472663289   0.322346935379429   -0.0330794947315737   0.0220555528090623   0
0.133837816364621   0.330144572289459   0.0174893437013325   0.00779763691002994   0
0.177793714280827   0.298708386948161   0.0439558979162065   -0.0314361853412978   0
0.160951103014829   0.314429793715151   -0.0168426112659988   0.0157214067669897   0
0.141008189944806   0.325342128351125   -0.019942913070023   0.0109123346359741   0
0.155402948850014   0.318491974142163   0.0143947589052081   -0.00685015420896179   0
0.167273870764493   0.300801466042974   0.0118709219144795   -0.0176905080991893   0
0.116404990335681   0.322176431606333   -0.0508688804288122   0.0213749655633586   0
0.139867818248431   0.312287259446395   0.0234628279127498   -0.00988917215993779   0
0.148454208320613   0.303470321916843   0.00858639007218223   -0.00881693752955165   0
0.140676213026581   0.317893404744189   -0.00777799529403209   0.0144230828273453   0
0.133220755112032   0.328810460642982   -0.00745545791454902   0.0109170558987934   0
0.170210429505356   0.307145371863801   0.0369896743933235   -0.0216650887791811   0
0.146465292008918   0.315312084622299   -0.0237451374964376   0.00816671275849845   0
0.126615459510677   0.331667526193872   -0.0198498324982405   0.0163554415715722   0
0.179908512215876   0.296617235876626   0.0532930527051985   -0.0350502903172455   0
0.141288535746889   0.296236824542413   -0.0386199764689868   -0.000380411334212793   0
0.139746834733278   0.289098935029468   -0.00154170101361165   -0.00713788951294525   0
0.140687182723552   0.293863346303044   0.00094034799027401   0.00476441127357558   0
0.107789992435569   0.308392162524313   -0.0328971902879827   0.0145288162212698   0
0.145445692168589   0.289885525095895   0.0376556997330203   -0.0185066374284187   0
0.154908970274449   0.312220121292531   0.00946327810585942   0.022334596196636   0
0.106468682168889   0.344070569515339   -0.0484402881055591   0.0318504482228088   0
0.13012963680999   0.339532152570744   0.0236609546411009   -0.00453841694459545   0
0.144681081331043   0.321847648518032   0.0145514445210531   -0.0176845040527116   0
0.120905876329193   0.356037400754457   -0.0237752050018509   0.0341897522364245   0
0.18787852407469   0.309058559594877   0.066972647745497   -0.04697884115958   0
0.142530365651288   0.324068937449679   -0.045348158423401   0.0150103778548017   0
0.150238235046875   0.323221376150159   0.00770786939558632   -0.000847561299519628   0
0.157210711391177   0.32007431494824   0.00697247634430237   -0.00314706120191904   0
0.141338749872673   0.322976086170982   -0.0158719615185043   0.00290177122274216   0
0.150938398119961   0.328268482874882   0.00959964824728859   0.0052923967039003   0
0.1680444552636   0.313969491559414   0.0171060571436383   -0.0142989913154679   0
0.153085431656477   0.326949298822656   -0.0149590236071225   0.0129798072632415   0
0.142071660672845   0.319001473291896   -0.0110137709836324   -0.00794782553076029   0
0.165252260710255   0.317271799392902   0.0231806000374098   -0.00172967389899342   0
0.167266473132424   0.315227545933366   0.00201421242216943   -0.00204425345953596   0
0.151510761648967   0.313443972791789   -0.0157557114834575   -0.00178357314157696   0
0.155107904233827   0.333444939989232   0.00359714258486019   0.0200009671974427   0
0.175291656921429   0.305222889057198   0.0201837526876022   -0.0282220509320341   0
0.149977514608757   0.322219092363911   -0.0253141423126718   0.016996203306713   0
0.186263338934343   0.319376565059449   0.0362858243255859   -0.00284252730446177   0
0.15588357549046   0.324633759066952   -0.030379763443883   0.00525719400750313   0
0.150029420162313   0.310844662884732   -0.0058541553281467   -0.0137890961822205   0
0.141065142112749   0.326626205177911   -0.00896427804956473   0.0157815422931789   0
0.151124391216673   0.313299143284274   0.0100592491039241   -0.0133270618936366   0
0.170253329614343   0.310324227205068   0.0191289383976697   -0.00297491607920619   0
0.119577142608192   0.318251032265023   -0.0506761870061502   0.00792680505995491   0
0.114282809431253   0.333511380764769   -0.00529433317693988   0.0152603484997459   0
0.148079394996738   0.322412571888648   0.0337965855654856   -0.0110988088761208   0
0.125583068862208   0.341739496525658   -0.0224963261345305   0.0193269246370099   0
0.115128013183456   0.34991484398529   -0.0104550556787518   0.00817534745963244   0
0.160981484437   0.340180517153279   0.0458534712535439   -0.00973432683201098   0
0.142591450348224   0.326559904585763   -0.0183900340887759   -0.0136206125675164   0
0.140198555700121   0.339538528730526   -0.00239289464810266   0.0129786241447628   0
