0.0731962781440423   0.120622163622912   0   0   0
0.0688569817855822   0.101037210233359   -0.00433929635846007   -0.0195849533895527   0
0.0674955583535865   0.0883290509001569   -0.00136142343199572   -0.0127081593332022   0
0.0526330833307341   0.0941873703068118   -0.0148624750228524   0.00585831940665497   0
0.065111451989723   0.0773519225969006   0.0124783686589889   -0.0168354477099112   0
0.0505294870100261   0.0806802422108567   -0.0145819649796968   0.00332831961395609   0
0.0476684395705377   0.0937079588885197   -0.00286104743948849   0.013027716677663   0
0.0320762985819327   0.0938048832634128   -0.0155921409886049   9.6924374893087e-05   0
0.0380317489412057   0.0929921004204658   0.00595545035927295   -0.000812782842946974   0
0.0603431623774098   0.0817038873920482   0.0223114134362041   -0.0112882130284176   0
0.0219342401331799   0.0971435109516843   -0.0384089222442298   0.015439623559636   0
0.0230542144406289   0.0721514651930229   0.00111997430744895   -0.0249920457586613   0
0.0448533419576524   0.0573315461356791   0.0217991275170235   -0.0148199190573439   0
0.0418101716667906   0.054249983800804   -0.00304317029086178   -0.00308156233487505   0
0.0554195797987498   0.0310814177782723   0.0136094081319592   -0.0231685660225318   0
0.0713300629791535   0.0442308060295336   0.0159104831804036   0.0131493882512613   0
0.0568554975090886   0.0534833911489296   -0.0144745654700648   0.00925258511939599   0
0.0394776673255006   0.0520870564878166   -0.017377830183588   -0.00139633466111296   0
0.05477201366291   0.0344646413797532   0.0152943463374094   -0.0176224151080634   0
0.0579372693775777   0.0329883126242447   0.00316525571466767   -0.00147632875550858   0
0.0506886744171713   0.0245386613237219   -0.00724859496040634   -0.00844965130052277   0
0.0460831368945301   0.0367303953620499   -0.00460553752264124   0.012191734038328   0
0.0443093815235826   0.0364851211386933   -0.00177375537094752   -0.000245274223356635   0
0.0360488838579726   0.04419620858029   -0.00826049766560993   0.0077110874415967   0
0.0544055580110158   0.0228905231731933   0.0183566741530431   -0.0213056854070967   0
0.0428540688753122   0.0415197222994386   -0.0115514891357036   0.0186291991262453   0
0.0565907225485768   0.0405716187606866   0.0137366536732646   -0.000948103538751979   0
0.0535946348148768   0.0302925236486249   -0.00299608773370005   -0.0102790951120617   0
0.0396366240247274   0.0555357213549531   -0.0139580107901493   0.0252431977063282   0
0.0413192904248125   0.0594777703463655   0.00168266640008504   0.00394204899141239   0
0.0652296633088812   0.0347449024179807   0.0239103728840687   -0.0247328679283849   0
0.0505944131591622   0.0594777703463655   -0.014635250149719   0.0247328679283849   0
0.0489388354639748   0.0525238987125147   -0.00165557769518734   -0.00695387163385087   0
0.0389954911559016   0.0561593229347319   -0.00994334430807322   0.00363542422221718   0
0.0563537689207208   0.045365762795885   0.0173582777648192   -0.0107935601388469   0
0.0662151267972055   0.0536483495718647   0.00986135787648466   0.00828258677597978   0
0.0791848450968366   0.0495929153810804   0.0129697182996311   -0.00405543419078436   0
0.0749270745686097   0.0555372261229799   -0.00425777052822683   0.0059443107418995   0
0.0754293612312871   0.052051294997483   0.00050228666267739   -0.00348593112549687   0
0.0886931806579288   0.0541349391077749   0.0132638194266417   0.00208364411029192   0
0.0820693548111596   0.0521320156059115   -0.00662382584676929   -0.00200292350186343   0
0.0864506435282584   0.0421525024636438   0.00438128871709882   -0.00997951314226767   0
0.105959307715651   0.033508546856507   0.0195086641873925   -0.00864395560713684   0
0.102712552827101   0.0285695354697097   -0.00324675488854996   -0.00493901138679731   0
0.0963524317050172   0.0322546381579491   -0.00636012112208377   0.00368510268823939   0
0.0950117526639205   0.035280506400348   -0.00134067904109669   0.00302586824239897   0
0.108781715295586   0.0443618705099323   0.0137699626316658   0.00908136410958424   0
0.10564468968997   0.0391985014090144   -0.00313702560561657   -0.00516336910091793   0
0.0981896563076274   0.0513972229833724   -0.00745503338234231   0.012198721574358   0
0.101850106258266   0.0500678495555281   0.0036604499506382   -0.00132937342784421   0
0.0983498347499374   0.048123709892474   -0.0035002715083282   -0.00194413966305414   0
0.0995597741084721   0.0492993335846693   0.00120993935853468   0.00117562369219527   0
0.103755259407656   0.0565810605446292   0.00419548529918394   0.00728172695995997   0
0.102851476868201   0.0471184499883273   -0.0009037825394555   -0.00946261055630196   0
0.0903911041159472   0.0531471189439983   -0.0124603727522534   0.00602866895567097   0
0.112444329490686   0.0510258443867909   0.022053225374739   -0.00212127455720738   0
0.110093308786547   0.0458610749532215   -0.0023510207041391   -0.0051647694335694   0
0.0998098376859716   0.0463786161114228   -0.0102834711005755   0.000517541158201289   0
0.118768702833827   0.0420976474246186   0.0189588651478557   -0.00428096868680414   0
0.102292123080177   0.0456155324529455   -0.0164765797536508   0.00351788502832686   0
0.107381810763509   0.0470321241375243   0.00508968768333212   0.00141659168457884   0
0.102132316932399   0.0493240739225026   -0.00524949383110972   0.00229194978497824   0
0.0892476133587896   0.0502977292687791   -0.0128847035736094   0.000973655346276546   0
0.10705978144817   0.049324160649194   0.0178121680893808   -0.000973568619585106   0
0.117687860787891   0.050885748134571   0.0106280793397206   0.00156158748537702   0
0.11150452369088   0.0538267818141908   -0.00618333709701104   0.00294103367961975   0
0.111034827603595   0.0527077500176919   -0.000469696087285185   -0.00111903179649891   0
0.091325084088984   0.05704934920365   -0.0197097435146107   0.00434159918595811   0
0.102570835932052   0.0565627469854939   0.0112457518430683   -0.000486602218156086   0
0.103189196416534   0.0518757868542251   0.000618360484481509   -0.00468696013126876   0
0.0873345726186944   0.0479970218503711   -0.0158546237978395   -0.00387876500385407   0
0.0921576981916324   0.0470256572851725   0.00482312557293799   -0.000971364565198557   0
0.0946053217022678   0.036821889182803   0.00244762351063543   -0.0102037681023695   0
0.0905113544974883   0.0380221042610545   -0.00409396720477948   0.00120021507825151   0
0.0848096481425315   0.0440906461325415   -0.0057017063549568   0.00606854187148701   0
0.106935187902393   0.0390075447161507   0.022125539759861   -0.00508310141639078   0
0.0998328537691876   0.044167429754628   -0.00710233413320492   0.00515988503847727   0
0.0828007908369238   0.0661087434954901   -0.0170320629322639   0.0219413137408621   0
0.103023576669857   0.0506135807452901   0.0202227858329337   -0.0154951627502   0
0.112530444316194   0.0539890164453151   0.00950686764633638   0.00337543570002496   0
0.0750267904408152   0.074677457992506   -0.0375036538753786   0.020688441547191   0
0.10337660324053   0.0489844766631991   0.028349812799715   -0.0256929813293069   0
0.101892761183266   0.0447962109047462   -0.00148384205726459   -0.00418826575845295   0
0.0846990178046357   0.0508005699205543   -0.0171937433786299   0.00600435901580811   0
0.0920772685763973   0.0450707273297799   0.00737825077176155   -0.00572984259077439   0
0.095591160256009   0.0479227035070279   0.00351389167961173   0.00285197617724796   0
0.0814693597479445   0.0672700312829755   -0.0141218005080645   0.0193473277759476   0
0.0645376287364976   0.0665837919219085   -0.0169317310114469   -0.000686239361067043   0
0.0898232119299349   0.0464940379928706   0.0252855831934373   -0.0200897539290378   0
0.0820614882651418   0.0668113047292896   -0.00776172366479312   0.020317266736419   0
0.0857846474752913   0.0582936541834744   0.00372315921014953   -0.00851765054581527   0
0.101762797040421   0.0547565234196575   0.0159781495651301   -0.00353713076381688   0
0.100454552892639   0.0624378658473118   -0.00130824414778245   0.00768134242765427   0
0.100625551145522   0.0613821097703761   0.00017099825288272   -0.00105575607693568   0
0.117281203009775   0.0615458958610564   0.0166556518642531   0.000163786090680317   0
0.0969401972476846   0.0639144251950411   -0.0203410057620901   0.00236852933398466   0
0.0972830949590421   0.0687488299584982   0.000342897711357454   0.00483440476345713   0
0.115148765919787   0.0692782771807657   0.0178656709607453   0.000529447222267485   0
0.0901560467794035   0.0657292114463197   -0.0249927191403839   -0.00354906573444601   0
0.0878349411376247   0.0666982460049925   -0.0023211056417788   0.000969034558672838   0
0.116243943232239   0.0686179931981765   0.0284090020946142   0.00191974719318401   0
0.100398303585569   0.0641093119626548   -0.0158456396466704   -0.00450868123552167   0
0.0939861787554958   0.0586948052698661   -0.00641212483007286   -0.00541450669278875   0
0.105994217360288   0.0522537587951575   0.0120080386047924   -0.0064410464747086   0
0.0932590723945397   0.0510408260174392   -0.0127351449657484   -0.00121293277771828   0
0.106543916483486   0.0602863581417264   0.0132848440889461   0.00924553212428717   0
0.0906521371616798   0.0613523598453637   -0.015891779321806   0.00106600170363735   0
0.0820256199159141   0.0710354763524712   -0.00862651724576569   0.0096831165071075   0
0.097412187241125   0.0656462253244046   0.015386567325211   -0.00538925102806663   0
0.0949863650486742   0.0678188968729402   -0.00242582219245081   0.00217267154853561   0
0.0809600982443203   0.0656831886018378   -0.0140262668043539   -0.00213570827110236   0
0.0925187817785665   0.073063093677742   0.0115586835342461   0.00737990507590414   0
0.0993125155303197   0.0699055945916527   0.00679373375175327   -0.00315749908608931   0
0.0791276905168475   0.0678719947312034   -0.0201848250134722   -0.00203359986044928   0
0.0773143476074784   0.0682750301237026   -0.00181334290936912   0.000403035392499224   0
0.0983763094307771   0.0633128377286155   0.0210619618232987   -0.00496219239508711   0
0.0885094456537267   0.0642811515073626   -0.00986686377705039   0.000968313778747051   0
0.0417189935631674   0.0955786440554191   -0.0467904520905593   0.0312974925480565   0
0.0820759142976184   0.0715009865847493   0.040356920734451   -0.0240776574706698   0
0.0508345277988308   0.0870759300075084   -0.0312413864987876   0.0155749434227591   0
0.0561769850470813   0.0846794470167496   0.00534245724825055   -0.0023964829907588   0
0.103032823508045   0.0650692409085506   0.0468558384609639   -0.0196102061081989   0
0.0851741829841649   0.0665769217979453   -0.0178586405238804   0.00150768088939467   0
0.0896032981282497   0.069244723583604   0.00442911514408487   0.0026678017856587   0
0.0945757409143063   0.0694140686665895   0.00497244278605662   0.000169345082985467   0
0.0600072960986779   0.0741391129035477   -0.0345684448156285   0.00472504423695827   0
0.0696462937599698   0.0719405381498366   0.00963899766129188   -0.00219857475371112   0
0.0923006283628123   0.0526963443317466   0.0226543346028426   -0.01924419381809   0
0.0720103224481046   0.0504231946312758   -0.0202903059147077   -0.00227314970047073   0
0.0954320209578525   0.0496723104098501   0.0234216985097479   -0.000750884221425767   0
0.0649418099570192   0.0560556507082248   -0.0304902110008333   0.00638334029837469   0
0.086524349564559   0.0515726806073235   0.0215825396075398   -0.00448297010090129   0
0.065969693045898   0.0573263799103432   -0.020554656518661   0.00575369930301972   0
0.0658804675233107   0.0576851615407723   -8.92255225872357e-05   0.000358781630429135   0
0.0877779446369645   0.0459931521958009   0.0218974771136537   -0.0116920093449715   0
0.0750219811551921   0.0493080524580174   -0.0127559634817724   0.00331490026221659   0
0.0586523832225938   0.0572006194079444   -0.0163695979325983   0.00789256694992691   0
0.103571291020002   0.0450962228110581   0.0449189077974085   -0.0121043965968862   0
0.0923674674682596   0.0482321032318735   -0.0112038235517426   0.00313588042081535   0
0.0722780438269465   0.0584558150805803   -0.0200894236413131   0.0102237118487068   0
0.0861996290369628   0.0570244180630552   0.0139215852100163   -0.00143139701752507   0
0.0867897539126019   0.0613353801111153   0.000590124875639114   0.00431096204806008   0
0.0643315613764348   0.0594268677344053   -0.0224581925361671   -0.00190851237671003   0
0.0923502734409595   0.0569612328482559   0.0280187120645247   -0.00246563488614939   0
0.0699828629718019   0.0663239513883371   -0.0223674104691577   0.00936271854008119   0
0.0869509538093171   0.0694898131359194   0.0169680908375152   0.00316586174758235   0
0.110263023345635   0.0529928882615189   0.0233120695363176   -0.0164969248744006   0
0.0887908187961458   0.0608314661118939   -0.021472204549489   0.00783857785037507   0
0.0955131294645401   0.0660057390836017   0.00672231066839429   0.00517427297170775   0
0.0756133052600533   0.0648996492679986   -0.0198998242044868   -0.00110608981560312   0
0.0217835682567159   0.0864017608649015   -0.0538297370033374   0.0215021115969029   0
0.0233855302512045   0.0956723720454996   0.00160196199448859   0.00927061118059812   0
0.056518251299735   0.0870577587696812   0.0331327210485305   -0.00861461327581843   0
0.0322412353938307   0.118305574664986   -0.0242770159059044   0.0312478158953045   0
0.0314737480289924   0.124316118386002   -0.000767487364838323   0.00601054372101646   0
0.0638501152832162   0.10083926812786   0.0323763672542239   -0.0234768502581418   0
0.0231908816860765   0.13362187282946   -0.0406592335971397   0.0327826047016002   0
0.0452388135499816   0.120311097966117   0.0220479318639051   -0.0133107748633439   0
0.0705903375791348   0.101423253277543   0.0253515240291532   -0.0188878446885736   0
0.0280177112086712   0.112442367714632   -0.0425726263704636   0.011019114437089   0
0.149906529472101   0.229881250805307   0.12188881826343   0.117438883090675   0
0.92502212987974   0.500477633623382   0.775115600407638   0.270596382818075   1
0.504582855575018   0.372240642976032   -0.420439274304721   -0.12823699064735   1
0.458778257688003   0.311671068347709   -0.0458045978870152   -0.060569574628323   0
0.443952030191056   0.293596697188609   -0.0148262274969476   -0.0180743711590999   0
0.349932546056822   0.234230295545452   -0.0940194841342335   -0.059366401643157   0
0.342153132946653   0.2146087885894   -0.00777941311016916   -0.0196215069560519   0
0.34176258863404   0.204057136360898   -0.000390544312612984   -0.0105516522285028   0
0.313609252169702   0.183054164767727   -0.0281533364643376   -0.0210029715931711   0
0.301831121278522   0.143691379303214   -0.0117781308911802   -0.039362785464513   0
0.291558296126607   0.155900746896062   -0.0102728251519157   0.0122093675928485   0
0.280836179648278   0.146070574249231   -0.0107221164783283   -0.00983017264683142   0
0.314662909572832   0.155400140587332   0.0338267299245534   0.00932956633810123   0
0.306911249639387   0.13915758558936   -0.00775165993344484   -0.0162425549979721   0
0.288260986905547   0.141726317315945   -0.0186502627338396   0.00256873172658542   0
0.275714687773593   0.102466069889086   -0.0125462991319539   -0.0392602474268595   0
0.252318024348163   0.121226684067381   -0.0233966634254305   0.0187606141782948   0
0.250605470323295   0.119874206451346   -0.00171255402486747   -0.00135247761603424   0
0.260145517115402   0.129183387247442   0.00954004679210696   0.00930918079609544   0
0.21923090002096   0.124780031729841   -0.0409146170944425   -0.00440335551760127   0
0.242235950171006   0.134723093539016   0.0230050501500461   0.00994306180917565   0
0.230444221969135   0.12932603831005   -0.0117917282018707   -0.00539705522896625   0
0.235528500382947   0.130963299600394   0.00508427841381218   0.00163726129034389   0
0.255519777182433   0.140215680638695   0.0199912767994853   0.00925238103830117   0
0.229692484340455   0.141555922330973   -0.0258272928419779   0.00134024169227817   0
0.206885837041205   0.142063442703331   -0.0228066472992497   0.000507520372357489   0
0.22731211321839   0.175300603686133   0.0204262761771847   0.0332371609828019   0
0.181197131486152   0.173087158765779   -0.0461149817322372   -0.00221344492035347   0
0.161244894508322   0.179201554258745   -0.0199522369778301   0.00611439549296616   0
0.190451935312929   0.217463455938004   0.0292070408046064   0.0382619016792583   0
0.171097802463065   0.224332648556781   -0.0193541328498637   0.00686919261877697   0
0.173464396948452   0.223597286595231   0.00236659448538665   -0.000735361961549247   0
0.184854261086511   0.221767629597965   0.0113898641380595   -0.00182965699726675   0
0.131736636968916   0.200217495376278   -0.053117624117595   -0.0215501342216863   0
0.149946214725047   0.22355806098808   0.0182095777561312   0.0233405656118015   0
0.162287844270112   0.241008845882262   0.0123416295450643   0.0174507848941824   0
0.130600794412362   0.22416670313965   -0.0316870498577498   -0.016842142742612   0
0.137885909500609   0.231571901099313   0.00728511508824667   0.00740519795966291   0
0.147309218177003   0.219584484609569   0.00942330867639493   -0.0119874164897441   0
0.151211336565649   0.222231377371648   0.00390211838864563   0.00264689276207944   0
0.180242543255609   0.226838125467259   0.0290312066899597   0.00460674809561079   0
0.142197578035106   0.202866752654298   -0.038044965220503   -0.0239713728129615   0
0.137783919507212   0.233934649405555   -0.00441365852789335   0.0310678967512575   0
0.156071753158411   0.252709772573203   0.0182878336511987   0.0187751231676478   0
0.117459227404576   0.21737752585479   -0.0386125257538347   -0.0353322467184127   0
0.114472368113445   0.237310344550127   -0.00298685929113167   0.0199328186953367   0
0.117929323569882   0.237418384674608   0.00345695545643757   0.000108040124480707   0
0.116921434609912   0.229574847484432   -0.00100788895997002   -0.00784353719017611   0
0.120324015007271   0.236294741085683   0.00340258039735879   0.0067198936012515   0
0.116328764423766   0.224898893022509   -0.00399525058350529   -0.011395848063174   0
0.126818869079802   0.233077530464114   0.0104901046560364   0.00817863744160491   0
0.13994431349051   0.235046144879575   0.0131254444107073   0.00196861441546062   0
0.104568836591461   0.227720981410914   -0.0353754768990489   -0.00732516346866027   0
0.106219252919508   0.225475108645056   0.0016504163280473   -0.00224587276585794   0
0.111339189780806   0.239075450639542   0.00511993686129851   0.0136003419944854   0
0.125095608858145   0.2146477745057   0.0137564190773389   -0.0244276761338415   0
0.14515700662307   0.227220998027801   0.0200613977649247   0.0125732235221007   0
0.148778685607045   0.241674176846638   0.00362167898397514   0.0144531788188368   0
0.125303030997698   0.244142611750796   -0.0234756546093474   0.0024684349041583   0
0.126567228472658   0.248425877792049   0.0012641974749602   0.0042832660412527   0
0.117723241731699   0.258558760629958   -0.0088439867409591   0.0101328828379093   0
0.10587834507296   0.239940162518179   -0.0118448966587383   -0.0186185981117795   0
0.14591554242866   0.286512097897279   0.0400371973556992   0.0465719353791003   0
0.126011908447297   0.24917568465392   -0.0199036339813626   -0.0373364132433586   0
0.1240682580481   0.257634150089812   -0.00194365039919689   0.00845846543589202   0
0.12441388910608   0.272186783249114   0.000345631057979842   0.0145526331593012   0
0.109771475088704   0.258812878322351   -0.0146424140173759   -0.0133739049267628   0
0.134169654248977   0.264649025931516   0.0243981791602727   0.00583614760916468   0
0.137278583346639   0.264623370026629   0.00310892909766172   -2.56559048869565e-05   0
0.118019489590406   0.276076334408167   -0.0192590937562324   0.0114529643815383   0
0.128417395059431   0.28212115032996   0.0103979054690249   0.00604481592179329   0
0.141840426603067   0.283111068053247   0.0134230315436358   0.000989917723286327   0
0.113689770876979   0.261871115554007   -0.0281506557260878   -0.0212399524992397   0
0.136700916243491   0.281030210620673   0.0230111453665121   0.0191590950666665   0
0.140035893458392   0.278841918303633   0.00333497721490036   -0.00218829231704021   0
0.124836542029728   0.280122091473075   -0.0151993514286638   0.00128017316944229   0
0.126368279094716   0.292923290693144   0.00153173706498806   0.0128011992200684   0
0.124750405645353   0.284173550110667   -0.00161787344936337   -0.00874974058247635   0
0.114056680022697   0.276866161839073   -0.010693725622655   -0.007307388271594   0
0.137149242088063   0.291755431175668   0.0230925620653651   0.0148892693365947   0
0.139215942068357   0.281343161515435   0.00206669998029396   -0.0104122696602334   0
0.115937843897538   0.281803272293811   -0.0232780981708181   0.000460110778376654   0
0.130440454528072   0.293186806164602   0.0145026106305334   0.0113835338707908   0
0.143231593629792   0.303537019909434   0.0127911391017205   0.0103502137448316   0
0.14293428864947   0.302975174209043   -0.00029730498032246   -0.000561845700390695   0
0.117183681743663   0.28317997093059   -0.0257506069058074   -0.0197952032784527   0
0.127668552264604   0.30549887898485   0.0104848705209417   0.0223189080542596   0
0.139711606980988   0.308331937750535   0.0120430547163835   0.0028330587656854   0
0.119372455359685   0.306969394326617   -0.0203391516213028   -0.00136254342391851   0
0.117695519647988   0.291711028716777   -0.00167693571169673   -0.0152583656098404   0
0.360032804324328   0.538187396049694   0.24233728467634   0.246476367332917   1
0.78093786136847   0.309572238539089   0.420905057044142   -0.228615157510605   1
0.494424864393216   0.400701062694264   -0.286512996975254   0.0911288241551751   1
0.351100720251326   0.365816706271887   -0.14332414414189   -0.0348843564223767   0
0.30459090598703   0.358542947504549   -0.0465098142642958   -0.00727375876733793   0
0.28772687442434   0.339551458585105   -0.0168640315626902   -0.018991488919444   0
0.286903304928681   0.336844663490458   -0.000823569495658649   -0.00270679509464716   0
0.279424982034535   0.333730093608132   -0.0074783228941469   -0.00311456988232622   0
0.280112613787741   0.334840685710212   0.00068763175320613   0.00111059210208009   0
0.279490023460588   0.334930323008044   -0.000622590327152783   8.96372978316795e-05   0
0.276949549010285   0.334425953485387   -0.00254047445030336   -0.000504369522657033   0
0.27568769657531   0.331420273074178   -0.0012618524349749   -0.00300568041120902   0
0.283152839989289   0.321956691088044   0.00746514341397952   -0.00946358198613317   0
0.274119259859646   0.317749729262426   -0.00903358012964339   -0.00420696182561858   0
0.273761611160148   0.321311751121781   -0.000357648699497948   0.00356202185935461   0
0.248021002423666   0.33199441669309   -0.0257406087364821   0.0106826655713094   0
0.268162319043896   0.326224181819092   0.0201413166202298   -0.00577023487399775   0
0.286145522993109   0.329684486493617   0.0179832039492137   0.00346030467452496   0
0.248025167463082   0.334937208600411   -0.038120355530027   0.00525272210679356   0
0.257258487505252   0.318940832693405   0.00923332004216998   -0.0159963759070058   0
0.265347724883783   0.332578256081636   0.00808923737853118   0.0136374233882315   0
0.26650915866814   0.310685417492518   0.00116143378435696   -0.0218928385891188   0
0.247592469732522   0.303221084327096   -0.018916688935618   -0.00746433316542139   0
0.264367336518716   0.319019286402484   0.0167748667861936   0.0157982020753876   0
0.268767639110441   0.330209621619737   0.00440030259172458   0.0111903352172533   0
0.260475790908196   0.331523950709447   -0.00829184820224499   0.00131432908971008   0
0.290736057395707   0.340875475990559   0.0302602664875117   0.00935152528111155   0
0.287886887556554   0.339540631657744   -0.00284916983915318   -0.0013348443328145   0
0.270390251448088   0.334085519845653   -0.0174966361084666   -0.00545511181209157   0
0.28175856009889   0.341430914168591   0.0113683086508028   0.00734539432293863   0
0.290742914287451   0.347645091671449   0.00898435418856047   0.00621417750285747   0
0.273675881290698   0.338976677187015   -0.0170670329967533   -0.00866841448443351   0
0.289871273197259   0.340938561549218   0.0161953919065615   0.00196188436220285   0
0.291611637211206   0.340890776732445   0.00174036401394689   -4.77848167726447e-05   0
0.282208261769938   0.344671211063892   -0.00940337544126768   0.00378043433144659   0
0.274405315291158   0.342822981039049   -0.00780294647877999   -0.0018482300248433   0
0.28621335992034   0.336531017105779   0.0118080446291815   -0.00629196393326997   0
0.259714772417743   0.330582193842167   -0.0264985875025969   -0.00594882326361196   0
0.271027648512546   0.333353316876314   0.0113128760948027   0.00277112303414678   0
0.259115707667231   0.33565170893949   -0.0119119408453146   0.00229839206317617   0
0.254023427930201   0.342052663306402   -0.00509227973703019   0.00640095436691174   0
0.262007688125769   0.349642737269774   0.00798426019556764   0.00759007396337213   0
0.268056258069104   0.356871639254144   0.00604856994333525   0.00722890198437048   0
0.25249932617423   0.362780527386563   -0.0155569318948742   0.00590888813241841   0
0.263872060591947   0.366487144389131   0.0113727344177171   0.0037066170025688   0
0.262915492525716   0.362887190059697   -0.000956568066230346   -0.00359995432943461   0
0.237606089269614   0.364859554833007   -0.0253094032561018   0.0019723647733102   0
0.245940038694069   0.383692494892069   0.00833394942445417   0.0188329400590616   0
0.264753382774536   0.39393893255459   0.0188133440804674   0.0102464376625216   0
0.237791747758411   0.386082294966695   -0.0269616350161246   -0.0078566375878954   0
0.242762013045699   0.387966551280519   0.00497026528728725   0.00188425631382466   0
0.249539100711712   0.4090683100333   0.0067770876660134   0.0211017587527805   0
0.234319213327055   0.412295284923003   -0.0152198873846569   0.0032269748897028   0
0.242409527112694   0.409643857417455   0.00809031378563896   -0.00265142750554753   0
0.248924625334658   0.428608868219079   0.00651509822196414   0.0189650108016239   0
0.25567707135369   0.43901174830322   0.00675244601903194   0.0104028800841411   0
0.211740214797969   0.422441274492707   -0.0439368565557213   -0.0165704738105134   0
0.232206811558145   0.428891776494677   0.0204665967601764   0.00645050200197012   0
0.230937081520054   0.415753507780394   -0.00126973003809144   -0.0131382687142825   0
0.224775402369031   0.424375106499474   -0.00616167915102239   0.00862159871907969   0
0.240486645138561   0.417148351110321   0.0157112427695292   -0.00722675538915274   0
