0.201122634469072   0.0651525848848302   0   0   0
0.197178989472129   0.0602010853738535   -0.003943644996943   -0.00495149951097663   0
0.179428317289914   0.0522466030853203   -0.0177506721822152   -0.00795448228853322   0
0.177329370373805   0.0684850611152717   -0.00209894691610918   0.0162384580299514   0
0.198209456735646   0.0886141982545263   0.0208800863618415   0.0201291371392547   0
0.192261119742006   0.0871920984318247   -0.00594833699364009   -0.00142209982270168   0
0.151583989413328   0.0705113328589455   -0.0406771303286779   -0.0166807655728792   0
0.169843941256937   0.0842413137861999   0.0182599518436092   0.0137299809272545   0
0.160672204282446   0.0699234592529217   -0.00917173697449158   -0.0143178545332783   0
0.138573264174768   0.0452309363532306   -0.0220989401076779   -0.024692522899691   0
0.117193679202805   0.0435639898048262   -0.0213795849719627   -0.00166694654840444   0
0.144295654990024   0.0469502703912874   0.0271019757872187   0.00338628058646123   0
0.139596809850727   0.0399254002283321   -0.00469884513929697   -0.00702487016295533   0
0.0945260495612717   0.0375236238789646   -0.0450707602894552   -0.00240177634936752   0
0.0882369467979259   0.0345079518130242   -0.00628910276334584   -0.00301567206594038   0
0.126544029420356   0.0265691051219269   0.0383070826224304   -0.00793884669109735   0
0.101987146914158   0.0285728826628501   -0.0245568825061986   0.00200377754092325   0
0.0905798332840705   0.030391048779616   -0.0114073136300873   0.00181816611676591   0
0.0932192608475845   0.0315003650630433   0.00263942756351401   0.00110931628342731   0
0.108683911048968   0.0287048998565232   0.0154646502013836   -0.00279546520652013   0
0.0759529803818784   0.0241983749729708   -0.0327309306670897   -0.00450652488355238   0
0.0857659387361323   0.0291255837094298   0.00981295835425394   0.00492720873645895   0
0.104573247484335   0.0387619028518983   0.0188073087482028   0.00963631914246852   0
0.102595212486597   0.00674122176518917   -0.00197803499773808   -0.0320206810867091   0
0.122312188430262   0.034579522558562   0.0197169759436653   0.0278383007933728   0
0.127680431596937   0.0417592303849999   0.00536824316667422   0.00717970782643788   0
0.135276338140563   0.022055832202948   0.00759590654362666   -0.0197033981820519   0
0.0940920823868831   0.0309945674674208   -0.0411842557536801   0.00893873526447276   0
0.122716743529479   0.0367371538740537   0.0286246611425962   0.00574258640663291   0
0.124974512951441   0.0279736626843934   0.00225776942196212   -0.00876349118966029   0
0.103584733370608   0.0191740196175711   -0.0213897795808332   -0.00879964306682236   0
0.129122093144318   0.0279217669005294   0.02553735977371   0.00874774728295835   0
0.114869489679723   0.0309492979837221   -0.0142526034645952   0.00302753108319269   0
0.0999143871419927   0.0400826162644384   -0.0149551025377303   0.00913331828071633   0
0.10356939407827   0.0180412616630053   0.00365500693627731   -0.0220413546014331   0
0.133648953110228   0.0278174021510367   0.0300795590319583   0.00977614048803137   0
0.132426716079121   0.0388652179402741   -0.00122223703110777   0.0110478157892374   0
0.11495524483711   0.0204519946563874   -0.0174714712420101   -0.0184132232838866   0
0.128956290412721   0.0252425475663734   0.0140010455756105   0.004790552909986   0
0.122615121222344   0.0590136034788539   -0.00634116919037733   0.0337710559124805   0
0.106130029361392   0.0698694541686136   -0.0164850918609512   0.0108558506897597   0
0.0832352268238034   0.0820785264366387   -0.0228948025375889   0.0122090722680251   0
0.115933616343665   0.0533930713820857   0.0326983895198611   -0.028685455054553   0
0.0913514497922173   0.105022048563757   -0.0245821665514472   0.0516289771816713   0
0.0797218681939278   0.115717822475203   -0.0116295815982895   0.0106957739114456   0
0.115406738548925   0.107437231788252   0.0356848703549975   -0.00828059068695097   0
0.100283228110038   0.107365393056888   -0.0151235104388869   -7.1838731363863e-05   0
0.0785337500108075   0.126360865736939   -0.021749478099231   0.0189954726800513   0
0.0933807031434761   0.131156275655643   0.0148469531326686   0.00479540991870403   0
0.109075530025299   0.12583936184244   0.0156948268818234   -0.00531691381320318   0
0.0892392656515057   0.138540032598885   -0.0198362643737938   0.0127006707564447   0
0.0591085250429242   0.13255038113491   -0.0301307406085815   -0.00598965146397423   0
0.0877669903561128   0.102679865342598   0.0286584653131886   -0.0298705157923121   0
0.0778595503931277   0.118395182568549   -0.00990743996298508   0.0157153172259506   0
0.0617858192388318   0.134575755614635   -0.0160737311542959   0.0161805730460864   0
0.118378283352353   0.113494056383035   0.0565924641135213   -0.0210816992315999   0
0.0665003433943765   0.125375491771279   -0.0518779399579766   0.0118814353882435   0
0.0903152711495127   0.140226182184115   0.0238149277551362   0.0148506904128358   0
0.0528941997415596   0.152653302340017   -0.0374210714079531   0.0124271201559019   0
0.0626713878066379   0.160662840840175   0.00977718806507833   0.00800953850015851   0
0.0716759494797244   0.207496592023465   0.00900456167308648   0.0468337511832903   0
0.0444305229687036   0.215273595971086   -0.0272454265110207   0.00777700394762099   0
0.091367222174051   0.209343816748095   0.0469366992053474   -0.00592977922299123   0
0.0616420539227888   0.226818281242391   -0.0297251682512622   0.0174744644942962   0
0.0181230137275896   0.215807370797252   -0.0435190401951992   -0.0110109104451395   0
0.0678880172275638   0.210876051275536   0.0497650034999742   -0.00493131952171572   0
0.049118090066899   0.220819337684475   -0.0187699271606648   0.00994328640893849   0
0.0385391146443454   0.221252661681171   -0.0105789754225536   0.000433323996695989   0
0.0469170588528309   0.241467957379525   0.0083779442084855   0.0202152956983543   0
0.0323998636574292   0.249098423187884   -0.0145171951954017   0.00763046580835888   0
0.0477555606383937   0.265989608693338   0.0153556969809645   0.0168911855054542   0
0.019491155674572   0.272229326538789   -0.0282644049638217   0.00623971784545091   0
0.0554468011241631   0.275717896022026   0.0359556454495912   0.00348856948323678   0
0.0219851764009298   0.302196808463458   -0.0334616247232334   0.0264789124414326   0
0.00358988409690341   0.32021315927832   -0.0183952923040264   0.0180163508148615   0
0.0856586442534792   0.298217141451477   0.0820687601565758   -0.021996017826843   0
0.0379600440384795   0.321347547552416   -0.0476986002149997   0.0231304061009397   0
0.0303463511440898   0.31357255043749   -0.00761369289438967   -0.00777499711492585   0
0.0417685288419415   0.299296940058068   0.0114221776978517   -0.0142756103794229   0
0.0891338189404947   0.301105048121536   0.0473652900985532   0.00180810806346837   0
0.0592229985648008   0.313857955435198   -0.0299108203756939   0.0127529073136617   0
0.0243909375337665   0.327439815080638   -0.0348320610310343   0.0135818596454405   0
0.0575327046924695   0.324521792312539   0.033141767158703   -0.00291802276809944   0
0.0618858378799221   0.324861438899818   0.00435313318745261   0.000339646587278974   0
0.0285997522827821   0.345848901765121   -0.03328608559714   0.0209874628653029   0
0.00825718820173671   0.331466683009409   -0.0203425640810454   -0.0143822187557117   0
0.0362140418100493   0.343686160025455   0.0279568536083126   0.0122194770160458   0
0.0587786002860259   0.367275135226947   0.0225645584759765   0.0235889752014927   0
0.0211990950306021   0.3705600955331   -0.0375795052554237   0.00328496030615222   0
0.0468653300690393   0.376681840564491   0.0256662350384372   0.00612174503139118   0
0.0785368835221414   0.396793945873245   0.0316715534531021   0.0201121053087546   0
0.0588823324297569   0.410223502076783   -0.0196545510923845   0.0134295562035371   0
0.038371174721138   0.421408549341043   -0.0205111577086189   0.0111850472642607   0
0.0611714428043217   0.404735995360991   0.0228002680831837   -0.0166725539800519   0
0.0728599152058421   0.406064325933232   0.0116884724015204   0.00132833057224041   0
0.0406745286488977   0.407914069183465   -0.0321853865569444   0.00184974325023285   0
0.0543320933070498   0.413415564340002   0.0136575646581521   0.00550149515653758   0
0.0838570319091584   0.429956736448927   0.0295249386021086   0.0165411721089251   0
0.0882954782902097   0.437927944534044   0.00443844638105138   0.00797120808511648   0
0.103245406849702   0.464005730388982   0.0149499285594918   0.026077785854938   0
0.122199640839611   0.473849333747775   0.0189542339899098   0.00984360335879292   0
0.106878182320341   0.480785502971931   -0.0153214585192705   0.00693616922415619   0
0.120171287968674   0.505027060626272   0.0132931056483333   0.0242415576543413   0
0.0922963205260101   0.490388215913025   -0.027874967442664   -0.0146388447132469   0
0.0717555928562011   0.501509482436337   -0.020540727669809   0.0111212665233115   0
0.0607561248183333   0.498492313038526   -0.0109994680378678   -0.00301716939781072   0
0.0653028200853141   0.494779035333766   0.00454669526698075   -0.00371327770475971   0
0.105532674730184   0.493867293570307   0.0402298546448703   -0.000911741763459206   0
0.0718290882749941   0.492275716846578   -0.0337035864551903   -0.001591576723729   0
0.0576400909460802   0.495514609842952   -0.0141889973289139   0.00323889299637331   0
0.0948821681290373   0.491408863169522   0.0372420771829571   -0.00410574667342906   0
0.0995390274210453   0.480945473534082   0.00465685929200796   -0.0104633896354403   0
0.0893381031790691   0.517849134716437   -0.0102009242419761   0.0369036611823547   0
0.108946308621495   0.511648299823045   0.0196082054424257   -0.00620083489339196   0
0.13243131981271   0.528041414482153   0.0234850111912156   0.0163931146591076   0
0.122591337660115   0.53330435377083   -0.00983998215259517   0.00526293928867727   0
0.12417000215013   0.562899932347493   0.00157866449001516   0.0295955785766634   0
0.148411015628992   0.568597423725093   0.0242410134788615   0.00569749137759945   0
0.123117678977736   0.600114861761324   -0.0252933366512558   0.0315174380362309   0
0.103914675086017   0.594608962569648   -0.0192030038917196   -0.00550589919167599   0
0.122253301868324   0.598317643506735   0.0183386267823076   0.00370868093708776   0
0.146150052972322   0.586586366204554   0.0238967511039977   -0.0117312773021818   0
0.128821906765862   0.589325780532468   -0.0173281462064601   0.00273941432791447   0
0.120604856947671   0.630629066010727   -0.00821704981819117   0.0413032854782595   0
0.121033403308519   0.642484238596639   0.000428546360848131   0.0118551725859113   0
0.142103887081933   0.630906496255232   0.0210704837734147   -0.0115777423414071   0
0.107826764603086   0.631260326450033   -0.0342771224788476   0.000353830194801619   0
0.129697218607725   0.646827045323168   0.0218704540046391   0.0155667188731351   0
0.124294563950868   0.643354911339148   -0.00540265465685706   -0.00347213398402069   0
0.118459431966433   0.666931947316261   -0.00583513198443479   0.0235770359771134   0
0.121219022708824   0.680917593644973   0.00275959074239135   0.0139856463287115   0
0.139128152016252   0.654559671009697   0.0179091293074274   -0.0263579226352757   0
0.14049875706105   0.654598272896402   0.00137060504479761   3.86018867052362e-05   0
0.128199381169691   0.646916864917489   -0.012299375891359   -0.00768140797891326   0
0.158195606392276   0.689098449258103   0.0299962252225857   0.0421815843406143   0
0.1573889618534   0.668067724888166   -0.000806644538876577   -0.0210307243699372   0
0.1526176754412   0.674019210160818   -0.00477128641219923   0.00595148527265199   0
0.168978001830802   0.68335830383427   0.0163603263896012   0.00933909367345176   0
0.202852892497048   0.671177481949633   0.0338748906662463   -0.0121808218846365   0
0.224155136374839   0.647519059920633   0.0213022438777915   -0.0236584220290001   0
0.211036782090703   0.681074921892775   -0.0131183542841364   0.0335558619721426   0
0.222302966395599   0.677005643359049   0.0112661843048961   -0.00406927853372629   0
0.210903615102646   0.673675173941604   -0.0113993512929535   -0.00333046941744541   0
0.225879295574917   0.677381277366189   0.0149756804722717   0.00370610342458544   0
0.229080369399846   0.700900373284606   0.00320107382492885   0.0235190959184168   0
0.22533738917288   0.742492341161341   -0.0037429802269662   0.0415919678767355   0
0.258685263126681   0.705989285270676   0.0333478739538006   -0.0365030558906654   0
0.285690539661799   0.696439263254342   0.0270052765351184   -0.00955002201633448   0
0.272601237908946   0.729770479897104   -0.0130893017528527   0.0333312166427628   0
0.300059381286854   0.751194331028929   0.0274581433779076   0.0214238511318244   0
0.185052160378372   0.672518583652631   -0.115007220908481   -0.0786757473762983   0
0.204504687088435   0.682346856302095   0.019452526710063   0.00982827264946484   0
0.185610813729062   0.665016059743673   -0.0188938733593738   -0.0173307965584227   0
0.184449995514736   0.674354667209861   -0.00116081821432576   0.00933860746618842   0
0.200042909974283   0.690627970302436   0.0155929144595466   0.016273303092575   0
0.226475422189782   0.732979787601659   0.0264325122154995   0.0423518172992225   0
0.228189242422821   0.714482504348219   0.00171382023303884   -0.0184972832534398   0
0.222393425462058   0.655474614795119   -0.00579581696076251   -0.0590078895530997   0
0.212474929738546   0.666630558225289   -0.00991849572351244   0.0111559434301696   0
0.24246332589268   0.685121585490057   0.0299883961541342   0.0184910272647686   0
0.266528153343057   0.655917705941447   0.0240648274503768   -0.0292038795486107   0
0.255326278471097   0.664336650524416   -0.0112018748719602   0.00841894458296932   0
0.257751818700645   0.678305959864168   0.00242554022954822   0.0139693093397519   0
0.292205179498328   0.691024629872339   0.034453360797683   0.0127186700081707   0
0.265236421973103   0.689148221252165   -0.0269687575252245   -0.0018764086201738   0
0.150575655397179   0.665931052996669   -0.114660766575924   -0.0232171682554956   0
0.328279481589029   0.69511946344392   0.17770382619185   0.0291884104472503   0
0.283531481287634   0.540848446473744   -0.0447480003013944   -0.154271016970175   0
0.172224586813545   0.471444193234897   -0.111306894474089   -0.0694042532388476   0
0.200885629882402   0.476929210184132   0.0286610430688572   0.00548501694923531   0
0.235333396572458   0.454773546417885   0.034447766690056   -0.0221556637662472   0
0.258658835659564   0.524228338567408   0.023325439087106   0.0694547921495232   0
0.284130358797788   0.559385390941456   0.025471523138224   0.0351570523740476   0
0.246271368650946   0.5220923820131   -0.0378589901468428   -0.037293008928356   0
0.215321833947651   0.502597648827265   -0.0309495347032942   -0.0194947331858345   0
0.232512888976009   0.490224055972922   0.0171910550283578   -0.0123735928543431   0
0.228797182835965   0.495004972293463   -0.00371570614004402   0.00478091632054134   0
0.192244040588957   0.461640694296279   -0.0365531422470086   -0.0333642779971848   0
0.196701170554098   0.462920372231472   0.00445712996514147   0.0012796779351939   0
0.19685558137348   0.48163317872195   0.000154410819381473   0.0187128064904776   0
0.197837318369059   0.50812428642853   0.000981736995578936   0.0264911077065796   0
0.180210813421788   0.550896857254153   -0.0176265049472705   0.0427725708256231   0
0.208470306682786   0.561167994021186   0.0282594932609981   0.0102711367670336   0
0.21984407542041   0.582935170561155   0.0113737687376239   0.0217671765399682   0
0.242693974592079   0.526190701096791   0.0228498991716695   -0.0567444694643635   0
0.262133041927434   0.560767064550625   0.0194390673353548   0.0345763634538341   0
0.25147570129881   0.616596695072383   -0.0106573406286241   0.0558296305217576   0
0.183486207144543   0.673881956410589   -0.0679894941542676   0.0572852613382059   0
0.29096886927821   0.492644170601168   0.107482662133667   -0.181237785809421   0
0.245252985176735   0.463434527884417   -0.0457158841014745   -0.0292096427167508   0
0.282991694062511   0.438895371616545   0.0377387088857759   -0.0245391562678722   0
0.296905457165762   0.451953063686203   0.0139137631032504   0.0130576920696581   0
0.335837456412741   0.447655763799317   0.0389319992469797   -0.00429729988688582   0
0.37635788505485   0.464495022773455   0.040520428642109   0.0168392589741379   0
0.320615086025674   0.478362635112735   -0.0557427990291769   0.0138676123392803   0
0.362319586946731   0.47043348999946   0.0417045009210578   -0.00792914511327486   0
0.309126100701785   0.448290188753457   -0.0531934862449466   -0.0221433012460036   0
0.434577708569837   0.468265238421015   0.125451607868052   0.0199750496675581   0
0.151596771483465   0.329921188631012   -0.282980937086372   -0.138344049790003   0
0.292818940608766   0.193848397766586   0.141222169125301   -0.136072790864426   0
0.254878072531652   0.163445770516175   -0.0379408680771141   -0.0304026272504112   0
0.247459660343991   0.175191046254157   -0.00741841218766048   0.011745275737982   0
0.259413387289014   0.166713097009881   0.0119537269450227   -0.0084779492442755   0
0.330840179001342   0.218351503436986   0.0714267917123279   0.0516384064271049   0
0.353431859254878   0.255436997018174   0.0225916802535362   0.0370854935811877   0
0.33982325926081   0.233503105954481   -0.0136085999940678   -0.0219338910636925   0
0.330409677895866   0.259816670111835   -0.0094135813649443   0.0263135641573537   0
0.285632833686903   0.267852153957967   -0.0447768442089631   0.00803548384613212   0
0.263047196568392   0.229890300030955   -0.0225856371185115   -0.0379618539270121   0
0.308134536926145   0.246289222706197   0.0450873403577538   0.0163989226752416   0
0.250402906792733   0.226253848594565   -0.0577316301334126   -0.0200353741116312   0
0.272327321941189   0.219976488149152   0.0219244151484562   -0.00627736044541333   0
0.333606171183568   0.225268020699216   0.0612788492423789   0.0052915325500642   0
0.34607339191722   0.258511470946963   0.0124672207336525   0.0332434502477468   0
0.327724634990615   0.274926166915992   -0.0183487569266049   0.0164146959690292   0
0.346225648048726   0.133935956196021   0.0185010130581101   -0.140990210719971   0
0.180851536969803   0.159493299816168   -0.165374111078923   0.0255573436201467   0
0.352133432231945   0.139497166673341   0.171281895262142   -0.0199961331428264   0
0.14623305812906   0.175290542446705   -0.205900374102886   0.0357933757733633   0
0.102357665079172   0.222389712695417   -0.0438753930498873   0.047099170248712   0
0.216524219805568   0.176558061154822   0.114166554726396   -0.0458316515405943   0
0.12775312375492   0.251105863327103   -0.0887710960506478   0.0745478021722811   0
0.0854679791739573   0.228756508043487   -0.0422851445809631   -0.0223493552836164   0
0.14475918744591   0.232896461468933   0.0592912082719523   0.0041399534254454   0
0.105620828980072   0.228922995077493   -0.0391383584658374   -0.00397346639143928   0
0.116321174788815   0.219953206883873   0.0107003458087426   -0.00896978819361988   0
0.125642507739936   0.176953186928132   0.0093213329511217   -0.0430000199557412   0
0.118240212214684   0.140019275563224   -0.00740229552525211   -0.0369339113649084   0
0.541305079768563   0.192158374338721   0.423064867553878   0.0521390987754971   1
0.654785756751199   0.203391829859264   0.113480676982636   0.0112334555205436   0
0.300279251694652   0.209589238557828   -0.354506505056547   0.00619740869856319   0
0.158287710511366   0.221591609433886   -0.141991541183286   0.0120023708760586   0
0.096475222932212   0.247322764974739   -0.061812487579154   0.0257311555408528   0
0.0808438575716176   0.235714364306145   -0.0156313653605943   -0.0116084006685941   0
0.236858408331328   0.131289090516653   0.15601455075971   -0.104425273789492   0
0.259953063846553   0.155672641842586   0.0230946555152251   0.0243835513259325   0
0.134671326941632   0.170947765740006   -0.125281736904921   0.0152751238974203   0
0.137389966620399   0.188475290982824   0.00271863967876693   0.0175275252428175   0
0.0944572689098092   0.14509412039491   -0.04293269771059   -0.043381170587914   0
0.279919183488253   0.130672650038598   0.185461914578443   -0.0144214703563112   0
0.283499413594261   0.10950307011792   0.00358023010600872   -0.0211695799206788   0
0.301832862283367   0.114305658553164   0.0183334486891057   0.00480258843524443   0
0.362647700130526   0.238757089153228   0.0608148378471591   0.124451430600064   0
0.408035865187473   0.482293114376385   0.0453881650569473   0.243536025223157   0
0.345416059515825   0.25110981923989   -0.0626198056716484   -0.231183295136495   0
0.148151701235895   0.17785509963485   -0.19726435827993   -0.0732547196050393   0
0.161655515898499   0.168151641633891   0.0135038146626041   -0.00970345800095923   0
0.0574835338483987   0.18693393651301   -0.104171982050101   0.0187822948791189   0
0.0767084012116802   0.177090752247259   0.0192248673632815   -0.00984318426575106   0
0.0695037660644371   0.196199939524073   -0.00720463514724308   0.0191091872768145   0
0.178346398997821   0.10296186890427   0.108842632933384   -0.0932380706198036   0
0.141029272863119   0.103150913078375   -0.0373171261347023   0.000189044174105521   0
0.130716335276812   0.119433880446074   -0.0103129375863065   0.0162829673676986   0
0.16054256567976   0.111605995573726   0.0298262304029475   -0.00782788487234795   0
0.377380989458942   0.108386069999574   0.216838423779182   -0.00321992557415202   1
0.795402762605235   0.17340253019931   0.418021773146293   0.0650164601997359   1
0.441831042359871   0.103375524383192   -0.353571720245364   -0.0700270058161173   1
0.547074454446641   0.10332539254894   0.10524341208677   -5.01318342525925e-05   0
0.374183006141594   0.144195706615176   -0.172891448305047   0.0408703140662365   0
0.246609132730015   0.149938186468624   -0.127573873411579   0.00574247985344817   0
0.190479216009096   0.242554962836261   -0.0561299167209183   0.0926167763676366   0
0.15391364802122   0.209046336932395   -0.0365655679878764   -0.0335086259038659   0
0.182747136192609   0.174423054472452   0.0288334881713891   -0.0346232824599431   0
0.166494320386613   0.167139275830339   -0.0162528158059965   -0.00728377864211355   0
0.18700361095265   0.191168059032334   0.0205092905660372   0.0240287832019956   0
0.332650808804683   0.154076691355312   0.145647197852034   -0.0370913676770224   0
0.256512763877395   0.158002758723139   -0.0761380449272888   0.00392606736782733   0
0.305721239145238   0.149735661605786   0.0492084752678437   -0.00826709711735291   0
0.40023559541635   0.52672117780829   0.0945143562711114   0.376985516202504   0
0.210520542849736   0.235697048082915   -0.189715052566614   -0.291024129725375   0
0.166200230825381   0.201292953055988   -0.0443203120243549   -0.0344040950269276   0
0.0488136966199611   0.208620467723687   -0.11738653420542   0.00732751466769965   0
0.0366613300971323   0.207916947261401   -0.0121523665228288   -0.000703520462286666   0
0.0558824624892282   0.206745387860286   0.0192211323920959   -0.00117155940111471   0
0.131810611645269   0.133133960987798   0.0759281491560411   -0.0736114268724874   0
0.0980229929025838   0.181747883830184   -0.0337876187426855   0.0486139228423854   0
0.182230063977929   0.124826505185487   0.0842070710753449   -0.0569213786446965   0
0.0923408610083857   0.145105498257302   -0.0898892029695431   0.0202789930718151   0
0.105605964996964   0.145809975542219   0.0132651039885784   0.000704477284916544   0
0.088445825119222   0.151215091682353   -0.0171601398777421   0.00540511614013425   0
0.149321318455236   0.125955439496236   0.060875493336014   -0.0252596521861171   0
0.14588895300841   0.132785331637798   -0.00343236544682621   0.00682989214156188   0
0.137965242359987   0.145399182413245   -0.00792371064842262   0.0126138507754467   0
0.173822408231649   0.158248659210947   0.0358571658716617   0.0128494767977025   0
0.2282837137208   0.181127047772413   0.0544613054891507   0.0228783885614659   0
