0.237831781673518   0.137139219223067   0   0   0
0.124871968203957   0.09533372948191   -0.112959813469561   -0.0418054897411572   0
0.120934842415823   0.0841506406044541   -0.00393712578813357   -0.0111830888774559   0
0.148520996748238   0.0981702496874689   0.0275861543324144   0.0140196090830148   0
0.131023331713745   0.0833387868734001   -0.0174976650344928   -0.0148314628140689   0
0.133313948431513   0.0993021581188571   0.00229061671776784   0.015963371245457   0
0.122414906671614   0.0786924624824703   -0.0108990417598985   -0.0206096956363868   0
0.126257429113934   0.0798259930238422   0.0038425224423196   0.00113353054137183   0
0.133371970357231   0.104098789198194   0.00711454124329688   0.0242727961743517   0
0.102381504747342   0.0797536522504926   -0.0309904656098887   -0.0243451369477013   0
0.13292262063761   0.0999926348429348   0.0305411158902681   0.0202389825924422   0
0.102574224757051   0.0840970665484237   -0.0303483958805591   -0.0158955682945112   0
0.111773560875951   0.107631008129047   0.00919933611890043   0.0235339415806234   0
0.116502410851879   0.118899735328806   0.00472884997592757   0.0112687271997584   0
0.0937944611017623   0.105196751786593   -0.0227079497501166   -0.0137029835422128   0
0.133214287196419   0.117025356114444   0.0394198260946567   0.0118286043278515   0
0.107967050767537   0.0982744500031163   -0.0252472364288816   -0.018750906111328   0
0.116464302501367   0.0998542439733159   0.00849725173382995   0.00157979397019965   0
0.14060183169383   0.0981578065620483   0.0241375291924623   -0.00169643741126758   0
0.126104734268861   0.102741951953864   -0.0144970974249688   0.00458414539181519   0
0.0777387128735741   0.0227300947724597   -0.0483660213952867   -0.0800118571814038   0
0.0636313033635175   0.0312900779190289   -0.0141074095100566   0.0085599831465692   0
0.0910506564394788   0.0285996101930603   0.0274193530759612   -0.00269046772596858   0
0.0573173545055946   0.0828120993458233   -0.0337333019338842   0.0542124891527629   0
0.0552734177030876   0.0699002086941493   -0.00204393680250693   -0.012911890651674   0
0.0612447876284178   0.0570077443949066   0.00597136992533019   -0.0128924642992427   0
0.0652698980365375   0.0729644477424766   0.00402511040811967   0.0159567033475701   0
0.0739896449583994   0.060446890426452   0.00871974692186193   -0.0125175573160246   0
0.0735678346138616   0.0616418718873381   -0.000421810344537782   0.00119498146088604   0
0.0506624591864627   0.0751853887349131   -0.0229053754273989   0.013543516847575   0
0.0498117722959141   0.0802615664215478   -0.000850686890548562   0.00507617768663465   0
0.0461359905271362   0.0776720507596967   -0.00367578176877795   -0.00258951566185107   0
0.0423078592252078   0.0660015043956197   -0.0038281313019284   -0.0116705463640771   0
0.0577165685449863   0.0876935384028949   0.0154087093197785   0.0216920340072752   0
0.0313015617508013   0.0724306391857928   -0.026415006794185   -0.0152628992171021   0
0.0476977959643053   0.0803456337224059   0.016396234213504   0.00791499453661308   0
0.0589029793702322   0.0834459121471807   0.0112051834059269   0.00310027842477485   0
0.0455422556478047   0.0850062949952826   -0.0133607237224275   0.00156038284810185   0
0.0453274259592358   0.0689329506377937   -0.000214829688568945   -0.0160733443574889   0
0.0364823192345278   0.0581902763858576   -0.00884510672470792   -0.0107426742519361   0
0.0715176377214041   0.0565117645912115   0.0350353184868762   -0.00167851179464617   0
0.0855827273127586   0.053104774758666   0.0140650895913545   -0.00340698983254546   0
0.118434362907646   0.152747673657113   0.0328516355948874   0.0996428988984474   0
0.126134480170729   0.151844028979649   0.00770011726308287   -0.000903644677464316   0
0.104027184360483   0.144626053879903   -0.0221072958102455   -0.00721797509974642   0
0.0508353625202968   0.134614020443164   -0.0531918218401866   -0.0100120334367389   0
0.182849138274021   0.119200872627102   0.132013775753724   -0.0154131478160621   0
0.0922615769900992   0.165138438917519   -0.090587561283922   0.045937566290417   0
0.0670077841284177   0.162698637127674   -0.0252537928616815   -0.00243980178984468   0
0.0701036929993998   0.152127892500849   0.00309590887098214   -0.0105707446268244   0
0.0402599644239665   0.136164790036824   -0.0298437285754333   -0.015963102464025   0
0.0744686953494554   0.159979030221151   0.0342087309254889   0.0238142401843267   0
0.0558633581371913   0.14272900303288   -0.0186053372122641   -0.0172500271882707   0
0.0492828370994406   0.165840460601635   -0.00658052103775071   0.0231114575687547   0
0.0308991978562616   0.149237513486631   -0.018383639243179   -0.0166029471150037   0
0.0471031888611589   0.151930486362851   0.0162039910048973   0.0026929728762197   0
0.0524278238943788   0.122681057342851   0.00532463503321998   -0.0292494290199997   0
0.0692305215247177   0.152199766010004   0.0168026976303389   0.0295187086671527   0
0.049313415013564   0.12008240464556   -0.0199171065111537   -0.0321173613644442   0
0.0625064848831703   0.140577703442794   0.0131930698696063   0.0204952987972336   0
0.0328259106664781   0.13270852388318   -0.0296805742166922   -0.00786917955961375   0
0.068766748158176   0.178152173698499   0.0359408374916979   0.0454436498153188   0
0.0684220323517944   0.13584255040569   -0.000344715806381568   -0.0423096232928083   0
0.0729936686326972   0.137722781853267   0.00457163628090278   0.00188023144757649   0
0.0588431191417484   0.139688426165887   -0.0141505494909488   0.00196564431262036   0
0.107627522280363   0.209950094527777   0.0487844031386144   0.0702616683618899   0
0.15783298166467   0.280982537842728   0.050205459384307   0.0710324433149509   0
0.113154550226626   0.206134787685145   -0.0446784314380439   -0.0748477501575824   0
0.127928515489784   0.191417685438154   0.0147739652631585   -0.0147171022469917   0
0.127824894009774   0.183474304861743   -0.000103621480010224   -0.00794338057641034   0
0.0980460983996304   0.181308641162659   -0.0297787956101438   -0.00216566369908405   0
0.135544781268627   0.17709726905856   0.0374986828689969   -0.00421137210409939   0
0.0973612737226666   0.170148907655912   -0.0381835075459606   -0.00694836140264826   0
0.133389511936959   0.164543399530337   0.036028238214292   -0.00560550812557509   0
0.0843677448973012   0.157069054661477   -0.0490217670396573   -0.00747434486885987   0
0.0908617626928952   0.156737515828215   0.00649401779559396   -0.000331538833261646   0
0.110427598209596   0.16134766235059   0.0195658355167009   0.00461014652237485   0
0.0906281396786478   0.157651689063264   -0.0197994585309483   -0.00369597328732627   0
0.10428825186573   0.152891402400527   0.0136601121870825   -0.00476028666273634   0
0.106320480996514   0.161702948349744   0.00203222913078324   0.00881154594921665   0
0.0682712979587598   0.15576921463338   -0.0380491830377538   -0.00593373371636408   0
0.118357697768248   0.146969065997747   0.0500863998094885   -0.00880014863563341   0
0.0686993455008852   0.133880542254093   -0.049658352267363   -0.0130885237436535   0
0.0776606306235663   0.167458866547132   0.00896128512268105   0.0335783242930385   0
0.0911777038753444   0.156140043818042   0.0135170732517782   -0.0113188227290898   0
0.0761150948694804   0.143133924549703   -0.015062609005864   -0.013006119268339   0
0.0846917488902101   0.147106773978971   0.00857665402072967   0.00397284942926807   0
0.0867535936204927   0.141454273802526   0.00206184473028267   -0.00565250017644478   0
0.0917142725001949   0.149043241112269   0.00496067887970211   0.00758896730974312   0
0.150604615674952   0.225931578481739   0.0588903431747572   0.0768883373694694   0
0.107411643501545   0.191519336891866   -0.0431929721734074   -0.0344122415898727   0
0.129756598989223   0.176498025010197   0.0223449554876783   -0.0150213118816692   0
0.0511985693947409   0.177454406726066   -0.078558029594482   0.000956381715869203   0
0.108456439258995   0.160698233310917   0.0572578698642538   -0.0167561734151486   0
0.0755051042757375   0.171269050404619   -0.0329513349832571   0.010570817093702   0
0.0814943055823534   0.158578214539387   0.00598920130661587   -0.0126908358652318   0
0.106339164410766   0.149443446376046   0.0248448588284129   -0.00913476816334194   0
0.0741358041604972   0.147120376354705   -0.0322033602502691   -0.00232307002134069   0
0.0897936721872115   0.154971592826718   0.0156578680267143   0.00785121647201292   0
0.0804088896216706   0.152374940153393   -0.00938478256554094   -0.00259665267332509   0
0.0826118697307475   0.143049202561566   0.00220298010907695   -0.00932573759182648   0
0.0993878262767126   0.131207930609205   0.0167759565459651   -0.011841271952361   0
0.103427701651492   0.130713921487241   0.00403987537477923   -0.000494009121964539   0
0.108276413054829   0.128487637734142   0.00484871140333747   -0.00222628375309905   0
0.104402017898171   0.114653625755676   -0.00387439515665834   -0.0138340119784661   0
0.112019303613261   0.134529512933966   0.00761728571509029   0.01987588717829   0
0.0893890367712954   0.125846556987676   -0.0226302668419658   -0.00868295594628907   0
0.104701186498005   0.141062289597539   0.0153121497267095   0.0152157326098627   0
0.11131237091285   0.125932790893159   0.00661118441484558   -0.0151294987043806   0
0.0873902768603579   0.136568034774394   -0.0239220940524926   0.0106352438812351   0
0.111460332426698   0.131260997349777   0.02407005556634   -0.00530703742461647   0
0.0927800317454677   0.125623316366867   -0.0186803006812302   -0.00563768098291004   0
0.0976692291669183   0.131920948352877   0.00488919742145054   0.00629763198601002   0
0.0845933617467707   0.135034281596378   -0.0130758674201476   0.00311333324350113   0
0.11293283877005   0.118790719435579   0.0283394770232793   -0.0162435621607991   0
0.0958655683303599   0.132008956223281   -0.0170672704396901   0.0132182367877014   0
0.0970889970178887   0.131714784838577   0.00122342868752878   -0.000294171384704139   0
0.100800299111293   0.131582995796151   0.00371130209340415   -0.000131789042425084   0
0.0993634235761475   0.129438700690259   -0.00143687553514535   -0.00214429510589262   0
0.105733058441908   0.143494288928419   0.00636963486576085   0.0140555882381599   0
0.100306105582163   0.201145366914702   -0.00542695285974547   0.0576510779862831   0
0.112710305446929   0.146027581305006   0.012404199864766   -0.0551177856096962   0
0.110234190586961   0.13988990686044   -0.0024761148599676   -0.00613767444456581   0
0.107847568371446   0.142702826535602   -0.0023866222155149   0.0028129196751619   0
0.0987988739817459   0.13643957391066   -0.00904869438970049   -0.00626325262494146   0
0.0917005930745494   0.140698772846141   -0.00709828090719647   0.00425919893548091   0
0.174283136763429   0.1074822225849   0.0825825436888793   -0.033216550261241   0
0.197675591837257   0.0933417459345094   0.0233924550738287   -0.0141404766503907   0
0.0519927365629085   0.162498063195142   -0.145682855274349   0.0691563172606331   0
0.095121469721146   0.153607921770892   0.0431287331582375   -0.00889014142425035   0
0.15573270643911   0.115714222562235   0.0606112367179639   -0.0378936992086569   0
0.0895454839572605   0.16067965628075   -0.0661872224818494   0.0449654337185149   0
0.143738691559997   0.125414710289403   0.0541932076027366   -0.0352649459913466   0
0.135756527187056   0.129032959134488   -0.00798216437294066   0.00361824884508472   0
0.115323301494581   0.143455295523004   -0.0204332256924756   0.0144223363885161   0
0.138825409691778   0.122754973479036   0.0235021081971971   -0.0207003220439688   0
0.103848133366806   0.124359790157842   -0.0349772763249716   0.00160481667880648   0
0.0460708801082593   0.205108970493735   -0.0577772532585471   0.0807491803358933   0
0.105963862915777   0.180258575344288   0.0598929828075178   -0.024850395149447   0
0.138822168476256   0.130251629144437   0.0328583055604789   -0.0500069461998512   0
0.0928912912598377   0.150458085595707   -0.0459308772164183   0.0202064564512695   0
0.113993014815558   0.149821164397508   0.0211017235557202   -0.000636921198199081   0
0.146193423235281   0.145393814017972   0.0322004084197231   -0.00442735037953607   0
0.122628641432946   0.148467088990422   -0.0235647818023352   0.00307327497245086   0
0.140835413205273   0.13910951848806   0.0182067717723272   -0.00935757050236205   0
0.127172958393245   0.14714836353983   -0.0136624548120282   0.00803884505176974   0
0.139078450789114   0.143772487142881   0.0119054923958691   -0.0033758763969487   0
0.120478404774175   0.147776625100564   -0.0186000460149388   0.00400413795768212   0
0.147046970006321   0.13586219311753   0.0265685652321462   -0.0119144319830336   0
0.123262373444494   0.139578496461489   -0.023784596561827   0.00371630334395942   0
0.115225662500851   0.151503735955529   -0.0080367109436435   0.0119252394940392   0
0.143810524852842   0.144467545713562   0.0285848623519915   -0.00703619024196694   0
0.118008013522388   0.149200393680479   -0.0258025113304549   0.0047328479669177   0
0.11102118341078   0.143527229535244   -0.00698683011160778   -0.00567316414523567   0
0.155088983026809   0.144818038238724   0.0440677996160297   0.00129080870348031   0
0.145767647505885   0.154038953822564   -0.00932133552092429   0.00922091558384008   0
0.131190975129732   0.148684598430276   -0.0145766723761531   -0.00535435539228779   0
0.16396016599255   0.144928460728768   0.0327691908628174   -0.00375613770150837   0
0.123260247014883   0.15625900326858   -0.0406999189776664   0.0113305425398119   0
0.147134234667803   0.153071140618513   0.0238739876529195   -0.00318786265006696   0
0.117359783453958   0.160019041219514   -0.0297744512138442   0.0069479006010012   0
0.147805058149239   0.154176822739542   0.0304452746952809   -0.00584221847997241   0
0.131420636831702   0.155176378261448   -0.0163844213175377   0.000999555521906476   0
0.135942265787355   0.162154315958511   0.00452162895565386   0.00697793769706267   0
0.114656491435723   0.164430591846721   -0.0212857743516326   0.00227627588821014   0
0.165287121050553   0.151528247999259   0.0506306296148296   -0.0129023438474616   0
0.119142283163997   0.148893870702188   -0.0461448378865557   -0.00263437729707078   0
0.149436020448552   0.15108681650264   0.030293737284555   0.0021929458004519   0
0.133882299389501   0.164508968790314   -0.0155537210590508   0.0134221522876736   0
0.169254174074201   0.167801184946133   0.0353718746847002   0.00329221615581923   0
0.149717860366825   0.164609143134912   -0.0195363137073766   -0.00319204181122101   0
0.135274492476963   0.161769429568762   -0.0144433678898613   -0.00283971356615062   0
0.313220934465195   0.165263289736983   0.177946441988232   0.00349386016822148   0
0.529051443666644   0.118767133662106   0.215830509201449   -0.0464961560748773   0
0.259529535187211   0.123002971372087   -0.269521908479432   0.00423583770998141   0
0.277326530777061   0.152356305526297   0.0177969955898493   0.0293533341542103   0
0.278788104444953   0.142893632638022   0.00146157366789224   -0.00946267288827543   0
0.294313507625797   0.14660875767062   0.0155254031808439   0.00371512503259769   0
0.341041195606279   0.171640706216503   0.0467276879804817   0.0250319485458836   0
0.330530877200436   0.156347091063513   -0.0105103184058422   -0.0152936151529901   0
0.269180219856159   0.13921111855204   -0.0613506573442776   -0.0171359725114737   0
0.272257353887384   0.147808650182533   0.00307713403122467   0.00859753163049379   0
0.198813931764854   0.148836599228189   -0.0734434221225296   0.00102794904565554   0
0.228206842255463   0.15530555179468   0.0293929104906095   0.00646895256649105   0
0.196469774520866   0.156194861462701   -0.0317370677345973   0.000889309668021532   0
0.239547567937978   0.163788880710016   0.0430777934171114   0.00759401924731506   0
0.212113479957616   0.166789171513771   -0.0274340879803615   0.00300029080375416   0
0.201169309740129   0.156308695021262   -0.010944170217487   -0.0104804764925083   0
0.248523375709107   0.17515150355478   0.047354065968978   0.0188428085335173   0
0.244945788928775   0.173489973457402   -0.00357758678033207   -0.00166153009737782   0
0.248258332754512   0.184525679310496   0.00331254382573698   0.0110357058530941   0
0.246398781019814   0.177603254065769   -0.00185955173469846   -0.00692242524472719   0
0.226401764641378   0.174445006972111   -0.0199970163784353   -0.00315824709365739   0
0.239571805211736   0.177614250434052   0.0131700405703578   0.00316924346194022   0
0.218459641819834   0.175905589231127   -0.0211121633919024   -0.00170866120292454   0
0.234093450325655   0.191455801028592   0.0156338085058216   0.0155502117974654   0
0.241548986231861   0.187261983982334   0.00745553590620626   -0.00419381704625826   0
0.174037695166593   0.169426989249057   -0.0675112910652683   -0.0178349947332774   0
0.148881125316576   0.164401240241672   -0.0251565698500172   -0.00502574900738464   0
0.143965065336765   0.160774108949482   -0.00491605997981134   -0.00362713129218983   0
0.195507373191908   0.167265616162587   0.0515423078551434   0.00649150721310504   0
0.153939590822894   0.163480029810188   -0.0415677823690142   -0.00378558635239923   0
0.172924335516665   0.170030131207155   0.0189847446937708   0.00655010139696735   0
0.159248698261744   0.172345928297632   -0.0136756372549206   0.00231579709047652   0
0.169179953718666   0.191633754544965   0.00993125545692206   0.0192878262473333   0
0.168865577222387   0.175624055318456   -0.00031437649627894   -0.0160096992265095   0
0.172975528979709   0.188351744660754   0.0041099517573214   0.0127276893422986   0
0.15802584962151   0.202758323035511   -0.0149496793581989   0.0144065783747563   0
0.179138135844549   0.191865526450819   0.021112286223039   -0.0108927965846915   0
0.171212347766159   0.194936338145694   -0.00792578807839023   0.00307081169487522   0
0.167146789565041   0.196002071319412   -0.00406555820111781   0.00106573317371794   0
0.171748416730315   0.207110736711065   0.00460162716527443   0.0111086653916525   0
0.182496904293333   0.201497034775676   0.010748487563018   -0.00561370193538877   0
0.181080915583338   0.203433468870661   -0.0014159887099951   0.00193643409498451   0
0.158756011380388   0.197734480621337   -0.0223249042029497   -0.00569898824932327   0
0.159705159854026   0.168382001666597   0.00094914847363764   -0.0293524789547399   0
0.137379680408312   0.162858549465641   -0.0223254794457138   -0.00552345220095676   0
0.196016876755855   0.149050557337737   0.0586371963475427   -0.0138079921279037   0
0.161865743788178   0.156657394170368   -0.0341511329676772   0.00760683683263091   0
0.171552799578963   0.16744646992248   0.00968705579078571   0.0107890757521122   0
0.148961698653916   0.17435895345092   -0.0225911009250477   0.00691248352843973   0
0.156148821247456   0.157226637027127   0.00718712259354035   -0.0171323164237925   0
0.171689899618265   0.172997975133381   0.0155410783708092   0.0157713381062541   0
0.15364716693187   0.171985463732404   -0.018042732686395   -0.00101251140097744   0
0.184118885492825   0.177376280605666   0.0304717185609548   0.00539081687326229   0
0.1782385093778   0.181432603362102   -0.00588037611502529   0.00405632275643633   0
0.16730113210406   0.17881917775085   -0.0109373772737401   -0.00261342561125272   0
0.155673993204678   0.168859473518663   -0.011627138899382   -0.00995970423218687   0
0.178178077470153   0.169600133302571   0.0225040842654758   0.000740659783908554   0
0.176518848045301   0.171247864560408   -0.00165922942485261   0.00164773125783704   0
0.163454797645006   0.176277502995986   -0.0130640504002944   0.00502963843557794   0
0.170478248214134   0.179401494567353   0.00702345056912793   0.00312399157136664   0
0.170870007650494   0.177466805391346   0.000391759436360023   -0.0019346891760067   0
0.157560607459669   0.177984042824771   -0.013309400190825   0.000517237433424883   0
0.182112651914605   0.181861118154514   0.0245520444549355   0.00387707532974249   0
0.150453496110027   0.182444629481796   -0.0316591558045775   0.000583511327282737   0
0.169841447558863   0.186276995071184   0.0193879514488357   0.00383236558938779   0
0.201454639535355   0.180301289847022   0.0316131919764924   -0.0059757052241618   0
0.150371582163153   0.172726215706389   -0.051083057372202   -0.00757507414063352   0
0.167859917206997   0.180086521686105   0.0174883350438439   0.00736030597971615   0
0.173810161868344   0.184117004251373   0.00595024466134683   0.00403048256526764   0
0.149288997111107   0.151944455526724   -0.0245211647572376   -0.0321725487246491   0
0.173997217157201   0.170444192601273   0.0247082200460939   0.0184997370745498   0
0.209912304687767   0.178338531169802   0.0359150875305667   0.00789433856852872   0
0.148456438550236   0.169403393577283   -0.0614558661375312   -0.00893513759251871   0
0.155793120039654   0.164607815930654   0.00733668148941788   -0.00479557764662966   0
0.136750164756208   0.154809207344169   -0.019042955283446   -0.00979860858648443   0
0.177198093769374   0.168344182112867   0.0404479290131665   0.0135349747686973   0
0.16255745307469   0.169176402128813   -0.0146406406946845   0.000832220015946822   0
0.164107128875287   0.17653721570819   0.00154967580059695   0.00736081357937651   0
0.182377192544901   0.164169446230107   0.0182700636696145   -0.012367769478083   0
0.138594054239423   0.146579821538471   -0.0437831383054787   -0.017589624691636   0
0.189865171425014   0.176872060202424   0.0512711171855915   0.0302922386639533   0
0.163358932657966   0.171245307603595   -0.0265062387670477   -0.00562675259882889   0
0.18780305694373   0.183035772504311   0.0244441242857639   0.0117904649007159   0
0.196558128389568   0.192939437008741   0.00875507144583798   0.00990366450442987   0
0.477810667836121   0.138151955296514   0.281252539446553   -0.0547874817122272   0
0.162517685500409   0.187597678149944   -0.315292982335712   0.0494457228534301   0
0.154951445753178   0.177832271434349   -0.00756623974723167   -0.00976540671559503   0
0.201604022189539   0.157401004506174   0.0466525764363609   -0.0204312669281754   0
0.194535335799977   0.172371810913676   -0.00706868638956121   0.0149708064075021   0
0.229206970092534   0.160037642948784   0.034671634292557   -0.0123341679648917   0
0.253429860418243   0.187370806185889   0.0242228903257083   0.0273331632371049   0
0.232910518955242   0.175705853646151   -0.0205193414630011   -0.0116649525397384   0
0.221654594441532   0.205469270785804   -0.0112559245137098   0.0297634171396532   0
0.19346114341906   0.173357191079315   -0.0281934510224722   -0.0321120797064892   0
0.197194727846385   0.195976922187282   0.00373358442732563   0.0226197311079674   0
0.160503382703948   0.178750799907301   -0.0366913451424374   -0.0172261222799809   0
0.182184534360521   0.185067684589315   0.0216811516565734   0.00631688468201339   0
0.174734739898625   0.185200595615943   -0.00744979446189675   0.000132911026628352   0
0.153776420575458   0.193570566753445   -0.0209583193231671   0.00836997113750237   0
0.170081883869388   0.198101122748585   0.0163054632939305   0.00453055599513985   0
0.185261521085626   0.206064632056911   0.0151796372162384   0.00796350930832562   0
0.180898025316033   0.205234573682774   -0.00436349576959374   -0.000830058374136688   0
0.203314781417486   0.220279092925883   0.0224167561014531   0.0150445192431094   0
0.132837457969279   0.236978270902234   -0.0704773234482066   0.0166991779763504   0
0.129784465502039   0.162486627902637   -0.00305299246723995   -0.0744916429995968   0
0.162632166866367   0.155823105758076   0.0328477013643283   -0.00666352214456109   0
0.139514264860085   0.167414421459816   -0.0231179020062823   0.0115913157017404   0
0.197335098251781   0.173321347658764   0.0578208333916956   0.00590692619894734   0
0.15752245844336   0.173240618989348   -0.0398126398084211   -8.07286694154419e-05   0
0.203437902482527   0.207282111721495   0.0459154440391668   0.0340414927321472   0
0.155720202997716   0.172492005709866   -0.0477176994848102   -0.0347901060116292   0
0.166171836302967   0.187754062181381   0.0104516333052504   0.0152620564715151   0
0.180705126400553   0.1787983149988   0.0145332900975866   -0.0089557471825816   0
0.195883233920109   0.185374437692937   0.0151781075195552   0.0065761226941371   0
0.170950979644692   0.185555924167055   -0.0249322542754163   0.000181486474118558   0
0.190137121648036   0.182478456598478   0.0191861420033436   -0.00307746756857769   0
0.191364196554005   0.198911453628248   0.00122707490596946   0.01643299702977   0
0.176659389909538   0.192252448253104   -0.0147048066444679   -0.00665900537514347   0
0.188344023901742   0.206975279215665   0.0116846339922046   0.0147228309625609   0
0.180483005584265   0.213392333936865   -0.00786101831747663   0.00641705472119997   0
0.191433465014454   0.204392897594461   0.010950459430188   -0.00899943634240355   0
0.185214807522104   0.220056205758688   -0.00621865749234959   0.0156633081642265   0
0.167384040147321   0.20717914546909   -0.0178307673747828   -0.0128770602895976   0
