0.0775357386273581   0.168650228413135   0   0   0
0.0525955530273235   0.130023493904741   -0.0249401856000346   -0.0386267345083941   0
0.0781686940216478   0.113268995346415   0.0255731409943243   -0.0167544985583259   0
0.0927730471972868   0.132692779260789   0.0146043531756389   0.0194237839143744   0
0.0672497917274842   0.106902481704487   -0.0255232554698026   -0.0257902975563023   0
0.109052159374586   0.0934151011860101   0.0418023676471013   -0.0134873805184767   0
0.0523111977841265   0.10739620663374   -0.056740961590459   0.0139811054477295   0
0.0487850720273364   0.0896064887155318   -0.00352612575679009   -0.0177897179182078   0
0.101465098493521   0.108673359252625   0.052680026466185   0.0190668705370928   0
0.0983983514142387   0.028937528169661   -0.00306674707928276   -0.0797358310829635   0
0.119146404346124   0.0729069457643269   0.020748052931885   0.0439694175946658   0
0.0536389858542273   0.0990716486035485   -0.0655074184918964   0.0261647028392217   0
0.0502042314090595   0.0871962394828756   -0.0034347544451678   -0.0118754091206729   0
0.102969484225427   0.101150341798545   0.0527652528163672   0.0139541023156695   0
0.119922900089391   0.0377543784038408   0.0169534158639641   -0.0633959633947043   0
0.0608528849369494   0.0956539252921039   -0.0590700151524414   0.0578995468882631   0
0.0685491642968023   0.103372691683116   0.00769627935985295   0.00771876639101179   0
0.102965475615567   0.0714883985154235   0.0344163113187651   -0.0318842931676923   0
0.0866600079767478   0.0777363242922027   -0.0163054676388195   0.00624792577677923   0
0.0641675977677987   0.0719906469477869   -0.0224924102089492   -0.00574567734441576   0
0.0556575186786116   0.0635112235464184   -0.00851007908918706   -0.00847942340136856   0
0.0799095929702436   0.0500158344881758   0.0242520742916319   -0.0134953890582425   0
0.0691583173106149   0.0757787425011956   -0.0107512756596286   0.0257629080130197   0
0.0988951972067906   0.0228987164366281   0.0297368798961756   -0.0528800260645675   0
0.0832841813420772   0.0481943653423562   -0.0156110158647134   0.0252956489057281   0
0.0864109453744142   0.0683405777588432   0.00312676403233704   0.0201462124164871   0
0.0775282785536097   0.111478527453721   -0.00888266682080452   0.0431379496948776   0
0.11910165798699   0.108917390265249   0.0415733794333805   -0.00256113718847215   0
0.0499943844226529   0.164660359911249   -0.0691072735643374   0.0557429696460007   0
0.0530143924299807   0.234649953577664   0.00302000800732784   0.0699895936664148   0
0.112726904202147   0.193408085992946   0.0597125117721661   -0.0412418675847188   0
0.052428930224543   0.219106811514613   -0.0602979739776039   0.0256987255216671   0
0.0806425313404781   0.218661192776846   0.0282136011159351   -0.000445618737766384   0
0.159273259274305   0.194577938378877   0.0786307279338269   -0.0240832543979691   0
0.0428394355261207   0.227779946551402   -0.116433823748184   0.0332020081725245   0
0.105167690028544   0.220582686149705   0.0623282545024237   -0.00719726040169635   0
0.0709123805233614   0.205914379714725   -0.034255309505183   -0.0146683064349802   0
0.0469450255917493   0.244104576295253   -0.023967354931612   0.0381901965805279   0
0.162769428045072   0.199431000596027   0.115824402453323   -0.0446735756992261   0
0.0498718875198683   0.217096915229771   -0.112897540525204   0.0176659146337444   0
0.0603611545831423   0.233330342489323   0.010489267063274   0.0162334272595522   0
0.0930017171000084   0.216470276325931   0.0326405625168661   -0.0168600661633923   0
0.0417972520107782   0.222161390577019   -0.0512044650892303   0.00569111425108826   0
0.104283058648133   0.210593740369372   0.0624858066373551   -0.0115676502076474   0
0.0394605694006371   0.207013947653081   -0.0648224892474961   -0.00357979271629122   0
0.0400148197734752   0.211364831339162   0.000554250372838037   0.00435088368608136   0
0.120670652465817   0.190103179441836   0.0806558326923423   -0.021261651897326   0
0.0602185152605077   0.234358425751743   -0.0604521372053098   0.0442552463099063   0
0.138632121878429   0.225473620110236   0.0784136066179213   -0.00888480564150662   0
0.105139939796084   0.214355341046223   -0.0334921820823454   -0.0111182790640131   0
0.0367639961572243   0.240590153498086   -0.0683759436388594   0.026234812451863   0
0.16599514952293   0.217627302260223   0.129231153365706   -0.0229628512378627   0
0.0680071956258307   0.216227237241386   -0.0979879538970997   -0.00140006501883738   0
0.0736912056770005   0.250484196554878   0.00568401005116989   0.0342569593134918   0
0.175110991421213   0.214833452949674   0.101419785744212   -0.035650743605203   0
0.0725984659379246   0.220738387878015   -0.102512525483288   0.00590493492834052   0
0.0418942377991294   0.223807474562698   -0.0307042281387952   0.0030690866846825   0
0.158538083231128   0.182593873775416   0.116643845431998   -0.0412136007872816   0
0.0673734054835437   0.196242588612564   -0.0911646777475841   0.0136487148371481   0
0.115102644796851   0.1892473632922   0.047729239313307   -0.00699522532036367   0
0.121922033486692   0.185261409160947   0.00681938868984104   -0.00398595413125274   0
0.0339496253598254   0.213736203134518   -0.0879724081268664   0.0284747939735706   0
0.167359653365469   0.187433239045456   0.133410028005644   -0.0263029640890625   0
0.132837289713092   0.24438869970476   -0.034522363652377   0.0569554606593044   0
0.127506474978371   0.238036795527647   -0.005330814734721   -0.00635190417711293   0
0.264000169783298   0.236489618987732   0.136493694804926   -0.00154717653991543   0
0.171469895474395   0.266270791728685   -0.0925302743089025   0.0297811727409536   0
0.177722531225081   0.287414730361828   0.00625263575068616   0.0211439386331431   0
0.247877148990059   0.280480886953233   0.0701546177649779   -0.00693384340859504   0
0.136342092239521   0.274041786727066   -0.111535056750538   -0.00643910022616778   0
0.23815748045241   0.253180124906957   0.101815388212889   -0.0208616618201083   0
0.19748796537321   0.248813941701028   -0.0406695150792004   -0.00436618320592938   0
0.145704915270419   0.234001645583557   -0.0517830501027904   -0.0148122961174711   0
0.287653918469678   0.158249435159719   0.141949003199259   -0.0757522104238381   0
0.161047102657732   0.209693349874793   -0.126606815811946   0.0514439147150747   0
0.23107996417961   0.202630686400166   0.0700328615218786   -0.00706266347462714   0
0.235843605172665   0.195061591196018   0.00476364099305487   -0.00756909520414809   0
0.2608228585577   0.204320500335411   0.0249792533850348   0.0092589091393924   0
0.247803171036228   0.19155290249514   -0.0130196875214721   -0.0127675978402708   0
0.212571723542079   0.226151804911546   -0.0352314474941491   0.0345989024164064   0
0.281022501314557   0.1938939637882   0.0684507777724778   -0.0322578411233456   0
0.292613003988135   0.177035772567298   0.0115905026735779   -0.0168581912209027   0
0.310873817319439   0.129808591900729   0.0182608133313046   -0.0472271806665689   0
0.337624315549828   0.131118112263333   0.0267504982303891   0.00130952036260407   0
0.337007707776899   0.148801906751896   -0.000616607772928879   0.0176837944885631   0
0.325797937502818   0.124885984735288   -0.0112097702740815   -0.0239159220166085   0
0.328678234528604   0.118663065348374   0.00288029702578618   -0.00622291938691356   0
0.325576689855155   0.0998682008211823   -0.0031015446734487   -0.0187948645271918   0
0.311066412100632   0.0989503799081135   -0.0145102777545237   -0.000917820913068759   0
0.359477224758899   0.0853402314555245   0.0484108126582674   -0.013610148452589   0
0.299994923255528   0.131714944067378   -0.0594823015033712   0.0463747126118534   0
0.361778514971191   0.12864697381467   0.0617835917156629   -0.00306797025270755   0
0.335223910121936   0.125692524264264   -0.0265546048492544   -0.0029544495504068   0
0.295959947532365   0.186803366086033   -0.0392639625895717   0.0611108418217695   0
0.397167197990028   0.148467654164131   0.101207250457663   -0.0383357119219021   0
0.318387431226548   0.172318755264691   -0.0787797667634795   0.0238511011005601   0
0.324780296778068   0.208474746081924   0.0063928655515198   0.0361559908172324   0
0.369299937151484   0.173809417651698   0.0445196403734159   -0.0346653284302252   0
0.251342594051247   0.213035952831142   -0.117957343100237   0.0392265351794436   0
0.374672417275358   0.134394616579953   0.123329823224111   -0.0786413362511891   0
0.317474635312744   0.139099762214786   -0.0571977819626137   0.00470514563483326   0
0.272362576963797   0.162883989778193   -0.0451120583489478   0.0237842275634071   0
0.387348277078187   0.112256589644673   0.114985700114391   -0.0506274001335201   0
0.281183895997904   0.131407212714904   -0.106164381080283   0.0191506230702309   0
0.311065471696812   0.126243665776197   0.029881575698908   -0.00516354693870649   0
0.389640548816996   0.178937470006142   0.0785750771201844   0.0526938042299449   0
0.196646591812571   0.23752694282363   -0.192993957004425   0.0585894728174877   0
0.291567799879479   0.261859965944758   0.0949212080669079   0.0243330231211283   0
0.351502398603822   0.378422344364323   0.0599345987243426   0.116562378419564   0
0.30666717056811   0.440513348733827   -0.0448352280357122   0.0620910043695039   0
0.281270604437008   0.399130655580917   -0.0253965661311013   -0.0413826931529097   0
0.43330315718162   0.369361088861415   0.152032552744612   -0.029769566719502   0
0.341217019297748   0.347821491293756   -0.092086137883872   -0.0215395975676587   0
0.411981495597569   0.355503169335647   0.0707644762998209   0.00768167804189124   0
0.441197383371661   0.313240066828846   0.0292158877740912   -0.0422631025068013   0
0.343517226769255   0.343696170174651   -0.0976801566024053   0.0304561033458046   0
0.477884162895612   0.309999277693771   0.134366936126357   -0.0336968924808794   0
0.360073506092853   0.278092712747817   -0.117810656802759   -0.0319065649459541   0
0.378783002972955   0.272559675754338   0.0187094968801023   -0.00553303699347907   0
0.443603460778836   0.185689019467361   0.0648204578058803   -0.0868706562869771   0
0.373322822701747   0.17158627835031   -0.0702806380770887   -0.0141027411170513   0
0.478656407333068   0.126502966066018   0.105333584631321   -0.0450833122842922   0
0.415264639834648   0.110042226867473   -0.0633917674984201   -0.0164607391985441   0
0.508875346908258   0.114250924937142   0.09361070707361   0.0042086980696683   0
0.427675450359265   0.111596162442095   -0.0811998965489932   -0.00265476249504655   0
0.49857386961312   0.130654345482651   0.0708984192538548   0.0190581830405561   0
0.441344264794503   0.130948292568097   -0.0572296048186169   0.000293947085445972   0
0.448409920216982   0.121368426823495   0.00706565542247917   -0.0095798657446025   0
0.47901216148195   0.125326820907378   0.0306022412649684   0.00395839408388325   0
0.365793797507886   0.0893605641621472   -0.113218363974065   -0.0359662567452308   0
0.423254462852833   0.0954649509925501   0.0574606653449471   0.00610438683040296   0
0.481477056823646   0.118810182331114   0.0582225939708128   0.0233452313385636   0
0.368518781520074   0.138772902407999   -0.112958275303572   0.0199627200768852   0
0.443568121588286   0.148285498779496   0.0750493400682116   0.00951259637149743   0
0.549831485090305   0.109508042912484   0.106263363502019   -0.0387774558670121   0
0.441436797762715   0.116293176658833   -0.10839468732759   0.00678513374634854   0
0.492012919046848   0.115314255262749   0.050576121284133   -0.000978921396083549   0
0.496890700016613   0.103081586928971   0.00487778096976549   -0.0122326683337783   0
0.456552576368812   0.105651825296691   -0.0403381236478011   0.00257023836771994   0
0.54510023650426   0.0795967446251415   0.0885476601354476   -0.0260550806715494   0
0.457857748634879   0.0828403023601586   -0.0872424878693808   0.00324355773501707   0
0.54611861201391   0.0914240747577601   0.0882608633790315   0.00858377239760144   0
0.500492746502884   0.101576046958732   -0.0456258655110265   0.0101519722009718   0
0.510147274100333   0.0993736048364153   0.00965452759744878   -0.00220244212231653   0
0.594865218062882   0.118599591898423   0.0847179439625492   0.0192259870620077   0
0.543181197256496   0.108962959180735   -0.0516840208063862   -0.00963663271768815   0
0.593506582422638   0.118864753472392   0.0503253851661427   0.00990179429165697   0
0.571838273980502   0.121418489614597   -0.021668308442136   0.00255373614220511   0
0.643925814898735   0.134281960661373   0.0720875409182327   0.0128634710467759   0
0.574096070860967   0.128646660215345   -0.0698297440377684   -0.00563530044602761   0
0.62917925223421   0.13084920900892   0.0550831813732438   0.00220254879357459   0
0.604382645318345   0.134626068795655   -0.0247966069158657   0.00377685978673536   0
0.605742445916579   0.131588553427739   0.0013598005982346   -0.00303751536791583   0
0.63906713584255   0.14364359862956   0.0333246899259706   0.0120550452018201   0
0.609954241066492   0.137502417799143   -0.0291128947760579   -0.00614118083041679   0
0.680171361698653   0.158706080294676   0.0702171206321612   0.0212036624955328   0
0.501938356639538   0.0899613737944015   -0.178233005059115   -0.0687447065002741   0
0.65297433643579   0.0954535996657015   0.151035979796252   0.00549222587129998   0
0.496767719780623   0.0864581046625474   -0.156206616655166   -0.00899549500315405   0
0.585827146630378   0.0666943945352419   0.0890594268497542   -0.0197637101273055   0
0.590162551035729   0.0698917778657297   0.00433540440535185   0.00319738333048779   0
0.543134814440209   0.0856634959806247   -0.0470277365955207   0.015771718114895   0
0.693910691322017   0.075573789581773   0.150775876881809   -0.0100897063988517   0
0.5797186876115   0.0915850982325455   -0.114192003710517   0.0160113086507725   0
0.692009115618429   0.100225811912264   0.112290428006929   0.00864071367971844   0
0.654744645545116   0.107488964894088   -0.0372644700733125   0.00726315298182416   0
0.596997923428549   0.137250913342134   -0.057746722116567   0.029761948448046   0
0.695026120517064   0.10795474920095   0.0980281970885144   -0.0292961641411841   0
0.622409676937947   0.111977868505623   -0.0726164435791163   0.00402311930467264   0
0.606361931930097   0.109338640742466   -0.01604774500785   -0.00263922776315678   0
0.692367867117618   0.102144114326279   0.086005935187521   -0.00719452641618655   0
0.592397316234637   0.101847578482272   -0.0999705508829818   -0.000296535844007489   0
0.652611517417522   0.105860417772697   0.060214201182885   0.00401283929042553   0
0.651831835750602   0.102914514471053   -0.00077968166691933   -0.00294590330164465   0
0.620439782264161   0.109840080057668   -0.0313920534864408   0.00692556558661576   0
0.714365915290616   0.106474915799807   0.0939261330264548   -0.00336516425786122   0
0.651503889126535   0.0972596125700308   -0.0628620261640815   -0.00921530322977633   0
0.701712425869031   0.10666701437211   0.0502085367424961   0.00940740180207954   0
0.669809199686747   0.0900870873389883   -0.0319032261822843   -0.0165799270331221   0
0.731320996485811   0.112851600970965   0.0615117967990647   0.0227645136319771   0
0.684259176468244   0.0987203703116155   -0.047061820017567   -0.0141312306593499   0
0.747662269593698   0.114754653745022   0.0634030931254541   0.0160342834334069   0
0.702321675104079   0.106526497505316   -0.045340594489619   -0.00822815623970691   0
0.701886871035497   0.115004273992317   -0.00043480406858265   0.00847777648700179   0
0.773810921418146   0.145487403926422   0.0719240503826493   0.0304831299341051   0
0.640474484365303   0.113722765358261   -0.133336437052843   -0.0317646385681618   0
0.822914660166533   0.17193730325855   0.18244017580123   0.0582145379002891   0
0.719182404223713   0.190395779238282   -0.10373225594282   0.0184584759797319   0
0.672217666986669   0.225357247417523   -0.0469647372370442   0.0349614681792409   0
0.830240546962746   0.188466040295301   0.158022879976077   -0.0368912071222217   0
0.730542803688463   0.191341576703817   -0.0996977432742832   0.00287553640851557   0
0.741252542872536   0.219092409590274   0.0107097391840726   0.0277508328864577   0
0.86806788974711   0.162989774202624   0.126815346874574   -0.0561026353876498   0
0.731785995446073   0.19454176168451   -0.136281894301037   0.0315519874818851   0
0.751682647304699   0.191134341792913   0.0198966518586255   -0.00340741989159676   0
0.860007687818545   0.152039577203339   0.108325040513846   -0.039094764589574   0
0.725793949854916   0.151834297163627   -0.134213737963629   -0.000205280039712041   0
0.76789969146367   0.165063513393148   0.0421057416087545   0.0132292162295214   0
0.84629639993917   0.132268246903263   0.0783967084755001   -0.0327952664898853   0
0.735968046527157   0.135610165490645   -0.110328353412013   0.0033419185873817   0
0.788058455588163   0.163434836742385   0.0520904090610054   0.0278246712517403   0
0.876477951665072   0.13231585189418   0.0884194960769092   -0.0311189848482052   0
0.786082625438955   0.138719614622482   -0.090395326226117   0.00640376272830256   0
0.883938493682111   0.144894788173083   0.0978558682431565   0.0061751735506004   0
0.832750889198565   0.163272867116677   -0.0511876044835466   0.0183780789435941   0
0.883504900094504   0.167521028657599   0.0507540108959398   0.00424816154092184   0
0.832211075045268   0.163318854329499   -0.0512938250492369   -0.00420217432810002   0
0.883850479893517   0.160786332405774   0.0516394048482492   -0.00253252192372477   0
0.917728584950365   0.150971126515975   0.0338781050568485   -0.00981520588979895   0
0.833451949575379   0.150159408289524   -0.0842766353749864   -0.000811718226450819   0
0.857195169266603   0.152089764265351   0.0237432196912239   0.00193035597582678   0
0.93763628008626   0.146892655235754   0.0804411108196574   -0.00519710902959719   0
0.819894694222374   0.140929514256773   -0.117741585863886   -0.00596314097898062   0
0.822738688355543   0.14388918112836   0.00284399413316938   0.00295966687158694   0
0.912671767610898   0.152128281864854   0.0899330792553541   0.00823910073649411   0
0.773645215912307   0.140844553532156   -0.139026551698591   -0.0112837283326976   0
0.972760892291112   0.233683373771055   0.199115676378805   0.0928388202388983   1
1.35026433160363   0.568433114611781   0.377503439312519   0.334749740840726   1
1.19829688151267   0.590830457102966   -0.151967450090956   0.0223973424911854   0
1.13972014512774   0.620911231856253   -0.0585767363849328   0.0300807747532871   0
1.19030044791473   0.619870497367192   0.0505803027869856   -0.00104073448906139   0
1.22114370885126   0.618082422881447   0.0308432609365286   -0.00178807448574481   0
1.2834571090839   0.587894143393392   0.0623134002326438   -0.0301882794880552   0
1.35841219544474   0.528670557259434   0.0749550863608412   -0.0592235861339583   0
1.2287412855577   0.48992724583197   -0.129670909887036   -0.0387433114274632   0
1.19534912843738   0.485760595126344   -0.0333921571203259   -0.00416665070562633   0
1.30079025117695   0.400127122531702   0.105441122739574   -0.0856334725946416   0
1.12760673661388   0.328687211022881   -0.173183514563074   -0.0714399115088213   0
1.08341016310814   0.327204448269732   -0.0441965735057412   -0.00148276275314874   0
1.12368002822512   0.310048674715761   0.0402698651169802   -0.017155773553971   0
1.08863290910619   0.276581119856815   -0.0350471191189299   -0.0334675548589461   0
1.0198246188816   0.304722394019951   -0.0688082902245875   0.0281412741631353   0
1.06110951717766   0.295019055946391   0.0412848982960572   -0.00970333807355928   0
1.06204583591011   0.261239819155695   0.000936318732451147   -0.0337792367906967   0
0.990293432449696   0.266719872268172   -0.0717524034604125   0.00548005311247746   0
1.0406033086902   0.234006814893263   0.0503098762405083   -0.0327130573749087   0
0.995476619331162   0.181166031366424   -0.0451266893590415   -0.0528407835268396   0
0.967678602092658   0.1923103734174   -0.0277980172385049   0.0111443420509768   0
1.03194256006088   0.239152946919518   0.0642639579682207   0.046842573502118   0
1.06911153143907   0.236349260127697   0.0371689713781949   -0.00280368679182094   0
0.984101530319408   0.280898446087923   -0.0850100011196655   0.0445491859602259   0
1.0761631615192   0.2283921379947   0.0920616311997926   -0.0525063080932236   0
0.974935512992013   0.347736439359884   -0.101227648527187   0.119344301365184   0
0.997901719543563   0.309991877881808   0.0229662065515498   -0.0377445614780753   0
1.10289496759438   0.236266374206509   0.104993248050813   -0.0737255036752997   0
0.987556318914015   0.247102348696249   -0.115338648680361   0.01083597448974   0
1.12333520741629   0.197982265306239   0.135778888502275   -0.0491200833900097   0
1.03820198758864   0.212630141900349   -0.0851332198276515   0.0146478765941098   0
1.00685176903455   0.189318902189533   -0.0313502185540904   -0.0233112397108158   0
1.15501439693971   0.158348580458659   0.148162627905161   -0.0309703217308738   0
1.02585766396465   0.13060675571141   -0.129156732975063   -0.027741824747249   0
1.06954479801315   0.127229092149604   0.043687134048509   -0.00337766356180599   0
1.07476540946246   0.114708440819824   0.00522061144930075   -0.0125206513297806   0
1.0502826270933   0.123849019211397   -0.0244827823691571   0.00914057839157335   0
1.12761723574491   0.104244844285953   0.0773346086516151   -0.0196041749254445   0
1.04702865483902   0.120669610274967   -0.0805885809058973   0.0164247659890147   0
1.13864609354926   0.0986880472556961   0.0916174387102482   -0.0219815630192712   0
1.08212378570568   0.113901447342604   -0.056522307843581   0.015213400086908   0
1.07426196263202   0.118784920541929   -0.00786182307366312   0.00488347319932543   0
1.17635226825343   0.0912216753854724   0.102090305621414   -0.0275632451564571   0
1.08553046248827   0.0997026479557213   -0.0908218057651633   0.00848097257024892   0
1.15123292918505   0.0939457295945909   0.0657024666967831   -0.00575691836113039   0
1.11405923506876   0.0986450983704969   -0.0371736941162899   0.00469936877590592   0
1.1382171364889   0.106047253314513   0.0241579014201396   0.00740215494401619   0
1.17318700557115   0.0911211089036768   0.0349698690822453   -0.0149261444108363   0
1.09203723371092   0.104179342814699   -0.0811497718602288   0.0130582339110218   0
1.22321858194437   0.0920083299631072   0.131181348233451   -0.0121710128515915   0
1.17108170624043   0.0966566935386526   -0.0521368757039407   0.00464836357554539   0
1.16669093759144   0.0866732151951945   -0.00439076864898835   -0.00998347834345803   0
1.21179699311807   0.0836997240527   0.0451060555266287   -0.00297349114249452   0
1.107001928478   0.103959353680333   -0.104795064640077   0.0202596296276327   0
1.14348806052097   0.129689409139837   0.0364861320429706   0.0257300554595042   0
1.12187192588994   0.157762064010213   -0.0216161346310269   0.028072654870376   0
1.06308512812521   0.182245745707547   -0.0587867977647258   0.0244836816973344   0
1.16820624153015   0.168077129642681   0.105121113404937   -0.0141686160648666   0
1.08558731341611   0.185380228739475   -0.0826189281140437   0.0173030990967941   0
1.19336717290237   0.207492569975409   0.107779859486266   0.0221123412359342   0
1.16470068127481   0.185107248243417   -0.028666491627565   -0.022385321731992   0
1.0993740300139   0.231658509736854   -0.0653266512609088   0.0465512614934369   0
1.17124268472422   0.253603940794499   0.0718686547103222   0.0219454310576456   0
1.19029751843856   0.240658972154063   0.0190548337143421   -0.0129449686404366   0
1.09039502958744   0.238306279416322   -0.0999024888511202   -0.00235269273774114   0
1.11447276298885   0.257773034938684   0.0240777334014068   0.0194667555223622   0
1.20164319934871   0.285356024191272   0.0871704363598591   0.0275829892525883   0
1.10196685834602   0.276052180638009   -0.0996763410026873   -0.00930384355326319   0
1.11824623476719   0.27937088822746   0.0162793764211699   0.00331870758945102   0
1.12841012171152   0.247290760173626   0.0101638869443257   -0.0320801280538338   0
1.07149049414542   0.261671629373056   -0.056919627566095   0.0143808691994296   0
1.19043053808864   0.231035873373054   0.118940043943215   -0.0306357560000017   0
1.09381037580469   0.240579078006588   -0.0966201622839451   0.00954320463353375   0
1.17341671982548   0.212877592259901   0.0796063440207933   -0.0277014857466875   0
1.12338030131296   0.212062869587064   -0.0500364185125231   -0.000814722672836915   0
1.14372533063581   0.218704839517785   0.0203450293228515   0.00664196993072111   0
1.19036867852527   0.196432828562972   0.0466433478894579   -0.0222720109548127   0
1.08622614889396   0.199424253877882   -0.104142529631313   0.00299142531491006   0
1.18880440834437   0.195830288579806   0.102578259450408   -0.00359396529807643   0
1.11014941799381   0.194984790587625   -0.0786549903505547   -0.000845497992180699   0
1.10581293479684   0.207615007194206   -0.00433648319697211   0.0126302166065805   0
1.1561022237484   0.218186902161908   0.0502892889515618   0.0105718949677025   0
1.07890204930429   0.248631065805341   -0.0772001744441104   0.0304441636434334   0
1.16390254291371   0.249466689488797   0.0850004936094186   0.000835623683455855   0
1.09744703678036   0.295269308767674   -0.0664555061333467   0.0458026192788767   0
1.04627644800502   0.329861508419064   -0.051170588775344   0.0345921996513897   0
1.21768081621088   0.274318613429024   0.171404368205863   -0.0555428949900393   0
1.12100274598103   0.299560607689412   -0.0966780702298566   0.0252419942603879   0
1.12441871116813   0.304107227541126   0.0034159651871053   0.0045466198517134   0
1.17179654863504   0.279942421251358   0.0473778374669127   -0.0241648062897681   0
1.07600528053026   0.290470956685862   -0.095791268104785   0.0105285354345046   0
1.10931516470433   0.300778459948863   0.033309884174074   0.0103075032630012   0
1.1688658629907   0.256440007845524   0.0595506982863701   -0.0443384521033392   0
