0.102545917135748   0.175058864218268   0   0   0
0.10352287097579   0.151754600068136   0.000976953840042163   -0.0233042641501318   0
0.110765153211024   0.153968524137533   0.00724228223523422   0.00221392406939644   0
0.144040000297452   0.174807075415556   0.0332748470864282   0.0208385512780236   0
0.123145882550963   0.129689127627724   -0.020894117746489   -0.0451179477878327   0
0.183199844603279   0.108109123750542   0.0600539620523159   -0.0215800038771817   0
0.196431552339543   0.135493649470782   0.0132317077362636   0.0273845257202403   0
0.139268896336331   0.116251183337214   -0.0571626560032121   -0.0192424661335685   0
0.113760981446936   0.121510579683335   -0.0255079148893951   0.00525939634612074   0
0.109089660876822   0.136700312242447   -0.00467132057011366   0.0151897325591124   0
0.0749236805953231   0.119420376381001   -0.0341659802814987   -0.0172799358614458   0
0.0553182985472258   0.116926884772194   -0.0196053820480974   -0.00249349160880694   0
0.0722982039994771   0.116729400975044   0.0169799054522513   -0.000197483797150733   0
0.0761864405136505   0.117615033985976   0.0038882365141734   0.000885633010932918   0
0.0768487594004941   0.0868644091602827   0.000662318886843594   -0.0307506248256938   0
0.10426771348908   0.0604506849266747   0.0274189540885861   -0.026413724233608   0
0.0863917185097044   0.0740398664078009   -0.0178759949793757   0.0135891814811261   0
0.103758566547683   0.0362441753044541   0.0173668480379788   -0.0377956911033468   0
0.0773443210416253   0.0276052042415918   -0.0264142455060579   -0.00863897106286225   0
0.10252029145813   0.0481657093249181   0.0251759704165051   0.0205605050833262   0
0.100425851546054   0.0525712176743606   -0.00209443991207676   0.00440550834944248   0
0.0641687655378378   0.0671558438739511   -0.0362570860082158   0.0145846261995906   0
0.0692591912495374   0.0497317454084662   0.00509042571169961   -0.0174240984654849   0
0.0801507255599723   0.0634649837000688   0.0108915343104349   0.0137332382916026   0
0.0845033353207434   0.049312585052753   0.00435260976077109   -0.0141523986473158   0
0.0781923976290534   0.0865961271544727   -0.00631093769168999   0.0372835421017197   0
0.0988978568392136   0.0638892162767867   0.0207054592101602   -0.022706910877686   0
0.0836401272894177   0.0901260450055454   -0.0152577295497959   0.0262368287287587   0
0.072514481534328   0.0949536778699093   -0.0111256457550897   0.00482763286436386   0
0.117427046801876   0.0655690284112858   0.0449125652675481   -0.0293846494586235   0
0.118112811428862   0.0903204987931865   0.000685764626986232   0.0247514703819007   0
0.130535510083502   0.0767532577335972   0.0124226986546395   -0.0135672410595893   0
0.127508576675689   0.0848682334551774   -0.00302693340781304   0.00811497572158022   0
0.130894344999354   0.102352386025791   0.00338576832366558   0.0174841525706134   0
0.147072749350075   0.0939836598825296   0.0161784043507207   -0.00836872614326123   0
0.151332360143493   0.107362592373927   0.00425961079341838   0.0133789324913974   0
0.145660355673224   0.119887715209118   -0.00567200447026983   0.0125251228351907   0
0.155689331334488   0.0941413736470979   0.0100289756612644   -0.0257463415620198   0
0.158282749206855   0.112562904131601   0.00259341787236647   0.0184215304845031   0
0.180701831208652   0.117775136631305   0.0224190820017971   0.00521223249970373   0
0.165563863154766   0.110813573453808   -0.0151379680538858   -0.00696156317749676   0
0.184988075348115   0.105419180053632   0.0194242121933496   -0.0053943934001759   0
0.186913151368463   0.126705572705396   0.00192507602034775   0.0212863926517643   0
0.18411379531336   0.114859078879714   -0.00279935605510262   -0.0118464938256822   0
0.159615031328506   0.138982178704348   -0.0244987639848543   0.0241230998246335   0
0.175511698514657   0.121628993314711   0.0158966671861513   -0.0173531853896367   0
0.178099969379223   0.131094225672796   0.00258827086456515   0.00946523235808519   0
0.164103230925445   0.160033460944024   -0.0139967384537773   0.028939235271228   0
0.162825507453409   0.147375422467588   -0.00127772347203667   -0.0126580384764363   0
0.164748959890677   0.165084453848659   0.00192345243726877   0.017709031381071   0
0.143512545140486   0.159854350193708   -0.0212364147501914   -0.0052301036549513   0
0.226131138123369   0.229977000815848   0.0826185929828827   0.0701226506221403   0
0.131236960348867   0.177182768360414   -0.0948941777745019   -0.0527942324554342   0
0.175335160833316   0.19171875396768   0.0440982004844497   0.0145359856072668   0
0.17422146937783   0.202351179477264   -0.00111369145548676   0.0106324255095838   0
0.214571585521103   0.210126861533343   0.0403501161432734   0.00777568205607826   0
0.198493105595635   0.216963012708094   -0.0160784799254678   0.00683615117475134   0
0.251248761661744   0.253170630079345   0.0527556560661091   0.0362076173712511   0
0.285047434350846   0.252440073512215   0.033798672689102   -0.000730556567129947   0
0.264554380833129   0.251176571139706   -0.0204930535177177   -0.00126350237250855   0
0.247280999409659   0.231346066125734   -0.0172733814234691   -0.0198305050139724   0
0.234328348791285   0.241568105812528   -0.0129526506183747   0.0102220396867935   0
0.263188258346834   0.248218471134382   0.0288599095555495   0.00665036532185442   0
0.251428459130803   0.253487996585969   -0.011759799216031   0.00526952545158663   0
0.264325916030116   0.247219563279972   0.0128974568993129   -0.00626843330599677   0
0.215905726984001   0.223089051615701   -0.0484201890461151   -0.0241305116642705   0
0.214867621635951   0.233152664587503   -0.00103810534805052   0.0100636129718013   0
0.174404864363125   0.216484422922072   -0.0404627572728256   -0.0166682416654306   0
0.18320281739201   0.232661618783315   0.00879795302888464   0.0161771958612428   0
0.165175758318828   0.227300976292277   -0.0180270590731812   -0.00536064249103729   0
0.157192072440057   0.252529518124337   -0.00798368587877182   0.0252285418320598   0
0.136149086975646   0.186395540758819   -0.0210429854644103   -0.0661339773655184   0
0.199355399479949   0.141006712159324   0.0632063125043026   -0.0453888285994947   0
0.271471014424818   0.113190921468387   0.0721156149448696   -0.0278157906909374   0
0.237131703495526   0.134094553554908   -0.0343393109292926   0.0209036320865209   0
0.244362199461557   0.149099573613374   0.00723049596603162   0.0150050200584666   0
0.222557012234304   0.184869304496237   -0.0218051872272538   0.0357697308828631   0
0.207061867727015   0.181329528408889   -0.0154951445072883   -0.00353977608734851   0
0.168867701828799   0.21207527550436   -0.0381941658982169   0.0307457470954708   0
0.154574866216536   0.221486266430726   -0.0142928356122625   0.00941099092636638   0
0.180455580543385   0.21509346666722   0.0258807143268487   -0.0063927997635059   0
0.152451549292588   0.22814244945385   -0.0280040312507967   0.01304898278663   0
0.157943757183056   0.218091400722472   0.00549220789046748   -0.0100510487313777   0
0.172592761614733   0.227201995394517   0.0146490044316774   0.00911059467204442   0
0.12319344373322   0.254643661369177   -0.049399317881513   0.02744166597466   0
0.142655967864124   0.247077870644201   0.0194625241309042   -0.00756579072497582   0
0.12400510526434   0.255959796101849   -0.0186508625997843   0.00888192545764782   0
0.128352588285356   0.22179144773291   0.00434748302101574   -0.0341683483689391   0
0.149041487879885   0.234270631153272   0.0206888995945297   0.0124791834203625   0
0.154861914450552   0.230552924623706   0.00582042657066642   -0.00371770652956666   0
0.16236340624873   0.25876641436425   0.00750149179817786   0.0282134897405443   0
0.177543552642274   0.242876130285235   0.0151801463935446   -0.0158902840790149   0
0.183263406560093   0.256382481550032   0.00571985391781898   0.0135063512647971   0
0.152401766014735   0.273461390936637   -0.0308616405453583   0.0170789093866046   0
0.150241446294689   0.313724649256354   -0.0021603197200456   0.0402632583197177   0
0.12491675878428   0.30241703750738   -0.0253246875104093   -0.0113076117489743   0
0.167690626380546   0.297156042796861   0.0427738675962663   -0.00526099471051872   0
0.122518290413309   0.287162744424869   -0.045172335967237   -0.00999329837199242   0
0.159906774617338   0.300060025168403   0.0373884842040283   0.012897280743534   0
0.107269784296828   0.303845392798003   -0.0526369903205092   0.0037853676295998   0
0.0999014607435227   0.285714535897878   -0.00736832355330574   -0.0181308569001243   0
0.0873299023403233   0.27853222304001   -0.0125715584031994   -0.00718231285786808   0
0.0976061038304982   0.289329803136507   0.0102762014901749   0.010797580096497   0
0.0917541535838569   0.276129177298529   -0.0058519502466413   -0.0132006258379782   0
0.108272435355773   0.361746524806766   0.0165182817719159   0.0856173475082374   0
0.0906546491547996   0.30203714768144   -0.0176177862009732   -0.0597093771253264   0
0.100235292170772   0.302512184515026   0.00958064301597228   0.000475036833585574   0
0.112683055372765   0.32125649071597   0.0124477632019935   0.0187443062009442   0
0.10033716133578   0.329214863327588   -0.0123458940369851   0.00795837261161825   0
0.0967617672390289   0.299009498962161   -0.00357539409675138   -0.0302053643654272   0
0.101191957302989   0.326983576661065   0.00443019006396037   0.027974077698904   0
0.090800686977247   0.319318532891535   -0.0103912703257422   -0.00766504376952953   0
0.115273960036124   0.313295751622792   0.0244732730588774   -0.00602278126874356   0
0.122620838742427   0.35220138995958   0.00734687870630309   0.038905638336788   0
0.113850592799873   0.325666565838746   -0.00877024594255493   -0.0265348241208335   0
0.122487057761422   0.336443123819796   0.00863646496154977   0.0107765579810496   0
0.106455109682204   0.3742456198719   -0.0160319480792187   0.0378024960521039   0
0.146723290928366   0.343726482711487   0.0402681812461626   -0.030519137160413   0
0.136286787954739   0.350167236678405   -0.0104365029736272   0.00644075396691812   0
0.11808253945258   0.351424973056284   -0.0182042485021595   0.00125773637787918   0
0.0985587448973453   0.395216206061976   -0.0195237945552342   0.0437912330056922   0
0.106624481598669   0.319393348273269   0.00806573670132364   -0.0758228577887068   0
0.0835388347126054   0.329528897072552   -0.0230856468860636   0.0101355487992824   0
0.104436470435474   0.321765068865857   0.0208976357228685   -0.00776382820669447   0
0.093540608101562   0.314148667563767   -0.0108958623339119   -0.00761640130209074   0
0.0994722063775103   0.299814552784888   0.00593159827594837   -0.0143341147788785   0
0.121340630263939   0.31504453579504   0.0218684238864289   0.0152299830101522   0
0.109343854096254   0.322930945909033   -0.0119967761676851   0.0078864101139921   0
0.12450330273306   0.315368893702443   0.015159448636806   -0.00756205220658995   0
0.108557136795975   0.313060898590039   -0.0159461659370852   -0.00230799511240387   0
0.14472868413763   0.298090782304355   0.0361715473416556   -0.0149701162856835   0
0.131433684559362   0.309692813571533   -0.013294999578268   0.0116020312671781   0
0.129607959497633   0.298134196006077   -0.00182572506172976   -0.0115586175654562   0
0.099983801339517   0.341114464855509   -0.0296241581581157   0.0429802688494315   0
0.143617869560233   0.264261407772418   0.0436340682207157   -0.076853057083091   0
0.197408995822278   0.273221748783699   0.0537911262620449   0.0089603410112809   0
0.146178062007437   0.274941514029784   -0.0512309338148409   0.00171976524608564   0
0.17841952848912   0.266463486306609   0.0322414664816836   -0.00847802772317496   0
0.157790305495141   0.27560096546221   -0.020629222993979   0.00913747915560126   0
0.144523885682956   0.306163055898164   -0.0132664198121857   0.0305620904359539   0
0.170774664641392   0.29458387492533   0.0262507789584368   -0.0115791809728342   0
0.188021129738123   0.31164125799337   0.0172464650967305   0.0170573830680396   0
0.165589252703851   0.300562918753549   -0.0224318770342713   -0.0110783392398207   0
0.157561073148922   0.285756169262139   -0.00802817955492932   -0.0148067494914096   0
0.180045616037964   0.306052848790711   0.0224845428890419   0.0202966795285718   0
0.162126017752735   0.283997170571574   -0.0179195982852296   -0.0220556782191368   0
0.149513874336464   0.291898408968639   -0.0126121434162704   0.00790123839706403   0
0.161592320751823   0.330765871236245   0.0120784464153587   0.038867462267607   0
0.204481606251247   0.301988701657318   0.0428892854994241   -0.0287771695789277   0
0.223694941436435   0.308937705750027   0.0192133351851878   0.00694900409270877   0
0.204076474956424   0.329213095100635   -0.0196184664800107   0.0202753893506089   0
0.17528859125331   0.31342062684281   -0.028787883703114   -0.0157924682578253   0
0.210270989069724   0.343885005014107   0.0349823978164139   0.0304643781712971   0
0.196416760151419   0.303878187973656   -0.0138542289183052   -0.0400068170404513   0
0.199039557994284   0.330284762184183   0.00262279784286534   0.0264065742105274   0
0.209143447541657   0.310064479040332   0.0101038895473732   -0.0202202831438513   0
0.229497257292021   0.314248759757397   0.0203538097503634   0.00418428071706539   0
0.283091097630003   0.325627252690361   0.0535938403379824   0.011378492932964   0
0.264225362039472   0.298227166584992   -0.0188657355905313   -0.0274000861053695   0
0.296974709721148   0.302338641783249   0.0327493476816759   0.00411147519825755   0
0.268883083668348   0.311236606797084   -0.0280916260527995   0.00889796501383427   0
0.239015898919486   0.290385559642108   -0.0298671847488622   -0.0208510471549762   0
0.271162428811146   0.327218251559322   0.0321465298916602   0.0368326919172148   0
0.276471295084246   0.28842657517913   0.00530886627309929   -0.038791676380192   0
0.347865003512296   0.311034365944026   0.0713937084280509   0.0226077907648961   0
0.354628316930558   0.259351053983815   0.00676331341826109   -0.0516833119602116   0
0.353154434752857   0.278628034201442   -0.0014738821777005   0.0192769802176273   0
0.396176462045248   0.300564819413904   0.0430220272923911   0.0219367852124615   0
0.355205267938076   0.300101473963262   -0.0409711941071726   -0.000463345450641472   0
0.396087565502996   0.274785316577615   0.0408822975649203   -0.0253161573856474   0
0.374739916705026   0.309734686852397   -0.0213476487979696   0.0349493702747824   0
0.375815544474733   0.301601503287451   0.00107562776970666   -0.00813318356494669   0
0.382634109944683   0.341932976806128   0.00681856546995041   0.0403314735186774   0
0.3632436169025   0.311097844082854   -0.0193904930421836   -0.0308351327232734   0
0.286601755796942   0.328721183552262   -0.0766418611055577   0.0176233394694076   0
0.33816059163362   0.303882076340889   0.0515588358366781   -0.0248391072113729   0
0.404359388700399   0.388838387273235   0.0661987970667784   0.0849563109323455   0
0.29732881814476   0.336635717794102   -0.107030570555638   -0.0522026694791331   0
0.303948549971554   0.304129794856571   0.00661973182679321   -0.0325059229375305   0
0.305429054766913   0.309908165426873   0.00148050479535949   0.00577837057030184   0
0.283015836330778   0.284165651179026   -0.0224132184361346   -0.0257425142478467   0
0.283525166800339   0.30211927702482   0.000509330469560421   0.0179536258457939   0
0.325623993291281   0.344283640628262   0.0420988264909418   0.0421643636034415   0
0.34447293904857   0.34009895236644   0.0188489457572896   -0.00418468826182167   0
0.372339892767683   0.35732578964126   0.0278669537191131   0.0172268372748201   0
0.401256608497156   0.35723636821228   0.0289167157294727   -8.94214289795525e-05   0
0.349139965584592   0.382635052567391   -0.0521166429125642   0.0253986843551104   0
0.417574880325685   0.333608190072576   0.0684349147410929   -0.0490268624948149   0
0.426148384370761   0.33140802221959   0.00857350404507629   -0.00220016785298643   0
0.454715477451736   0.306567117004172   0.0285670930809747   -0.0248409052154171   0
0.363955094578012   0.285365395943517   -0.0907603828737233   -0.0212017210606559   0
0.354725455413408   0.265918978802285   -0.00922963916460406   -0.0194464171412318   0
0.358151268247036   0.291625908935146   0.00342581283362714   0.0257069301328611   0
0.355539828350763   0.290880546479135   -0.00261143989627255   -0.000745362456011311   0
0.352039593570965   0.290174900756854   -0.00350023477979827   -0.000705645722280712   0
0.400921714738676   0.29138798106691   0.048882121167711   0.00121308031005629   0
0.370382678763802   0.258323171145176   -0.0305390359748733   -0.0330648099217339   0
0.387955645417824   0.264636479971111   0.0175729666540212   0.00631330882593434   0
0.385084053991138   0.25966902138973   -0.00287159142668519   -0.0049674585813807   0
0.320045992281047   0.266863496130981   -0.0650380617100914   0.0071944747412509   0
0.239270876285519   0.201111540693374   -0.0807751159955283   -0.0657519554376071   0
0.275867524919861   0.231131665429036   0.0365966486343421   0.0300201247356627   0
0.286218124219973   0.241952385293057   0.0103505993001124   0.0108207198640209   0
0.313283612896063   0.242917485854765   0.0270654886760894   0.000965100561707871   0
0.342839447334011   0.254035328092866   0.0295558344379482   0.0111178422381008   0
0.334113608908168   0.285523867405599   -0.00872583842584324   0.031488539312733   0
0.342772732869886   0.291773223133138   0.00865912396171803   0.00624935572753932   0
0.325694214307546   0.320774741582391   -0.0170785185623392   0.0290015184492532   0
0.367261020404235   0.307996225322243   0.0415668060966886   -0.0127785162601482   0
0.491441359853414   0.419158591454356   0.124180339449179   0.111162366132113   0
0.315112638710001   0.336447975711328   -0.176328721143413   -0.0827106157430289   0
0.320980597474738   0.287842414834923   0.00586795876473745   -0.0486055608764043   0
0.377686502337587   0.288388839422142   0.0567059048628484   0.000546424587218819   0
0.39554794564486   0.346606253297961   0.017861443307273   0.0582174138758185   0
0.368008315471512   0.343466588436925   -0.0275396301733475   -0.00313966486103562   0
0.395606991089187   0.349106866207899   0.0275986756176747   0.00564027777097426   0
0.454122146390075   0.362595693250072   0.0585151553008883   0.0134888270421724   0
0.488902221705568   0.346995883055549   0.0347800753154924   -0.0155998101945229   0
0.485197323073046   0.35388884426434   -0.00370489863252138   0.0068929612087909   0
0.500352940531981   0.38839676536565   0.0151556174589346   0.0345079211013107   0
0.514996749015611   0.375574498658722   0.01464380848363   -0.0128222667069288   0
0.449786931384583   0.346183502536227   -0.0652098176310274   -0.0293909961224944   0
0.417486846721379   0.319241558307733   -0.0323000846632047   -0.0269419442284937   0
0.403106423855897   0.323807456947026   -0.0143804228654819   0.00456589863929235   0
0.434351612768837   0.333266050926658   0.0312451889129405   0.00945859397963245   0
0.442227410108464   0.333716966983251   0.00787579733962707   0.00045091605659231   0
0.462120088922392   0.357174051852525   0.019892678813928   0.0234570848692741   0
0.47604376900345   0.345956039503938   0.0139236800810575   -0.0112180123485872   0
0.452841554173466   0.34625818015608   -0.0232022148299841   0.000302140652141958   0
0.492610232461822   0.337813692712788   0.0397686782883558   -0.00844448744329146   0
0.529132351515205   0.422480924140369   0.0365221190533829   0.0846672314275807   0
0.4261885816843   0.318348372718473   -0.102943769830904   -0.104132551421895   0
0.496156192926651   0.3447440351761   0.0699676112423506   0.0263956624576266   0
0.54374097403154   0.381668475851425   0.0475847811048892   0.0369244406753254   0
0.492833960596355   0.357526214361269   -0.0509070134351848   -0.0241422614901564   0
0.496581890989883   0.36744471154107   0.003747930393528   0.00991849717980087   0
0.486927661597577   0.360285915630212   -0.00965422939230604   -0.00715879591085805   0
0.50829823228888   0.378384350089297   0.0213705706913024   0.0180984344590858   0
0.447064640770706   0.348238376201202   -0.0612335915181743   -0.0301459738880953   0
0.480741971387034   0.374221887171568   0.0336773306163288   0.0259835109703662   0
0.444577760491354   0.363789943206928   -0.0361642108956799   -0.0104319439646402   0
0.441733599459686   0.371476462486521   -0.00284416103166879   0.00768651927959335   0
0.466745069837154   0.373331160275298   0.0250114703774685   0.00185469778877617   0
0.466546799030162   0.36488527876101   -0.000198270806992584   -0.00844588151428755   0
0.48066329788355   0.379785654426612   0.014116498853388   0.014900375665602   0
0.493637119264587   0.369324774337236   0.0129738213810374   -0.0104608800893764   0
0.509963329851559   0.40125130864366   0.016326210586972   0.0319265343064247   0
0.475152721227197   0.38118824108044   -0.0348106086243624   -0.0200630675632199   0
0.511978775266719   0.360934267742064   0.0368260540395228   -0.0202539733383764   0
0.510631086951274   0.362782574593929   -0.00134768831544507   0.00184830685186543   0
0.502165025483416   0.356962606814075   -0.00846606146785822   -0.00581996777985433   0
0.457688029928782   0.352549821235595   -0.0444769955546337   -0.00441278557848013   0
0.481895352858315   0.3624691212   0.0242073229295326   0.00991929996440455   0
0.395086991693171   0.342724854394163   -0.0868083611651437   -0.019744266805837   0
0.41467789264417   0.336790741700614   0.019590900950999   -0.00593411269354821   0
0.413708955927002   0.302825120931207   -0.000968936717168412   -0.0339656207694077   0
0.493349325843261   0.329873625163107   0.0796403699162591   0.0270485042319002   0
0.403469035444717   0.269363692309301   -0.0898802903985443   -0.0605099328538056   0
0.436395119340134   0.325586675116243   0.0329260838954176   0.0562229828069416   0
0.456863907220222   0.310728920332498   0.0204687878800882   -0.0148577547837448   0
0.494057327824666   0.350591358738703   0.037193420604444   0.0398624384062049   0
0.482321655550951   0.342106588749033   -0.0117356722737156   -0.00848476998967013   0
0.50791767009354   0.379814530091333   0.025596014542589   0.0377079413422999   0
0.496033153012982   0.378322351767973   -0.0118845170805583   -0.00149217832335979   0
0.560413748524863   0.420924574933265   0.0643805955118819   0.0426022231652921   0
0.520616942382788   0.391792283052512   -0.039796806142075   -0.0291322918807528   0
0.585932653214225   0.437173958899944   0.0653157108314362   0.0453816758474317   0
0.598461785664768   0.418575439481642   0.0125291324505432   -0.0185985194183018   0
0.64864565822058   0.425336548599753   0.0501838725558126   0.00676110911811062   0
0.609622082728014   0.401961555551025   -0.0390235754925664   -0.0233749930487276   0
0.618065120006642   0.402277603033962   0.00844303727862805   0.000316047482936732   0
0.582087718805961   0.409419501055153   -0.0359774012006808   0.00714189802119042   0
0.562896385564351   0.386065850383714   -0.0191913332416107   -0.0233536506714388   0
0.573484723499458   0.39890614301299   0.0105883379351076   0.0128402926292763   0
0.567381026131127   0.410125516985045   -0.00610369736833161   0.0112193739720545   0
0.485974174768835   0.389085187230252   -0.0814068513622917   -0.0210403297547929   0
0.534242487291015   0.330960916607989   0.0482683125221799   -0.0581242706222631   0
0.591297602676216   0.322394089445666   0.0570551153852011   -0.00856682716232277   0
0.534412959371309   0.291586036288606   -0.0568846433049073   -0.0308080531570603   0
0.548831758616099   0.316599939653342   0.0144187992447904   0.0250139033647367   0
0.574923745082772   0.318457382701359   0.0260919864666729   0.00185744304801699   0
0.54993820527492   0.33930373374493   -0.0249855398078519   0.0208463510435702   0
0.624347075265865   0.344447287879074   0.0744088699909453   0.00514355413414497   0
0.662666542151662   0.418343360683841   0.0383194668857963   0.0738960728047662   0
0.62245755589734   0.332896992950147   -0.0402089862543218   -0.085446367733694   0
0.638824258459273   0.349413041817632   0.0163667025619332   0.016516048867485   0
0.620898734665815   0.370058260709716   -0.0179255237934581   0.0206452188920841   0
0.619771737010684   0.368512364569698   -0.00112699765513125   -0.00154589614001782   0
0.670479646003784   0.378587840178802   0.0507079089931007   0.0100754756091039   0
0.680767619949833   0.349239730600987   0.0102879739460484   -0.0293481095778148   0
0.743365170880369   0.384177287637492   0.062597550930536   0.0349375570365047   0
0.716926089701895   0.37966778450739   -0.0264390811784735   -0.00450950313010157   0
0.699909216461114   0.367454219283845   -0.0170168732407817   -0.0122135652235452   0
0.713434780856498   0.356315696825863   0.0135255643953849   -0.0111385224579824   0
0.689815885780032   0.339205799881871   -0.0236188950764665   -0.0171098969439915   0
0.661237955160327   0.340242947222643   -0.0285779306197054   0.00103714734077159   0
0.65073452089903   0.317200943271375   -0.0105034342612967   -0.0230420039512679   0
0.662958577430061   0.32446607158646   0.012224056531031   0.00726512831508552   0
0.708595677008469   0.294162037022965   0.0456370995784078   -0.0303040345634958   0
0.716908078437536   0.365385741143179   0.00831240142906731   0.0712237041202142   0
0.591894967695249   0.26960235180215   -0.125013110742287   -0.0957833893410293   0
0.688213665269072   0.265506863680113   0.0963186975738227   -0.00409548812203675   0
0.637963413440426   0.289771343604613   -0.0502502518286456   0.0242644799244999   0
0.663264921617305   0.296359097579845   0.025301508176879   0.00658775397523215   0
0.677998338389557   0.290501454250301   0.0147334167722516   -0.00585764332954336   0
0.690442924103043   0.261827507180987   0.0124445857134859   -0.0286739470693141   0
0.68943200404591   0.257795063013744   -0.00101092005713244   -0.0040324441672438   0
0.7208418095366   0.272991303018265   0.0314098054906898   0.0151962400045211   0
0.719387048755265   0.257130983718164   -0.00145476078133522   -0.0158603193001003   0
0.687514912292737   0.231315128948925   -0.0318721364625278   -0.0258158547692389   0
0.740836175194516   0.24906397849661   0.0533212629017793   0.0177488495476849   0
0.641351498603535   0.23668570519763   -0.0994846765909816   -0.01237827329898   0
0.644701805980292   0.219608074886922   0.00335030737675712   -0.0170776303107082   0
0.672575272746895   0.227248826052985   0.027873466766603   0.00764075116606316   0
0.691819914572434   0.187285860984058   0.0192446418255392   -0.0399629650689271   0
