0   0   0   0   0
0.0824705791536594   0.0719460496135993   0.0824705791536594   0.0719460496135993   0
0.1046725963928   0.0852001311347142   0.0222020172391406   0.0132540815211149   0
0.13864613273514   0.0684823049619754   0.0339735363423398   -0.0167178261727388   0
0.111955765822757   0.0375107515153989   -0.0266903669123828   -0.0309715534465765   0
0.107679180661584   0.0388171263250192   -0.00427658516117319   0.00130637480962033   0
0.110502381292396   0.0279539901434929   0.00282320063081189   -0.0108631361815263   0
0.0739700158190466   0.108319592480181   -0.0365323654733491   0.0803656023366881   0
0.0953545145381193   0.0771668579175186   0.0213844987190727   -0.0311527345626625   0
0.0991122197536207   0.100469011055275   0.00375770521550145   0.0233021531377566   0
0.120544318629419   0.0755060771611299   0.0214320988757983   -0.0249629338941453   0
0.108982438624257   0.12342535409535   -0.0115618800051618   0.04791927693422   0
0.124498261660326   0.133053620426127   0.0155158230360683   0.00962826633077753   0
0.0997774575587592   0.141429366451455   -0.0247208041015664   0.00837574602532776   0
0.129908876768449   0.124879076058602   0.0301314192096895   -0.0165502903928536   0
0.0848077000027527   0.135422933951898   -0.045101176765696   0.0105438578932959   0
0.0876447965079074   0.105138871627969   0.00283709650515471   -0.0302840623239287   0
0.107827599061198   0.144928730102842   0.0201828025532907   0.0397898584748735   0
0.107172767129808   0.126218569276672   -0.000654831931390404   -0.0187101608261705   0
0.0910018558780534   0.150187323010599   -0.0161709112517544   0.0239687537339272   0
0.135697956617482   0.0990695510806045   0.0446961007394285   -0.0511177719299945   0
0.0925256458075814   0.119585147760874   -0.0431723108099005   0.0205155966802692   0
0.135735407106178   0.299743918259404   0.0432097612985971   0.18015877049853   0
0.198712023463604   0.191731432013794   0.0629766163574258   -0.10801248624561   0
0.140855337904568   0.234879730550552   -0.0578566855590364   0.0431482985367584   0
0.218612466640766   0.190278465139936   0.0777571287361981   -0.0446012654106158   0
0.166372806035031   0.227255308291138   -0.0522396606057351   0.0369768431512012   0
0.197558086091762   0.229913148240966   0.031185280056731   0.00265783994982857   0
0.1746848468231   0.253906258884554   -0.0228732392686616   0.0239931106435875   0
0.239114909440399   0.22055346873756   0.0644300626172983   -0.0333527901469934   0
0.157020845220754   0.237751582401674   -0.0820940642196445   0.0171981136641137   0
0.214502846273983   0.240381663571704   0.057482001053229   0.00263008117003019   0
0.160749166284743   0.222701764153879   -0.0537536799892399   -0.0176798994178251   0
0.164045453002057   0.237236475602404   0.00329628671731355   0.0145347114485248   0
0.16807016758262   0.21106223420046   0.00402471458056339   -0.0261742414019435   0
0.162207049904281   0.235475315632552   -0.0058631176783388   0.0244130814320916   0
0.206510227287294   0.230540010626008   0.0443031773830131   -0.00493530500654374   0
0.173393094963121   0.224809573195271   -0.0331171323241731   -0.00573043743073709   0
0.163097163167297   0.26341051923566   -0.010295931795824   0.0386009460403887   0
0.213056506338107   0.239225003178368   0.0499593431708101   -0.0241855160572923   0
0.14360902403909   0.270924537475383   -0.0694474822990171   0.031699534297015   0
0.191055374807829   0.234130791158964   0.0474463507687387   -0.0367937463164185   0
0.144715790490223   0.264966283725873   -0.0463395843176064   0.0308354925669092   0
0.241755602765189   0.224700353547013   0.0970398122749667   -0.0402659301788607   0
0.142378828758387   0.250285134106582   -0.0993767740068026   0.0255847805595698   0
0.192905507554865   0.229860019343969   0.0505266787964781   -0.020425114762613   0
0.141780813268404   0.23858749411589   -0.0511246942864609   0.00872747477192087   0
0.202792751756565   0.247111587193923   0.0610119384881616   0.00852409307803303   0
0.151445821607762   0.241261336180712   -0.0513469301488037   -0.0058502510132114   0
0.137779516309319   0.24015647054837   -0.0136663052984424   -0.00110486563234219   0
0.177831439768703   0.218227645392151   0.0400519234593841   -0.0219288251562185   0
0.131879263347541   0.219183635173021   -0.0459521764211627   0.000955989780869804   0
0.158309169785013   0.234777310919843   0.026429906437472   0.0155936757468216   0
0.168264053569085   0.22732120070319   0.0099548837840725   -0.00745611021665263   0
0.120144195115936   0.258014673592899   -0.0481198584531493   0.0306934728897085   0
0.190866043770598   0.2200313535022   0.0707218486546624   -0.0379833200906988   0
0.137065745617496   0.243235525658774   -0.0538002981531029   0.023204172156574   0
0.231824586063342   0.212714882028979   0.0947588404458468   -0.0305206436297947   0
0.140506479896729   0.235580306724161   -0.091318106166613   0.0228654246951824   0
0.151471782022263   0.230139529358002   0.0109653021255338   -0.00544077736615986   0
0.18626031415468   0.246405291269283   0.0347885321324166   0.016265761911281   0
0.197476343170923   0.235211941019881   0.0112160290162429   -0.0111933502494016   0
0.152703838229234   0.254222626103087   -0.0447725049416889   0.019010685083206   0
0.20475645240932   0.209520882206482   0.0520526141800859   -0.0447017438966051   0
0.154996047735741   0.218744805500319   -0.049760404673579   0.00922392329383726   0
0.170137730596949   0.234625019029387   0.0151416828612083   0.0158802135290673   0
0.190890033186151   0.21925478144038   0.0207523025892025   -0.0153702375890064   0
0.142448117244315   0.246827065101763   -0.0484419159418368   0.0275722836613829   0
0.206156177848761   0.222300031288622   0.0637080606044464   -0.0245270338131407   0
0.148464859637188   0.24105058768522   -0.0576913182115728   0.0187505563965977   0
0.194040489206789   0.2579232316767   0.0455756295696008   0.0168726439914795   0
0.169439002520937   0.265928249730543   -0.0246014866858523   0.00800501805384335   0
0.185955185913166   0.271383977383522   0.0165161833922289   0.00545572765297908   0
0.208767253687569   0.254307870267757   0.0228120677744038   -0.0170761071157647   0
0.169584586292063   0.281421910831406   -0.039182667395507   0.027114040563649   0
0.225184979637097   0.259678885282983   0.0556003933450349   -0.0217430255484236   0
0.177309240018365   0.261494892357499   -0.0478757396187329   0.00181600707451635   0
0.142120948187239   0.274196619754876   -0.0351882918311251   0.0127017273973768   0
0.201481155614018   0.266814890149168   0.0593602074267782   -0.00738172960570804   0
0.15821832655783   0.255778584144124   -0.0432628290561881   -0.0110363060050443   0
0.214507554790035   0.245215373387564   0.0562892282322057   -0.0105632107565594   0
0.197027020454048   0.241669846647425   -0.0174805343359869   -0.00354552674013897   0
0.157103807912762   0.261693575362484   -0.0399232125412865   0.0200237287150586   0
0.195197088233303   0.196016540592809   0.0380932803205414   -0.0656770347696744   0
0.141831137958419   0.235847523467897   -0.0533659502748842   0.039830982875087   0
0.206418288649746   0.213243750817492   0.0645871506913273   -0.0226037726504048   0
0.156520074861634   0.241546405000675   -0.0498982137881121   0.0283026541831831   0
0.212683719221782   0.235179306342294   0.0561636443601482   -0.00636709865838092   0
0.156409456303921   0.242808084384046   -0.0562742629178617   0.00762877804175213   0
0.236239414770271   0.227911059142426   0.07982995846635   -0.0148970252416198   0
0.141410523494965   0.242541529770677   -0.0948288912753059   0.0146304706282504   0
0.2164906260054   0.220484643278058   0.0750801025104352   -0.0220568864926186   0
0.142625976503721   0.228201785333102   -0.073864649501679   0.00771714205504365   0
0.183948928103129   0.243815213590462   0.0413229515994076   0.0156134282573601   0
0.175798438306602   0.21252546216136   -0.00815048979652711   -0.0312897514291021   0
0.152767680886698   0.238079602953261   -0.0230307574199035   0.0255541407919015   0
0.196266458308189   0.212318105126865   0.0434987774214907   -0.0257614978263962   0
0.148707962536409   0.230130523442964   -0.0475584957717798   0.0178124183160988   0
0.18421459114511   0.22917181474924   0.035506628608701   -0.000958708693723748   0
0.16362034220194   0.217205598156246   -0.0205942489431697   -0.0119662165929943   0
0.164460474252752   0.23903669286085   0.000840132050811543   0.0218310947046046   0
0.195649076784839   0.222455832160047   0.0311886025320878   -0.0165808607008028   0
0.134980281413435   0.219891783025338   -0.0606687953714049   -0.00256404913470906   0
0.155824842397674   0.236057244462318   0.0208445609842396   0.0161654614369795   0
0.156872225760713   0.219511145895636   0.00104738336303847   -0.0165460985666823   0
0.139209029770845   0.228635298511079   -0.0176631959898677   0.00912415261544297   0
0.182439100690093   0.213150665943254   0.0432300709192483   -0.0154846325678249   0
0.124655019981186   0.234237042517831   -0.0577840807089068   0.021086376574577   0
0.197033838672447   0.212763919349953   0.0723788186912609   -0.021473123167878   0
0.13799329215846   0.237387443738443   -0.0590405465139877   0.0246235243884905   0
0.229526140045094   0.221190214662177   0.0915328478866342   -0.016197229076266   0
0.139886445140891   0.227633345282408   -0.0896396949042025   0.00644313062023091   0
0.193998415791573   0.228226460259932   0.0541119706506816   0.000593114977524067   0
0.145596252842084   0.233800566002844   -0.0484021629494888   0.00557410574291145   0
0.200141183357374   0.235093346903889   0.0545449305152899   0.00129278090104587   0
0.178225298624971   0.222819988904519   -0.0219158847324033   -0.0122733579993704   0
0.146968207227175   0.250589864079236   -0.0312570913977953   0.027769875174717   0
0.196583686888536   0.238786834642878   0.0496154796613606   -0.0118030294363584   0
0.150652280883165   0.247846595221182   -0.0459314060053712   0.00905976057830449   0
0.142000301055667   0.256961128983549   -0.00865197982749807   0.00911453376236665   0
0.203208770736009   0.250749288254982   0.0612084696803425   -0.00621184072856684   0
0.137894859006781   0.247920264410253   -0.0653139117292284   -0.00282902384472844   0
0.19697107640971   0.250776553151725   0.0590762174029295   0.00285628874147165   0
0.176696378949881   0.239203193684559   -0.0202746974598293   -0.0115733594671665   0
0.15857791325358   0.222747262914727   -0.018118465696301   -0.0164559307698317   0
0.152472254363671   0.231767777291457   -0.00610565888990913   0.00902051437673021   0
0.201100799974167   0.224412671760944   0.0486285456104961   -0.00735510553051363   0
0.138689388630025   0.227044578664081   -0.0624114113441426   0.00263190690313736   0
0.183529516807079   0.230745989623103   0.0448401281770547   0.00370141095902177   0
0.146919051607373   0.219045204644932   -0.036610465199706   -0.011700784978171   0
0.162063616940262   0.220858600167505   0.0151445653328888   0.0018133955225737   0
0.151616167651244   0.213665892864426   -0.0104474492890185   -0.00719270730307908   0
0.138295339686339   0.216658432497843   -0.0133208279649042   0.00299253963341697   0
0.198024603481588   0.220749406202514   0.0597292637952482   0.00409097370467068   0
0.131418219013879   0.201620381818654   -0.0666063844677081   -0.0191290243838595   0
0.166169791404485   0.208416049052142   0.0347515723906053   0.00679566723348787   0
0.139382855400691   0.20072106271488   -0.0267869360037936   -0.00769498633726204   0
0.149731471583365   0.229270089434143   0.0103486161826736   0.0285490267192629   0
0.178118029921622   0.220955146138289   0.0283865583382576   -0.00831494329585453   0
0.132251091655381   0.219690363504871   -0.0458669382662414   -0.00126478263341734   0
0.193135448310661   0.215926544361317   0.0608843566552799   -0.00376381914355386   0
0.132247752103996   0.235197866244578   -0.0608876962066649   0.0192713218832607   0
0.184098989531284   0.222725370252145   0.0518512374272884   -0.0124724959924334   0
0.171537482457363   0.24331228617818   -0.0125615070739218   0.020586915926035   0
0.196995287609653   0.237094874874019   0.0254578051522906   -0.00621741130416081   0
0.139242294276021   0.276932852553647   -0.0577529933336323   0.0398379776796279   0
0.204615297372924   0.251949323125703   0.0653730030969028   -0.0249835294279437   0
0.171048632676792   0.242963701962994   -0.0335666646961321   -0.0089856211627094   0
0.144055798009001   0.272459746473218   -0.026992834667791   0.0294960445102238   0
0.207315143201938   0.244328507682014   0.0632593451929372   -0.0281312387912035   0
0.125685278963171   0.261031834300934   -0.0816298642387673   0.0167033266189194   0
0.187393810797048   0.262094742375734   0.0617085318338779   0.00106290807480075   0
0.169993333355311   0.244834902376663   -0.0174004774417371   -0.0172598399990715   0
0.143791344287234   0.285181240223213   -0.0262019890680769   0.0403463378465503   0
0.23507213199918   0.261960475825274   0.0912807877119458   -0.023220764397939   0
0.152318274564019   0.272425435406319   -0.0827538574351608   0.0104649595810449   0
0.17569840493869   0.276772549623445   0.0233801303746709   0.0043471142171263   0
0.184688109359563   0.270504250853919   0.00898970442087293   -0.00626829876952623   0
0.158512848382615   0.28494182870325   -0.0261752609769479   0.0144375778493313   0
0.175190723861682   0.2778895972483   0.0166778754790664   -0.00705223145495021   0
0.200877173090921   0.273602068944462   0.0256864492292397   -0.00428752830383838   0
0.150584024419325   0.288945363276952   -0.050293148671596   0.0153432943324906   0
0.21545701620379   0.285204659716948   0.0648729917844641   -0.00374070356000461   0
0.172675451974506   0.258478768728227   -0.0427815642292833   -0.0267258909887213   0
0.182579170633345   0.269112110047286   0.00990371865883846   0.0106333413190594   0
0.194117072326702   0.248375905755898   0.0115379016933572   -0.0207362042913883   0
0.160721939324568   0.252736321561534   -0.0333951330021342   0.00436041580563626   0
0.180383425193142   0.256964727369809   0.0196614858685748   0.00422840580827472   0
0.159366066062791   0.254585480214652   -0.021017359130351   -0.00237924715515642   0
0.200920080915273   0.284711101180872   0.0415540148524819   0.0301256209662203   0
0.193332029374985   0.28041494559575   -0.00758805154028855   -0.00429615558512253   0
0.148640498283072   0.287093567330844   -0.0446915310919126   0.00667862173509426   0
0.206718000386735   0.282502425483769   0.0580775021036624   -0.0045911418470751   0
0.1379895526786   0.286523608291987   -0.068728447708135   0.00402118280821789   0
0.209770765134921   0.278765502095332   0.071781212456321   -0.00775810619665501   0
0.150430695030536   0.284330058673173   -0.059340070104385   0.00556455657784105   0
0.244570515682103   0.267626075064828   0.0941398206515678   -0.0167039836083449   0
0.146745424416981   0.275436086091261   -0.097825091265122   0.00781001102643286   0
0.208565803736591   0.275434105102954   0.0618203793196091   -1.98098830717086e-06   0
0.164292555047665   0.270308296353451   -0.0442732486889256   -0.00512580874950297   0
0.157166722271637   0.273716697631502   -0.00712583277602749   0.00340840127805098   0
0.203662911950826   0.272188164758104   0.0464961896791888   -0.00152853287339738   0
0.175265033006273   0.261925263426661   -0.0283978789445531   -0.0102629013314438   0
0.168113983716882   0.270016891241872   -0.00715104928939131   0.00809162781521139   0
0.209110565096578   0.271855886409656   0.0409965813796958   0.00183899516778435   0
0.158256951439644   0.277655171203442   -0.0508536136569331   0.00579928479378522   0
0.166670668587967   0.283386386788392   0.0084137171483227   0.00573121558495021   0
0.20582471620408   0.30785308925749   0.0391540476161126   0.024466702469098   0
0.176729000687606   0.293102765137715   -0.0290957155164733   -0.0147503241197753   0
0.144581281000896   0.289613754300883   -0.0321477196867107   -0.00348901083683112   0
0.185743739647289   0.290865412576779   0.0411624586463935   0.0012516582758958   0
0.134020626140009   0.28618162316045   -0.0517231135072805   -0.00468378941632891   0
0.218073578631525   0.279926023235944   0.0840529524915164   -0.00625559992450681   0
0.134840846356584   0.294744537862998   -0.0832327322749408   0.0148185146270549   0
0.21544874797095   0.314201622261873   0.0806079016143658   0.0194570843988742   0
0.192067835011383   0.291180483251114   -0.0233809129595668   -0.0230211390107583   0
0.165203339943356   0.301232364868867   -0.0268644950680275   0.0100518816177522   0
0.187979578330334   0.277009365604058   0.0227762383869777   -0.0242229992648089   0
0.148345216724571   0.291791798004176   -0.0396343616057624   0.0147824324001186   0
0.194833997869982   0.301219260554272   0.0464887811454104   0.00942746255009597   0
0.162967985866458   0.283300221566014   -0.0318660120035238   -0.0179190389882584   0
0.170577703807854   0.307843906573612   0.00760971794139625   0.0245436850075978   0
0.20393829105298   0.290110213316439   0.033360587245126   -0.0177336932571722   0
0.14750194448142   0.290918858627384   -0.0564363465715597   0.000808645310944878   0
0.214201296083941   0.305409475451974   0.0666993516025203   0.0144906168245899   0
0.155257319189306   0.29316808126773   -0.0589439768946348   -0.0122413941842439   0
0.196089957356847   0.292597278964706   0.040832638167541   -0.000570802303024198   0
0.199090163843546   0.290289248281455   0.00300020648669919   -0.00230803068325058   0
0.155426601173673   0.287120646336631   -0.0436635626698731   -0.00316860194482405   0
0.186741359065125   0.290487311465686   0.0313147578914522   0.00336666512905465   0
0.189771214004021   0.310993350774566   0.00302985493889601   0.0205060393088803   0
0.173612633273503   0.295415550344096   -0.0161585807305177   -0.0155778004304705   0
0.184531893017684   0.309886767546555   0.0109192597441806   0.014471217202459   0
0.209783341949355   0.285254978729824   0.0252514489316709   -0.0246317888167306   0
0.132803157404333   0.301123859911416   -0.0769801845450221   0.0158688811815916   0
0.219386735947299   0.284814302001695   0.0865835785429664   -0.0163095579097212   0
0.144464946707255   0.29690610489574   -0.0749217892400444   0.012091802894045   0
0.174160699163158   0.310317436912478   0.029695752455903   0.0134113320167387   0
0.213736471453072   0.303966008912214   0.0395757722899144   -0.00635142800026472   0
0.152229453137164   0.323500203950079   -0.0615070183159084   0.019534195037865   0
0.204536457559062   0.313118559901254   0.0523070044218981   -0.010381644048825   0
0.161318325267931   0.312124278406443   -0.043218132291131   -0.000994281494811067   0
0.179627878846826   0.319330897329729   0.018309553578895   0.00720661892328645   0
0.21567157963072   0.306977563456175   0.036043700783894   -0.012353333873554   0
0.142728119110601   0.319787843739658   -0.0729434605201187   0.012810280283483   0
0.199528543306365   0.308134217252762   0.0568004241957637   -0.0116536264868958   0
0.179907432115547   0.305205161109761   -0.0196211111908185   -0.00292905614300148   0
0.134718145705395   0.331700830627917   -0.0451892864101517   0.0264956695181561   0
0.219409347802321   0.323148218628248   0.0846912020969265   -0.00855261199966878   0
0.163100947169445   0.319603578530646   -0.0563084006328766   -0.0035446400976018   0
0.20392874378932   0.312643864271354   0.040827796619875   -0.00695971425929198   0
0.15987625432221   0.305943232698772   -0.0440524894671096   -0.00670063157258222   0
0.245797554346438   0.303876598101557   0.0859213000242276   -0.00206663459721534   0
0.17135634562878   0.331153758762912   -0.0744412087176574   0.0272771606613554   0
0.21901990087088   0.351354406023562   0.0476635552420995   0.0202006472606497   0
0.232082219848505   0.342821751096842   0.0130623189776257   -0.00853265492672001   0
0.192428704968879   0.34705713188249   -0.0396535148796262   0.00423538078564806   0
0.228050608506292   0.343342519459249   0.0356219035374126   -0.00371461242324062   0
0.207952895467344   0.318821098901667   -0.0200977130389479   -0.0245214205575826   0
0.177701939688344   0.335864380325996   -0.0302509557789996   0.0170432814243288   0
0.246636134571882   0.318454125437271   0.0689341948835381   -0.0174102548887245   0
0.157993069833268   0.299513682982356   -0.0886430647386142   -0.0189404424549156   0
0.199751406581406   0.285960258350898   0.0417583367481373   -0.0135534246314572   0
0.114748227318639   0.290036037655478   -0.0850031792627663   0.00407577930457992   0
0.187773173716162   0.246674090186936   0.0730249463975229   -0.0433619474685425   0
0.126319462075525   0.267695441842292   -0.0614537116406371   0.0210213516553564   0
0.230217718805995   0.26721737806374   0.10389825673047   -0.000478063778551752   0
0.129359346195936   0.2439512897573   -0.100858372610059   -0.0232660883064407   0
0.204373898080846   0.265638418915996   0.07501455188491   0.0216871291586959   0
0.170597981249603   0.260948418170282   -0.0337759168312426   -0.0046900007457133   0
0.143229372383077   0.270536633540635   -0.0273686088665268   0.00958821537035298   0
0.221517463565381   0.269776770488584   0.0782880911823047   -0.000759863052051557   0
0.153140962264118   0.269605327078287   -0.0683765013012632   -0.000171443410296956   0
0.164571920779336   0.263214065094596   0.0114309585152179   -0.00639126198369028   0
0.177667106332855   0.254340688019043   0.0130951855535191   -0.00887337707555386   0
0.146403662901923   0.266957160832797   -0.0312634434309317   0.0126164728137547   0
0.206509118173993   0.234321496777318   0.0601054552720692   -0.0326356640554796   0
0.132554953755112   0.243218008536688   -0.0739541644188801   0.00889651175937045   0
0.196664693529367   0.24685495872842   0.0641097397742549   0.00363695019173194   0
0.121982176131187   0.241352700587045   -0.0746825173981801   -0.00550225814137464   0
0.169127065834567   0.244470215493243   0.0471448897033798   0.00311751490619722   0
0.176458102464041   0.251986154961146   0.00733103662947393   0.00751593946790297   0
0.149401016358578   0.254060332853188   -0.027057086105463   0.00207417789204201   0
0.149684261662202   0.271832608113895   0.000283245303623475   0.0177722752607076   0
0.183942935291302   0.25245297160957   0.0342586736291005   -0.0193796365043248   0
0.118781496329582   0.25785028016617   -0.0651614389617204   0.00539730855659992   0
0.130058166926687   0.261758767981203   0.0112766705971055   0.00390848781503222   0
0.16673283597783   0.259053293515548   0.036674669051143   -0.00270547446565483   0
0.117075784113283   0.260679540199311   -0.0496570518645473   0.0016262466837631   0
0.229103492361072   0.236921516930744   0.11202770824779   -0.0237580232685664   0
0.113580767353036   0.26235181692769   -0.115522725008037   0.0254302999969453   0
0.223625710206251   0.2464438622154   0.110044942853215   -0.0159079547122898   0
