0.0684296298808491   0.0742176527514344   0   0   0
0.0592857764004993   0.06651278287196   -0.00914385348034984   -0.00770486987947437   0
0.0892589986027179   0.0762751102279276   0.0299732222022186   0.00976232735596752   0
0.0889304927439964   0.036200374904531   -0.00032850585872149   -0.0400747353233965   0
0.0905063972558846   0.0473808297801178   0.0015759045118882   0.0111804548755868   0
0.0960467318191514   0.0327648693934143   0.00554033456326682   -0.0146159603867035   0
0.0863060697028314   0.0346510196880626   -0.00974066211631999   0.00188615029464823   0
0.0925493219275538   0.0316790339408022   0.0062432522247224   -0.00297198574726033   0
0.065196998833842   0.0505770812129862   -0.0273523230937118   0.0188980472721839   0
0.0892085632426619   0.0480456476154448   0.0240115644088198   -0.00253143359754135   0
0.0642208588003929   0.0631128589929382   -0.024987704442269   0.0150672113774934   0
0.0843121323692504   0.0551021474251458   0.0200912735688575   -0.00801071156779241   0
0.0893746750378987   0.0269510340428637   0.00506254266864832   -0.028151113382282   0
0.102276888161647   0.041659440185779   0.012902213123748   0.0147084061429153   0
0.0886353377624861   0.0397527755635531   -0.0136415503991607   -0.00190666462222591   0
0.0701997987279878   0.0477224644496761   -0.0184355390344983   0.007969688886123   0
0.0686306187307414   0.0735583864116968   -0.00156917999724637   0.0258359219620207   0
0.0785663587767691   0.0418212860516627   0.00993574004602764   -0.0317371003600341   0
0.0686678829755949   0.0504114530243376   -0.00989847580117416   0.0085901669726749   0
0.0641450418742252   0.0670902533519028   -0.00452284110136976   0.0166788003275651   0
0.061612185364504   0.030448705450848   -0.00253285650972117   -0.0366415479010548   0
0.0772613114277773   0.0673672891055488   0.0156491260632733   0.0369185836547009   0
0.0583199603450654   0.0263119032041109   -0.0189413510827119   -0.041055385901438   0
0.0913869440080475   0.0537173541613939   0.0330669836629821   0.027405450957283   0
0.0737393677908212   0.0392939918818386   -0.0176475762172262   -0.0144233622795553   0
0.082982641235562   0.029240281311959   0.00924327344474082   -0.0100537105698796   0
0.0693315947122234   0.061902713586624   -0.0136510465233387   0.0326624322746649   0
0.0727968072407712   0.0256257618065298   0.00346521252854783   -0.0362769517800942   0
0.101366274267443   0.0998779298176399   0.0285694670266719   0.0742521680111101   0
0.048550347165906   0.0749129551483754   -0.0528159271015371   -0.0249649746692645   0
0.0761234353652671   0.0262546920616106   0.0275730881993611   -0.0486582630867647   0
0.0771526902279499   0.0399978776038492   0.00102925486268281   0.0137431855422386   0
0.076123157904346   0.0244461645764729   -0.00102953232360389   -0.0155517130273763   0
0.0680974051640736   0.0356542199882426   -0.00802575274027242   0.0112080554117697   0
0.0754932385577437   0.0671958924633046   0.00739583339367006   0.031541672475062   0
0.049488730098478   0.0502990563696567   -0.0260045084592657   -0.0168968360936479   0
0.0784874170481486   0.0572172914332066   0.0289986869496706   0.00691823506354994   0
0.078167236667673   0.0718691217352939   -0.000320180380475585   0.0146518303020873   0
0.0603477688007601   0.051078428629951   -0.0178194678669128   -0.0207906931053429   0
0.0812561507879594   0.0738885823257897   0.0209083819871993   0.0228101536958387   0
0.0758543591478433   0.0439132063284213   -0.00540179164011609   -0.0299753759973684   0
0.0765678457500928   0.0498931725398386   0.000713486602249444   0.00597996621141726   0
0.0598588815807487   0.0577415085969019   -0.016708964169344   0.00784833605706338   0
0.0785910940505348   0.0339810502304626   0.018732212469786   -0.0237604583664393   0
0.0651185326163574   0.0752460310402649   -0.0134725614341774   0.0412649808098022   0
0.054039549035313   0.0508927830744449   -0.0110789835810444   -0.02435324796582   0
0.073940334097771   0.0843580125816748   0.019900785062458   0.0334652295072299   0
0.0554317018953054   0.0699638774573887   -0.0185086322024657   -0.0143941351242861   0
0.0705560684643072   0.0872761545391552   0.0151243665690018   0.0173122770817665   0
0.0739654418337375   0.0428023065314242   0.00340937336943029   -0.044473848007731   0
0.0909688271456217   0.057518270570424   0.0170033853118843   0.0147159640389998   0
0.0737107737391896   0.0546549598862949   -0.0172580534064321   -0.00286331068412911   0
0.0787579909371106   0.0391134380068411   0.00504721719792106   -0.0155415218794538   0
0.0586908085694004   0.0823882489549596   -0.0200671823677103   0.0432748109481185   0
0.0756519006102953   0.0294016357100672   0.016961092040895   -0.0529866132448924   0
0.0851325768771274   0.0700604665102581   0.00948067626683204   0.0406588308001909   0
0.0808180809775263   0.0382163715522549   -0.00431449589960106   -0.0318440949580032   0
0.0947318344697811   0.0551950329621253   0.0139137534922548   0.0169786614098704   0
0.068040178407247   0.0627904037650062   -0.0266916560625341   0.00759537080288086   0
0.0909331801083631   0.0417008342674988   0.0228930017011161   -0.0210895694975074   0
0.0850981035597151   0.0722521297745783   -0.00583507654864795   0.0305512955070795   0
0.0575482180719786   0.0451087139596387   -0.0275498854877366   -0.0271434158149396   0
0.0835286861252468   0.0577551262182847   0.0259804680532683   0.0126464122586461   0
0.0659347813089571   0.0574727579095957   -0.0175939048162897   -0.000282368308688975   0
0.0778413309804631   0.0390726773365993   0.011906549671506   -0.0184000805729965   0
0.0839001777839594   0.0733310922946229   0.00605884680349635   0.0342584149580236   0
0.0555097299111606   0.0420685622540752   -0.0283904478727988   -0.0312625300405477   0
0.0991614993523192   0.0891112181490636   0.0436517694411586   0.0470426558949884   0
0.0543478217207461   0.0626780926037003   -0.0448136776315731   -0.0264331255453633   0
0.0864972016482614   0.0791526270793491   0.0321493799275153   0.0164745344756488   0
0.0637262424382609   0.073922145058044   -0.0227709592100006   -0.00523048202130505   0
0.0695898642852535   0.0775754471334358   0.00586362184699264   0.00365330207539183   0
0.0818194971426126   0.0844441623944486   0.0122296328573591   0.00686871526101274   0
0.0687840890431792   0.0735983013983509   -0.0130354080994335   -0.0108458609960977   0
0.088076008090115   0.0543314433667329   0.0192919190469358   -0.019266858031618   0
0.0812457592789925   0.0851999427785753   -0.00683024881112244   0.0308684994118424   0
0.0961148320283607   0.0354598358496624   0.0148690727493682   -0.0497401069289129   0
0.084262988609472   0.0895133215194951   -0.0118518434188888   0.0540534856698327   0
0.102993240961774   0.0306573157186013   0.0187302523523018   -0.0588560058008937   0
0.0941289596216807   0.0756467692485277   -0.00886428134009307   0.0449894535299264   0
0.0778068648902525   0.0380589654171655   -0.0163220947314283   -0.0375878038313622   0
0.100781107404017   0.060366905768724   0.0229742425137645   0.0223079403515585   0
0.0737526728856656   0.0525211672747998   -0.0270284345183513   -0.0078457384939242   0
0.122626453379726   0.0495704440845099   0.0488737804940599   -0.00295072319028986   0
0.107304856805133   0.172111435849713   -0.015321596574593   0.122540991765203   0
0.0770755254604858   0.107474516636852   -0.0302293313446467   -0.0646369192128613   0
0.116396659225684   0.0973883338991509   0.0393211337651981   -0.0100861827377012   0
0.0925677590165172   0.0673488058577136   -0.0238289002091668   -0.0300395280414373   0
0.0859540221717402   0.0896896779800496   -0.00661373684477704   0.022340872122336   0
0.107012808104871   0.0320567001429108   0.0210587859331311   -0.0576329778371388   0
0.0933383684209768   0.0681813924832868   -0.0136744396838945   0.036124692340376   0
0.121529676512612   0.0310446471640845   0.0281913080916347   -0.0371367453192023   0
0.0551065640059331   0.0953550262095292   -0.0664231125066784   0.0643103790454447   0
0.108533459133347   0.0490899387418135   0.0534268951274144   -0.0462650874677157   0
0.0926459270220229   0.0375271393438469   -0.0158875321113245   -0.0115627993979666   0
0.102760151966898   0.0514543434616068   0.0101142249448752   0.0139272041177599   0
0.0835112163697787   0.0559611236117986   -0.0192489355971194   0.00450678015019175   0
0.100453368784974   0.0601880028788753   0.0169421524151953   0.00422687926707672   0
0.0809317811185445   0.0401859325462904   -0.0195215876664295   -0.0200020703325849   0
0.103150134515908   0.0444450061404822   0.0222183533973639   0.00425907359419182   0
0.090665925558889   0.0541867564512538   -0.0124842089570194   0.00974175031077163   0
0.091221120761806   0.0386846517408713   0.000555195202917025   -0.0155021047103825   0
0.097358307165131   0.0523873891455282   0.00613718640332499   0.0137027374046568   0
0.0951069159893222   0.0430915217790286   -0.00225139117580876   -0.00929586736649951   0
0.111576589707743   0.0479990624346976   0.0164696737184207   0.00490754065566897   0
0.0883054759069334   0.0476326924666767   -0.0232711138008095   -0.000366369968020912   0
0.103430369461875   0.0560251056882091   0.0151248935549418   0.0083924132215324   0
0.0852108280639262   0.0503382793075757   -0.0182195413979489   -0.00568682638063345   0
0.122319830558295   0.0555275693839781   0.0371090024943688   0.00518929007640243   0
0.0870753612008012   0.0434637061579544   -0.0352444693574938   -0.0120638632260237   0
0.121741597127523   0.0424903801058545   0.0346662359267213   -0.000973326052099814   0
0.0683345353865818   0.147640038796434   -0.0534070617409407   0.105149658690579   0
0.0526519354320428   0.0989687726599406   -0.015682599954539   -0.0486712661364933   0
0.121553944843419   0.0452645074260452   0.068902009411376   -0.0537042652338954   0
0.0775014444482166   0.0819388367125748   -0.0440525003952022   0.0366743292865296   0
0.131016612048702   0.0478327518639164   0.0535151676004851   -0.0341060848486584   0
0.0655218894605459   0.104161728508147   -0.0654947225881557   0.0563289766442309   0
0.111074071821195   0.0512479037870819   0.0455521823606492   -0.0529138247210655   0
0.057691899672831   0.0748891609996567   -0.0533821721483641   0.0236412572125748   0
0.124068321581659   0.0412150203744036   0.0663764219088282   -0.0336741406252531   0
0.0922021534478453   0.0602366027183846   -0.0318661681338139   0.0190215823439811   0
0.121434131787731   0.0390192767770944   0.0292319783398857   -0.0212173259412902   0
0.102894325286772   0.0436077174358507   -0.0185398065009592   0.00458844065875631   0
0.13256388293966   0.0288002783599395   0.0296695576528887   -0.0148074390759112   0
0.106054920867681   0.045774014768507   -0.0265089620719798   0.0169737364085675   0
0.103978685761698   0.0473844551407421   -0.00207623510598232   0.00161044037223507   0
0.104085086468571   0.0453974768165589   0.000106400706873178   -0.00198697832418324   0
0.109328066684086   0.0457270441781174   0.00524298021551473   0.000329567361558529   0
0.113082230659905   0.0347831849846301   0.00375416397581899   -0.0109438591934872   0
0.101648278292404   0.0545766226389331   -0.0114339523675013   0.0197934376543029   0
0.112922584720949   0.0559585154385818   0.0112743064285455   0.00138189279964877   0
0.10817373996197   0.0546197516918788   -0.00474884475897898   -0.00133876374670299   0
0.108496294096388   0.0503035610975257   0.000322554134417938   -0.00431619059435314   0
0.0988567010651782   0.0854176953636218   -0.0096395930312102   0.0351141342660961   0
0.0786320359468709   0.0754049885787406   -0.0202246651183073   -0.0100127067848812   0
0.110173959528193   0.0629410264310966   0.0315419235813225   -0.012463962147644   0
0.11534663065894   0.0746013812711936   0.00517267113074693   0.011660354840097   0
0.0886652926986654   0.0520814652895586   -0.026681337960275   -0.022519915981635   0
0.120460704705103   0.0652502751459716   0.0317954120064375   0.013168809856413   0
0.115379828805819   0.0629752907903965   -0.00508087589928433   -0.0022749843555751   0
0.114828929055574   0.059854545970064   -0.000550899750244763   -0.00312074482033253   0
0.133022933140906   0.0640256096112134   0.0181940040853324   0.00417106364114941   0
0.119344544106926   0.0648745000533337   -0.0136783890339802   0.000848890442120359   0
0.103007125247674   0.051653977141286   -0.016337418859252   -0.0132205229120477   0
0.10478953299476   0.102110012630067   0.00178240774708649   0.0504560354887812   0
0.121247664332225   0.0614231922340007   0.0164581313374649   -0.0406868203960666   0
0.113266755293069   0.0832289510403231   -0.00798090903915627   0.0218057588063224   0
0.103894755257713   0.0502536274384745   -0.00937200003535651   -0.0329753236018486   0
0.218784120458433   0.0366761771349605   0.11488936520072   -0.013577450303514   0
0.188547471685037   0.0314273114845766   -0.0302366487733953   -0.00524886565038391   0
0.204326636172306   0.0371507948453664   0.0157791644872688   0.00572348336078977   0
0.204456559092268   0.0358405380985836   0.000129922919961584   -0.00131025674678273   0
0.195594640460418   0.0384092787637961   -0.00886191863185026   0.00256874066521249   0
0.194665076019865   0.061548443539642   -0.000929564440552061   0.0231391647758459   0
0.212111681823986   0.0363548351627744   0.0174466058041208   -0.0251936083768676   0
0.23790837975105   0.0334638102992247   0.0257966979270641   -0.00289102486354968   0
0.208539402438724   0.0763493155384677   -0.0293689773123266   0.0428855052392429   0
0.223456152795666   0.0547783668167005   0.0149167503569421   -0.0215709487217671   0
0.225839225150393   0.0470594178037192   0.00238307235472729   -0.00771894901298138   0
0.218850930088245   0.084356127526191   -0.00698829506214801   0.0372967097224719   0
0.2290007580344   0.0645431526246007   0.0101498279461552   -0.0198129749015903   0
0.224261568336581   0.117630598323746   -0.00473918969781922   0.0530874456991454   0
0.198556766415275   0.107569492636168   -0.0257048019213064   -0.0100611056875786   0
0.209183958783441   0.102432321412738   0.0106271923681666   -0.00513717122342934   0
0.224684059519873   0.110756019565541   0.015500100736432   0.00832369815280283   0
0.201915548611814   0.138457118024643   -0.0227685109080589   0.0277010984591022   0
0.234765862291177   0.103196754481427   0.0328503136793628   -0.0352603635432159   0
0.21538410758541   0.122937393272968   -0.0193817547057669   0.019740638791541   0
0.214793376309234   0.103332003485138   -0.000590731276176731   -0.0196053897878308   0
0.217249134579933   0.122937393272968   0.00245575827069983   0.0196053897878308   0
0.238039121585297   0.0990534719230099   0.020789987005364   -0.0238839213499586   0
0.215194889380836   0.122937393272968   -0.0228442322044611   0.0238839213499586   0
0.206057547550811   0.122937393272968   -0.00913734183002496   0   0
0.20259923491319   0.0836219627262479   -0.00345831263762125   -0.0393154305467205   0
0.209945111706012   0.110698989671824   0.0073458767928222   0.0270770269455756   0
0.216296249876275   0.0908723289676373   0.00635113817026264   -0.0198266607041862   0
0.218099050648278   0.0775236121497992   0.00180280077200271   -0.0133487168178381   0
0.199174787748475   0.10374804221648   -0.0189242628998029   0.0262244300666807   0
0.207792518575934   0.079941586844411   0.00861773082745945   -0.0238064553720689   0
0.235064808640766   0.106635631773589   0.0272722900648319   0.0266940449291782   0
0.212244409637804   0.103748050478937   -0.022820399002962   -0.00288758129465248   0
0.214266830038366   0.0862823770835041   0.00202242040056186   -0.0174656733954325   0
0.197764158121587   0.109975086789827   -0.0165026719167791   0.0236927097063229   0
0.224653684567269   0.04374749081756   0.0268895264456822   -0.066227595972267   0
0.194611866800177   0.116865383815867   -0.0300418177670916   0.0731178929983073   0
0.211930792353188   0.1134283634216   0.0173189255530103   -0.00343702039426766   0
0.219295260113049   0.0988007821739282   0.00736446775986166   -0.0146275812476716   0
0.2191002834552   0.113788862418209   -0.000194976657849621   0.0149880802442804   0
0.220167267853534   0.120318790944848   0.00106698439833469   0.00652992852663925   0
0.212372810072335   0.113293657212143   -0.00779445778119969   -0.00702513373270511   0
0.201720437292676   0.119305591969446   -0.0106523727796591   0.00601193475730352   0
0.222164327479184   0.136866997360585   0.0204438901865082   0.0175614053911392   0
0.219916916241202   0.137393804359694   -0.00224741123798164   0.000526806999109036   0
0.238317725490678   0.130262666465991   0.0184008092494753   -0.00713113789370351   0
0.215636103111009   0.163977100530082   -0.0226816223796689   0.0337144340640907   0
0.230005481257317   0.164170264959896   0.0143693781463082   0.000193164429814513   0
0.23383840167357   0.149306341889628   0.00383292041625324   -0.0148639230702681   0
0.208566061223537   0.188539329000855   -0.0252723404500337   0.0392329871112266   0
0.214873881007185   0.160668071309564   0.00630781978364867   -0.027871257691291   0
0.201845395830429   0.186445545777259   -0.0130284851767564   0.0257774744676955   0
0.242564030463698   0.188339456114352   0.0407186346332687   0.00189391033709319   0
0.220677088352242   0.193637208357743   -0.0218869421114554   0.00529775224339085   0
0.223001161360922   0.188896070626496   0.00232407300867987   -0.00474113773124751   0
0.212294690121661   0.173351466841761   -0.010706471239261   -0.015544603784735   0
0.22433105922355   0.173313060301236   0.0120363691018891   -3.84065405241441e-05   0
0.213133224180488   0.158075780795929   -0.0111978350430626   -0.0152372795053077   0
0.209750247378853   0.18921822447419   -0.00338297680163469   0.0311424436782614   0
0.241505081854928   0.0568299384455018   0.0317548344760753   -0.132388286028688   0
0.0720677418138386   0.0683518315780382   -0.16943734004109   0.0115218931325364   0
0.0795041524584723   0.0383522563509988   0.00743641064463367   -0.0299995752270394   0
0.121480925098675   0.190542393399586   0.0419767726402032   0.152190137048587   0
0.140938573879723   0.211769369467766   0.019457648781047   0.0212269760681798   0
0.168068101279452   0.140564788451429   0.0271295273997291   -0.0712045810163365   0
0.180691814992628   0.178349498619102   0.0126237137131761   0.0377847101676727   0
0.149965704094136   0.184128195754459   -0.0307261108984916   0.00577869713535756   0
0.186803565022432   0.105088363477789   0.0368378609282959   -0.0790398322766699   0
0.182408688488926   0.145558341346606   -0.00439487653350612   0.0404699778688163   0
0.189047503145268   0.0925740093796445   0.00663881465634181   -0.0529843319669613   0
0.18364374151898   0.121091415371291   -0.00540376162628756   0.0285174059916464   0
0.176537707844896   0.0802278810107964   -0.00710603367408374   -0.0408635343604945   0
0.18233407764236   0.132146711828605   0.00579636979746312   0.0519188308178091   0
0.16820856248176   0.0718983689299868   -0.0141255151606   -0.0602483428986186   0
0.169067299221375   0.131185200013893   0.00085873673961559   0.0592868310839057   0
0.160079565116851   0.0801191454257657   -0.00898773410452455   -0.0510660545881269   0
0.174690796050765   0.112244256809035   0.0146112309339145   0.0321251113832688   0
0.185754132363617   0.0811885720975711   0.0110633363128516   -0.0310556847114634   0
0.168369592098692   0.0991455093707854   -0.0173845402649244   0.0179569372732143   0
0.174931158429623   0.0723126624676626   0.00656156633093116   -0.0268328469031228   0
0.191725506224654   0.0810199512789905   0.016794347795031   0.00870728881132794   0
0.176077407715272   0.0888240646867341   -0.0156480985093828   0.00780411340774356   0
0.196967408073315   0.101720282132732   0.0208900003580438   0.0128962174459974   0
0.174406246812578   0.0576680008241791   -0.0225611612607371   -0.0440522813085524   0
0.207961891043239   0.112480506251639   0.0335556442306606   0.0548125054274599   0
0.168302844771115   0.0838615342166032   -0.0396590462721241   -0.0286189720350358   0
0.197470648463006   0.0662824440342426   0.0291678036918909   -0.0175790901823606   0
0.16737685007097   0.0611679758135946   -0.0300937983920357   -0.00511446822064794   0
0.184729252669657   0.0624847918424355   0.017352402598687   0.0013168160288409   0
0.174131581017488   0.0597409368441984   -0.010597671652169   -0.00274385499823716   0
0.188202322152757   0.0613091796419182   0.0140707411352686   0.00156824279771982   0
0.173039384153724   0.0440718231830157   -0.0151629379990329   -0.0172373564589025   0
0.176964253148058   0.0652541250304914   0.00392486899433436   0.0211823018474757   0
0.19122678693248   0.0718196861178918   0.0142625337844216   0.00656556108740043   0
0.186084794054485   0.0638267882705608   -0.00514199287799499   -0.00799289784733098   0
0.210245713277513   0.0587640473716072   0.0241609192230278   -0.00506274089895357   0
0.182187201256427   0.0559841303761387   -0.0280585120210851   -0.00277991699546851   0
0.208918723165473   0.0636056635548331   0.0267315219090457   0.00762153317869436   0
0.184586897918135   0.0557496379790905   -0.0243318252473381   -0.0078560255757426   0
0.203708713974268   0.0591785939450246   0.0191218160561326   0.00342895596593408   0
0.182912740649251   0.0555619358647451   -0.0207959733250171   -0.00361665808027947   0
0.214096406265495   0.0472676170735423   0.0311836656162447   -0.00829431879120283   0
0.188561764736041   0.0721798939213691   -0.0255346415294544   0.0249122768478269   0
0.191946170733073   0.0566932742736217   0.00338440599703213   -0.0154866196477474   0
0.178636931276038   0.0685220596810912   -0.0133092394570347   0.0118287854074695   0
0.183387471844562   0.0549821755229749   0.00475054056852373   -0.0135398841581163   0
0.202588200022731   0.0729861375113768   0.0192007281781689   0.0180039619884018   0
0.188076186732717   0.0533205361973651   -0.0145120132900134   -0.0196656013140116   0
0.205040088421387   0.0771120362828672   0.0169639016886691   0.023791500085502   0
0.184877331964035   0.0505878414004047   -0.0201627564573515   -0.0265241948824625   0
0.203950607476712   0.0420413500716587   0.0190732755126774   -0.00854649132874606   0
0.193412888885106   0.0598735075246348   -0.010537718591606   0.0178321574529762   0
0.193308236314364   0.0518898269811155   -0.000104652570742353   -0.00798368054351933   0
0.214265155520664   0.0748282979131224   0.0209569192063002   0.0229384709320069   0
0.180813652289256   0.0578505389551517   -0.0334515032314081   -0.0169777589579707   0
0.196176486478604   0.0594640921160409   0.0153628341893482   0.00161355316088922   0
0.206642121903401   0.0499198725539163   0.0104656354247966   -0.00954421956212458   0
0.193075325282595   0.0746004252075953   -0.0135667966208056   0.024680552653679   0
0.208830853745035   0.0391404373045668   0.0157555284624392   -0.0354599879030285   0
0.170980890085199   0.0791676418301602   -0.0378499636598355   0.0400272045255934   0
0.201789857871797   0.0458160079385241   0.0308089677865979   -0.0333516338916361   0
0.189617007134434   0.073259153220788   -0.0121728507373629   0.027443145282264   0
0.209570432725349   0.0470961845839514   0.0199534255909149   -0.0261629686368366   0
0.1992016195213   0.0733600047661531   -0.0103688132040486   0.0262638201822016   0
0.229197269849032   0.0453058374184653   0.0299956503277317   -0.0280541673476878   0
0.198372874831868   0.0907019583326209   -0.0308243950171639   0.0453961209141557   0
0.225845866564699   0.0503671966354035   0.0274729917328313   -0.0403347616972174   0
0.20720832178513   0.083741298051096   -0.0186375447795694   0.0333741014156926   0
0.207959400826435   0.0817133038002976   0.000751079041305308   -0.00202799425079844   0
0.217884081350749   0.102176925330674   0.00992468052431408   0.0204636215303769   0
0.218310124384647   0.0997406807141023   0.000426043033897483   -0.00243624461657216   0
0.261266931156547   0.0939739168455269   0.0429568067719003   -0.00576676386857543   0
0.205926178375167   0.121149966224123   -0.0553407527813807   0.0271760493785956   0
0.241091245066054   0.0981057171986206   0.0351650666908873   -0.0230442490255019   0
0.19783824144411   0.110697361904426   -0.0432530036219434   0.0125916447058051   0
0.219807726318261   0.0933806605615558   0.0219694848741508   -0.0173167013428699   0
0.204168508481107   0.117037823558049   -0.0156392178371538   0.0236571629964932   0
0.216107217347408   0.0923479267602825   0.0119387088663011   -0.0246898967977665   0
0.206081526444682   0.105649247350809   -0.0100256909027268   0.0133013205905269   0
0.200667897286238   0.0418815635314036   -0.00541362915844398   -0.0637676838194057   0
0.215585557434398   0.115554544574294   0.0149176601481601   0.0736729810428904   0
0.211937351669898   0.0946384012524118   -0.00364820576449981   -0.0209161433218822   0
0.215280492628408   0.125792445916776   0.00334314095851002   0.0311540446643642   0
0.228314091487713   0.108879300292982   0.0130335988593055   -0.0169131456237937   0
0.20284408431348   0.102928707044874   -0.0254700071742336   -0.00595059324810868   0
0.235213849852703   0.160550845705846   0.0323697655392234   0.0576221386609728   0
0.198751488136014   0.139224531235016   -0.0364623617166895   -0.0213263144708302   0
