0.135556869332579   0.0508023765441638   0   0   0
0.135556869332579   0.0508023765441638   -0.575859562219293   -0.152458140492471   0
0.148583504283113   0.0492309870003131   0.0130266349505341   -0.00157138954385064   0
0.148583504283113   0.0492309870003131   0.0130266349505341   -0.00157138954385064   0
0.132608602673695   0.0675402704766941   -0.0159749016094182   0.018309283476381   0
0.132608602673695   0.0675402704766941   -0.0159749016094182   0.018309283476381   0
0.15053880573211   0.0556359857384364   0.0179302030584148   -0.0119042847382577   0
0.15053880573211   0.0556359857384364   0.0179302030584148   -0.0119042847382577   0
0.148646599313977   0.0724321299347361   -0.00189220641813323   0.0167961441962997   0
0.148646599313977   0.0724321299347361   -0.00189220641813323   0.0167961441962997   0
0.0999872589929837   0.0530198204283313   -0.0486593403209932   -0.0194123095064048   0
0.0999872589929837   0.0530198204283313   -0.0486593403209932   -0.0194123095064048   0
0.104471307307844   0.0339036104907353   0.00448404831486041   -0.019116209937596   0
0.104471307307844   0.0339036104907353   0.00448404831486041   -0.019116209937596   0
0.0832921624337488   0.0404210313285671   -0.0211791448740953   0.00651742083783172   0
0.0832921624337488   0.0404210313285671   -0.0211791448740953   0.00651742083783172   0
0.108977630115772   0.0420197423418445   0.0256854676820231   0.00159871101327744   0
0.108977630115772   0.0420197423418445   0.0256854676820231   0.00159871101327744   0
0.135341493117078   0.0567673513340635   0.0263638630013058   0.014747608992219   0
0.135341493117078   0.0567673513340635   0.0263638630013058   0.014747608992219   0
0.169550128045867   0.0277309756554381   0.0342086349287896   -0.0290363756786254   0
0.169550128045867   0.0277309756554381   0.0342086349287896   -0.0290363756786254   0
0.14216566290666   0.0500584455523991   -0.0273844651392076   0.022327469896961   0
0.14216566290666   0.0500584455523991   -0.0273844651392076   0.022327469896961   0
0.123132360711228   0.0119178705051679   -0.0190333021954316   -0.0381405750472312   0
0.123132360711228   0.0119178705051679   -0.0190333021954316   -0.0381405750472312   0
0.164789109235683   0.0571762706073945   0.0416567485244553   0.0452584001022266   0
0.164789109235683   0.0571762706073945   0.0416567485244553   0.0452584001022266   0
0.0932202838681046   0.0262932667709815   -0.0715688253675788   -0.030883003836413   0
0.0932202838681046   0.0262932667709815   -0.0715688253675788   -0.030883003836413   0
0.128351542622206   0.0446829084188798   0.0351312587541015   0.0183896416478983   0
0.128351542622206   0.0446829084188798   0.0351312587541015   0.0183896416478983   0
0.0993542069898905   0.0328938277374343   -0.0289973356323156   -0.0117890806814455   0
0.0993542069898905   0.0328938277374343   -0.0289973356323156   -0.0117890806814455   0
0.0973314044099847   0.0322417023942211   -0.00202280257990575   -0.000652125343213128   0
0.0973314044099847   0.0322417023942211   -0.00202280257990575   -0.000652125343213128   0
0.104932136773679   0.0250009626038679   0.00760073236369388   -0.00724073979035326   0
0.104932136773679   0.0250009626038679   0.00760073236369388   -0.00724073979035326   0
0.172814439652941   0.0453862149622823   0.0678823028792624   0.0203852523584144   0
0.172814439652941   0.0453862149622823   0.0678823028792624   0.0203852523584144   0
0.0635752831172618   0.0230261664509097   -0.109239156535679   -0.0223600485113726   0
0.0635752831172618   0.0230261664509097   -0.109239156535679   -0.0223600485113726   0
0.144772992267066   0.0469260927053492   0.0811977091498043   0.0238999262544395   0
0.144772992267066   0.0469260927053492   0.0811977091498043   0.0238999262544395   0
0.08757832912616   0.0221006433011575   -0.0571946631409062   -0.0248254494041916   0
0.08757832912616   0.0221006433011575   -0.0571946631409062   -0.0248254494041916   0
0.153784357284303   0.042486185807448   0.0662060281581429   0.0203855425062905   0
0.153784357284303   0.042486185807448   0.0662060281581429   0.0203855425062905   0
0.15305328020945   0.0419695521708595   -0.000731077074852871   -0.00051663363658852   0
0.15305328020945   0.0419695521708595   -0.000731077074852871   -0.00051663363658852   0
0.118085517450067   0.0399701337539981   -0.0349677627593833   -0.0019994184168614   0
0.118085517450067   0.0399701337539981   -0.0349677627593833   -0.0019994184168614   0
0.093689838274276   0.0639316791403135   -0.0243956791757906   0.0239615453863154   0
0.093689838274276   0.0639316791403135   -0.0243956791757906   0.0239615453863154   0
0.13938535164421   0.0346256951062719   0.0456955133699337   -0.0293059840340417   0
0.13938535164421   0.0346256951062719   0.0456955133699337   -0.0293059840340417   0
0.157467186570949   0.0872559912000316   0.0180818349267391   0.0526302960937598   0
0.157467186570949   0.0872559912000316   0.0180818349267391   0.0526302960937598   0
0.0692915881513766   0.0729420906539222   -0.0881755984195722   -0.0143139005461095   0
0.0692915881513766   0.0729420906539222   -0.0881755984195722   -0.0143139005461095   0
0.144648882140651   0.118682623739156   0.0753572939892746   0.0457405330852335   0
0.144648882140651   0.118682623739156   0.0753572939892746   0.0457405330852335   0
0.114563005322356   0.0470916151221213   -0.0300858768182955   -0.0715910086170344   0
0.114563005322356   0.0470916151221213   -0.0300858768182955   -0.0715910086170344   0
0.130973070136097   0.0839726287816453   0.016410064813741   0.036881013659524   0
0.130973070136097   0.0839726287816453   0.016410064813741   0.036881013659524   0
0.0691916568801092   0.0708246014787801   -0.0617814132559875   -0.0131480273028651   0
0.0691916568801092   0.0708246014787801   -0.0617814132559875   -0.0131480273028651   0
0.129693360538194   0.091104550762407   0.060501703658085   0.0202799492836269   0
0.129693360538194   0.091104550762407   0.060501703658085   0.0202799492836269   0
0.139209760724347   0.0182865262612948   0.0095164001861531   -0.0728180245011122   0
0.139209760724347   0.0182865262612948   0.0095164001861531   -0.0728180245011122   0
0.0854534196168884   0.0878723135253078   -0.0537563411074588   0.069585787264013   0
0.0854534196168884   0.0878723135253078   -0.0537563411074588   0.069585787264013   0
0.147711377986599   0.0305488122586624   0.0622579583697109   -0.0573235012666455   0
0.147711377986599   0.0305488122586624   0.0622579583697109   -0.0573235012666455   0
0.0918698654641445   0.103677466186161   -0.0558415125224548   0.0731286539274984   0
0.0918698654641445   0.103677466186161   -0.0558415125224548   0.0731286539274984   0
0.151642929698453   0.029628479061074   0.0597730642343087   -0.0740489871250868   0
0.151642929698453   0.029628479061074   0.0597730642343087   -0.0740489871250868   0
0.115165996772659   0.0777805413414885   -0.0364769329257946   0.0481520622804145   0
0.115165996772659   0.0777805413414885   -0.0364769329257946   0.0481520622804145   0
0.172654514914641   0.0277952458361587   0.0574885181419825   -0.0499852955053298   0
0.172654514914641   0.0277952458361587   0.0574885181419825   -0.0499852955053298   0
0.127326044889685   0.0830520803280237   -0.0453284700249564   0.055256834491865   0
0.127326044889685   0.0830520803280237   -0.0453284700249564   0.055256834491865   0
0.166810542333811   0.0473193664258623   0.0394844974441259   -0.0357327139021614   0
0.166810542333811   0.0473193664258623   0.0394844974441259   -0.0357327139021614   0
0.103127452417724   0.081244022560509   -0.0636830899160862   0.0339246561346467   0
0.103127452417724   0.081244022560509   -0.0636830899160862   0.0339246561346467   0
0.172275422961867   0.0390007954047414   0.0691479705441422   -0.0422432271557676   0
0.172275422961867   0.0390007954047414   0.0691479705441422   -0.0422432271557676   0
0.105193175181948   0.0739872667428998   -0.0670822477799185   0.0349864713381583   0
0.105193175181948   0.0739872667428998   -0.0670822477799185   0.0349864713381583   0
0.226272377396115   0.0495416114094001   0.121079202214167   -0.0244456553334997   0
0.226272377396115   0.0495416114094001   0.121079202214167   -0.0244456553334997   0
0.102173061744865   0.0867217472158656   -0.12409931565125   0.0371801358064656   0
0.102173061744865   0.0867217472158656   -0.12409931565125   0.0371801358064656   0
0.208703458292957   0.0475527274499055   0.106530396548092   -0.0391690197659601   0
0.208703458292957   0.0475527274499055   0.106530396548092   -0.0391690197659601   0
0.292300239825235   0.065510866073366   0.0835967815322783   0.0179581386234605   0
0.292300239825235   0.065510866073366   0.0835967815322783   0.0179581386234605   0
0.17209397872433   0.0739991126146963   -0.120206261100906   0.00848824654133024   0
0.17209397872433   0.0739991126146963   -0.120206261100906   0.00848824654133024   0
0.156903628481434   0.0696256563485221   -0.0151903502428951   -0.00437345626617414   0
0.156903628481434   0.0696256563485221   -0.0151903502428951   -0.00437345626617414   0
0.126002415853864   0.123501511638775   -0.0309012126275708   0.053875855290253   0
0.126002415853864   0.123501511638775   -0.0309012126275708   0.053875855290253   0
0.207273480479197   0.0474809590701894   0.0812710646253332   -0.0760205525685857   0
0.207273480479197   0.0474809590701894   0.0812710646253332   -0.0760205525685857   0
0.147148510927736   0.0905798008525631   -0.060124969551461   0.0430988417823738   0
0.147148510927736   0.0905798008525631   -0.060124969551461   0.0430988417823738   0
0.202866259164135   0.0487882254832044   0.0557177482363992   -0.0417915753693587   0
0.202866259164135   0.0487882254832044   0.0557177482363992   -0.0417915753693587   0
0.157898898753759   0.0733820561989001   -0.0449673604103756   0.0245938307156956   0
0.157898898753759   0.0733820561989001   -0.0449673604103756   0.0245938307156956   0
0.189391554429441   0.0695216607253452   0.0314926556756817   -0.00386039547355488   0
0.189391554429441   0.0695216607253452   0.0314926556756817   -0.00386039547355488   0
0.184141920623225   0.0735812641506851   -0.00524963380621649   0.00405960342533995   0
0.184141920623225   0.0735812641506851   -0.00524963380621649   0.00405960342533995   0
0.199495719822356   0.0725630106345168   0.0153537991991314   -0.00101825351616831   0
0.199495719822356   0.0725630106345168   0.0153537991991314   -0.00101825351616831   0
0.208312117543003   0.0712443720821799   0.00881639772064716   -0.00131863855233688   0
0.208312117543003   0.0712443720821799   0.00881639772064716   -0.00131863855233688   0
0.168643718469352   0.0730705610656918   -0.0396683990736514   0.00182618898351189   0
0.168643718469352   0.0730705610656918   -0.0396683990736514   0.00182618898351189   0
0.244620102855428   0.0708730240794232   0.0759763843860758   -0.00219753698626862   0
0.244620102855428   0.0708730240794232   0.0759763843860758   -0.00219753698626862   0
0.215661217474405   0.076876898591921   -0.0289588853810229   0.00600387451249777   0
0.215661217474405   0.076876898591921   -0.0289588853810229   0.00600387451249777   0
0.290804710552305   0.0652607479065326   0.0751434930779004   -0.0116161506853883   0
0.290804710552305   0.0652607479065326   0.0751434930779004   -0.0116161506853883   0
0.157752960191592   0.0756471123562228   -0.133051750360713   0.0103863644496902   0
0.157752960191592   0.0756471123562228   -0.133051750360713   0.0103863644496902   0
0.24532368478392   0.0794273218774403   0.0875707245923277   0.00378020952121742   0
0.24532368478392   0.0794273218774403   0.0875707245923277   0.00378020952121742   0
0.179594788646553   0.0837926091469439   -0.0657288961373668   0.00436528726950361   0
0.179594788646553   0.0837926091469439   -0.0657288961373668   0.00436528726950361   0
0.22960539255403   0.0757000162405531   0.0500106039074766   -0.00809259290639078   0
0.22960539255403   0.0757000162405531   0.0500106039074766   -0.00809259290639078   0
0.175064640164369   0.0873159193984837   -0.0545407523896605   0.0116159031579306   0
0.175064640164369   0.0873159193984837   -0.0545407523896605   0.0116159031579306   0
0.265425013453442   0.0858927634455459   0.0903603732890732   -0.00142315595293781   0
0.265425013453442   0.0858927634455459   0.0903603732890732   -0.00142315595293781   0
0.179675420648457   0.103191470515748   -0.0857495928049852   0.0172987070702022   0
0.179675420648457   0.103191470515748   -0.0857495928049852   0.0172987070702022   0
0.290690963404867   0.0980812592583441   0.11101554275641   -0.00511021125740399   0
0.290690963404867   0.0980812592583441   0.11101554275641   -0.00511021125740399   0
0.207022472241252   0.104047989052528   -0.0836684911636154   0.005966729794184   0
0.207022472241252   0.104047989052528   -0.0836684911636154   0.005966729794184   0
0.348203933020522   0.0898713423626381   0.14118146077927   -0.01417664668989   0
0.348203933020522   0.0898713423626381   0.14118146077927   -0.01417664668989   0
0.230598731902953   0.0869951487705493   -0.117605201117569   -0.00287619359208878   0
0.230598731902953   0.0869951487705493   -0.117605201117569   -0.00287619359208878   0
0.289192733022132   0.0830161325868352   0.0585940011191788   -0.00397901618371407   0
0.289192733022132   0.0830161325868352   0.0585940011191788   -0.00397901618371407   0
0.22684199024592   0.0893947877067366   -0.062350742776212   0.00637865511990138   0
0.22684199024592   0.0893947877067366   -0.062350742776212   0.00637865511990138   0
0.292593085527478   0.0927422250812703   0.0657510952815581   0.0033474373745337   0
0.292593085527478   0.0927422250812703   0.0657510952815581   0.0033474373745337   0
0.252631203659999   0.0908775242764128   -0.0399618818674787   -0.00186470080485744   0
0.252631203659999   0.0908775242764128   -0.0399618818674787   -0.00186470080485744   0
0.260831933947322   0.0947770694259956   0.00820073028732249   0.00389954514958281   0
0.260831933947322   0.0947770694259956   0.00820073028732249   0.00389954514958281   0
0.267706113852486   0.0890125042796797   0.00687417990516387   -0.00576456514631593   0
0.267706113852486   0.0890125042796797   0.00687417990516387   -0.00576456514631593   0
0.233535223101805   0.0938402717132682   -0.0341708907506803   0.00482776743358847   0
0.233535223101805   0.0938402717132682   -0.0341708907506803   0.00482776743358847   0
0.367634378155811   0.0957955046698565   0.134099155054006   0.00195523295658834   0
0.367634378155811   0.0957955046698565   0.134099155054006   0.00195523295658834   0
0.212934889467602   0.0939363677454185   -0.154699488688209   -0.00185913692443802   0
0.212934889467602   0.0939363677454185   -0.154699488688209   -0.00185913692443802   0
0.499151886939326   0.131774875765944   0.286216997471724   0.0378385080205256   0
0.499151886939326   0.131774875765944   0.286216997471724   0.0378385080205256   0
0.266785725075481   0.069337288437193   -0.232366161863846   -0.0624375873287511   0
0.266785725075481   0.069337288437193   -0.232366161863846   -0.0624375873287511   0
0.323736073232255   0.10165658016362   0.0569503481567742   0.032319291726427   0
0.323736073232255   0.10165658016362   0.0569503481567742   0.032319291726427   0
0.272871778721527   0.0879457992556098   -0.050864294510728   -0.0137107809080102   0
0.272871778721527   0.0879457992556098   -0.050864294510728   -0.0137107809080102   0
0.215379446412721   0.0941148408883663   -0.0574923323088064   0.00616904163275643   0
0.215379446412721   0.0941148408883663   -0.0574923323088064   0.00616904163275643   0
0.320872781652807   0.0583347570481998   0.105493335240086   -0.0357800838401664   0
0.320872781652807   0.0583347570481998   0.105493335240086   -0.0357800838401664   0
0.213726902672195   0.0866469476439303   -0.107145878980612   0.0283121905957305   0
0.213726902672195   0.0866469476439303   -0.107145878980612   0.0283121905957305   0
0.353633347439124   0.0628773576053216   0.139906444766929   -0.0237695900386087   0
0.353633347439124   0.0628773576053216   0.139906444766929   -0.0237695900386087   0
0.194570637133666   0.124975517752478   -0.159062710305457   0.0620981601471566   0
0.194570637133666   0.124975517752478   -0.159062710305457   0.0620981601471566   0
0.344956066980188   0.0740356882223364   0.150385429846522   -0.0509398295301418   0
0.344956066980188   0.0740356882223364   0.150385429846522   -0.0509398295301418   0
0.189393450326615   0.123427533084195   -0.155562616653573   0.0493918448618584   0
0.189393450326615   0.123427533084195   -0.155562616653573   0.0493918448618584   0
0.201088163653906   0.122819233917412   0.0116947133272908   -0.000608299166782664   0
0.201088163653906   0.122819233917412   0.0116947133272908   -0.000608299166782664   0
0.171058236143747   0.158714184049505   -0.0300299275101585   0.0358949501320924   0
0.171058236143747   0.158714184049505   -0.0300299275101585   0.0358949501320924   0
0.235658219777075   0.128714276226454   0.0645999836333273   -0.0299999078230501   0
0.235658219777075   0.128714276226454   0.0645999836333273   -0.0299999078230501   0
0.213168987711839   0.117271126498597   -0.022489232065236   -0.0114431497278571   0
0.213168987711839   0.117271126498597   -0.022489232065236   -0.0114431497278571   0
0.186815446283973   0.136050684660166   -0.0263535414278656   0.018779558161569   0
0.186815446283973   0.136050684660166   -0.0263535414278656   0.018779558161569   0
0.246703300362358   0.125119438895401   0.0598878540783853   -0.0109312457647652   0
0.246703300362358   0.125119438895401   0.0598878540783853   -0.0109312457647652   0
0.21546003312856   0.137514480352071   -0.0312432672337988   0.0123950414566695   0
0.21546003312856   0.137514480352071   -0.0312432672337988   0.0123950414566695   0
0.288824348435204   0.111340066262431   0.0733643153066443   -0.0261744140896397   0
0.288824348435204   0.111340066262431   0.0733643153066443   -0.0261744140896397   0
0.265098239034457   0.111272596874084   -0.023726109400747   -6.74693883464528e-05   0
0.265098239034457   0.111272596874084   -0.023726109400747   -6.74693883464528e-05   0
0.245758062117868   0.108220771968982   -0.0193401769165886   -0.00305182490510195   0
0.245758062117868   0.108220771968982   -0.0193401769165886   -0.00305182490510195   0
0.261845105830623   0.117605802553584   0.0160870437127544   0.00938503058460116   0
0.261845105830623   0.117605802553584   0.0160870437127544   0.00938503058460116   0
0.255016394353618   0.108793951817197   -0.00682871147700476   -0.008811850736387   0
0.255016394353618   0.108793951817197   -0.00682871147700476   -0.008811850736387   0
0.236895814101073   0.11020601316159   -0.0181205802525452   0.00141206134439316   0
0.236895814101073   0.11020601316159   -0.0181205802525452   0.00141206134439316   0
0.234882856836871   0.111429515085434   -0.00201295726420178   0.00122350192384438   0
0.234882856836871   0.111429515085434   -0.00201295726420178   0.00122350192384438   0
0.22379536515051   0.118288062603808   -0.0110874916863611   0.00685854751837424   0
0.22379536515051   0.118288062603808   -0.0110874916863611   0.00685854751837424   0
0.219509167839182   0.121076308256209   -0.00428619731132815   0.00278824565240041   0
0.219509167839182   0.121076308256209   -0.00428619731132815   0.00278824565240041   0
0.209004724336772   0.118272155605208   -0.0105044435024098   -0.00280415265100095   0
0.209004724336772   0.118272155605208   -0.0105044435024098   -0.00280415265100095   0
0.215529402631799   0.114687725072836   0.00652467829502681   -0.00358443053237148   0
0.215529402631799   0.114687725072836   0.00652467829502681   -0.00358443053237148   0
0.201461478126539   0.112708414480242   -0.0140679245052596   -0.00197931059259449   0
0.201461478126539   0.112708414480242   -0.0140679245052596   -0.00197931059259449   0
0.248196289586388   0.104957723984969   0.0467348114598486   -0.00775069049527261   0
0.248196289586388   0.104957723984969   0.0467348114598486   -0.00775069049527261   0
0.211734309575586   0.121840431133306   -0.0364619800108019   0.0168827071483372   0
0.211734309575586   0.121840431133306   -0.0364619800108019   0.0168827071483372   0
0.31303856091223   0.0936261924583607   0.101304251336644   -0.0282142386749458   0
0.31303856091223   0.0936261924583607   0.101304251336644   -0.0282142386749458   0
0.224475840809196   0.122439113653736   -0.088562720103034   0.0288129211953754   0
0.224475840809196   0.122439113653736   -0.088562720103034   0.0288129211953754   0
0.291843178773053   0.0882203331296278   0.0673673379638566   -0.0342187805241083   0
0.291843178773053   0.0882203331296278   0.0673673379638566   -0.0342187805241083   0
0.199667708078222   0.138752065810784   -0.092175470694831   0.0505317326811557   0
0.199667708078222   0.138752065810784   -0.092175470694831   0.0505317326811557   0
0.273450203048416   0.106985535830095   0.0737824949701943   -0.0317665299806887   0
0.273450203048416   0.106985535830095   0.0737824949701943   -0.0317665299806887   0
0.208559667845919   0.154188849216026   -0.0648905352024973   0.0472033133859315   0
0.208559667845919   0.154188849216026   -0.0648905352024973   0.0472033133859315   0
0.244202809168936   0.121724433342448   0.0356431413230177   -0.0324644158735786   0
0.244202809168936   0.121724433342448   0.0356431413230177   -0.0324644158735786   0
0.215520649106414   0.150283671426747   -0.0286821600625226   0.0285592380842994   0
0.215520649106414   0.150283671426747   -0.0286821600625226   0.0285592380842994   0
0.296465014167001   0.11704673946579   0.0809443650605869   -0.0332369319609572   0
0.296465014167001   0.11704673946579   0.0809443650605869   -0.0332369319609572   0
0.28186791491949   0.129186929192005   -0.0145970992475108   0.0121401897262147   0
0.28186791491949   0.129186929192005   -0.0145970992475108   0.0121401897262147   0
0.281150756282106   0.139314742788586   -0.000717158637384308   0.0101278135965819   0
0.281150756282106   0.139314742788586   -0.000717158637384308   0.0101278135965819   0
0.301504195017317   0.124696498439772   0.0203534387352108   -0.0146182443488147   0
0.301504195017317   0.124696498439772   0.0203534387352108   -0.0146182443488147   0
0.292495300273355   0.138651234687975   -0.00900889474396166   0.0139547362482035   0
0.292495300273355   0.138651234687975   -0.00900889474396166   0.0139547362482035   0
0.311021053378079   0.138305180732683   0.0185257531047244   -0.000346053955292691   0
0.311021053378079   0.138305180732683   0.0185257531047244   -0.000346053955292691   0
0.320065451945379   0.119409202134928   0.00904439856730022   -0.018895978597755   0
0.320065451945379   0.119409202134928   0.00904439856730022   -0.018895978597755   0
0.263615276402734   0.154046480850748   -0.0564501755426452   0.0346372787158208   0
0.263615276402734   0.154046480850748   -0.0564501755426452   0.0346372787158208   0
0.363234822784105   0.10742775730449   0.0996195463813704   -0.046618723546258   0
0.363234822784105   0.10742775730449   0.0996195463813704   -0.046618723546258   0
0.306474135989587   0.142186819848044   -0.0567606867945174   0.0347590625435531   0
0.306474135989587   0.142186819848044   -0.0567606867945174   0.0347590625435531   0
0.449616611456917   0.0999080181607688   0.143142475467329   -0.0422788016872748   0
0.449616611456917   0.0999080181607688   0.143142475467329   -0.0422788016872748   0
0.354487757194801   0.107769597126752   -0.095128854262116   0.00786157896598356   0
0.354487757194801   0.107769597126752   -0.095128854262116   0.00786157896598356   0
0.421726245833716   0.11141244191751   0.0672384886389154   0.00364284479075749   0
0.421726245833716   0.11141244191751   0.0672384886389154   0.00364284479075749   0
0.381928538135081   0.119441554077339   -0.0397977076986351   0.00802911215982963   0
0.381928538135081   0.119441554077339   -0.0397977076986351   0.00802911215982963   0
0.420015706522982   0.103018935634426   0.0380871683879013   -0.0164226184429135   0
0.420015706522982   0.103018935634426   0.0380871683879013   -0.0164226184429135   0
0.355924875400695   0.11070730205507   -0.0640908311222876   0.00768836642064402   0
0.355924875400695   0.11070730205507   -0.0640908311222876   0.00768836642064402   0
0.371695779705662   0.115327018910358   0.0157709043049674   0.00461971685528774   0
0.371695779705662   0.115327018910358   0.0157709043049674   0.00461971685528774   0
0.420143706706408   0.116191019168394   0.0484479270007458   0.000864000258035832   0
0.420143706706408   0.116191019168394   0.0484479270007458   0.000864000258035832   0
0.328741910376514   0.121353930482381   -0.0914017963298937   0.00516291131398719   0
0.328741910376514   0.121353930482381   -0.0914017963298937   0.00516291131398719   0
0.430132650633499   0.122856456251228   0.101390740256985   0.00150252576884768   0
0.430132650633499   0.122856456251228   0.101390740256985   0.00150252576884768   0
0.33875756076138   0.123293307621278   -0.0913750898721195   0.000436851370049243   0
0.33875756076138   0.123293307621278   -0.0913750898721195   0.000436851370049243   0
0.450638355767682   0.122225776296059   0.111880795006302   -0.00106753132521879   0
0.450638355767682   0.122225776296059   0.111880795006302   -0.00106753132521879   0
0.344732677206557   0.123791720027644   -0.105905678561125   0.00156594373158472   0
0.344732677206557   0.123791720027644   -0.105905678561125   0.00156594373158472   0
0.366580672904342   0.125861091211552   0.0218479956977851   0.00206937118390797   0
0.366580672904342   0.125861091211552   0.0218479956977851   0.00206937118390797   0
0.289121727909284   0.14635401193084   -0.0774589449950579   0.0204929207192886   0
0.289121727909284   0.14635401193084   -0.0774589449950579   0.0204929207192886   0
0.3628891298496   0.140710686177205   0.0737674019403163   -0.00564332575363466   0
0.3628891298496   0.140710686177205   0.0737674019403163   -0.00564332575363466   0
0.320394419041031   0.169940033050081   -0.0424947108085688   0.0292293468728752   0
0.320394419041031   0.169940033050081   -0.0424947108085688   0.0292293468728752   0
0.389524086599276   0.148064103829904   0.0691296675582442   -0.021875929220177   0
0.389524086599276   0.148064103829904   0.0691296675582442   -0.021875929220177   0
0.340521426101207   0.156570162281491   -0.0490026604980683   0.00850605845158756   0
0.340521426101207   0.156570162281491   -0.0490026604980683   0.00850605845158756   0
0.392276543252334   0.160648124724505   0.0517551171511264   0.00407796244301342   0
0.392276543252334   0.160648124724505   0.0517551171511264   0.00407796244301342   0
0.37692785165599   0.151406375300621   -0.0153486915963438   -0.00924174942388364   0
0.37692785165599   0.151406375300621   -0.0153486915963438   -0.00924174942388364   0
0.402724218405102   0.147518909016988   0.0257963667491117   -0.0038874662836326   0
0.402724218405102   0.147518909016988   0.0257963667491117   -0.0038874662836326   0
0.35363543768972   0.150353235700641   -0.0490887807153815   0.00283432668365258   0
0.35363543768972   0.150353235700641   -0.0490887807153815   0.00283432668365258   0
0.404589087942322   0.135116773232277   0.0509536502526019   -0.0152364624683642   0
0.404589087942322   0.135116773232277   0.0509536502526019   -0.0152364624683642   0
0.365216073854917   0.144583186833428   -0.0393730140874053   0.00946641360115141   0
0.365216073854917   0.144583186833428   -0.0393730140874053   0.00946641360115141   0
0.414355403697116   0.138069849565727   0.0491393298421993   -0.00651333726770109   0
0.414355403697116   0.138069849565727   0.0491393298421993   -0.00651333726770109   0
0.380680900026269   0.154855395524793   -0.0336745036708473   0.0167855459590656   0
0.380680900026269   0.154855395524793   -0.0336745036708473   0.0167855459590656   0
0.479883363671841   0.15377483061439   0.0992024636455719   -0.00108056491040254   0
0.479883363671841   0.15377483061439   0.0992024636455719   -0.00108056491040254   0
0.362174825136094   0.154502697672856   -0.117708538535747   0.000727867058465975   0
0.362174825136094   0.154502697672856   -0.117708538535747   0.000727867058465975   0
0.438146624468339   0.141522234109247   0.0759717993322457   -0.0129804635636092   0
0.438146624468339   0.141522234109247   0.0759717993322457   -0.0129804635636092   0
0.321553159489998   0.140362512408451   -0.116593464978341   -0.00115972170079617   0
0.321553159489998   0.140362512408451   -0.116593464978341   -0.00115972170079617   0
0.450858138304057   0.148266696808541   0.129304978814059   0.00790418440009028   0
0.450858138304057   0.148266696808541   0.129304978814059   0.00790418440009028   0
0.357226731298205   0.143502372037015   -0.0936314070058517   -0.00476432477152558   0
0.357226731298205   0.143502372037015   -0.0936314070058517   -0.00476432477152558   0
0.383990413714978   0.151747132023352   0.026763682416773   0.00824475998633609   0
0.383990413714978   0.151747132023352   0.026763682416773   0.00824475998633609   0
0.390936822907487   0.134956277447744   0.00694640919250916   -0.0167908545756074   0
0.390936822907487   0.134956277447744   0.00694640919250916   -0.0167908545756074   0
0.362930135048056   0.140787543020716   -0.0280066878594314   0.00583126557297201   0
0.362930135048056   0.140787543020716   -0.0280066878594314   0.00583126557297201   0
0.436395016362469   0.143303624041587   0.0734648813144137   0.00251608102087081   0
0.436395016362469   0.143303624041587   0.0734648813144137   0.00251608102087081   0
0.369208216131494   0.136570122347679   -0.0671868002309755   -0.00673350169390802   0
0.369208216131494   0.136570122347679   -0.0671868002309755   -0.00673350169390802   0
0.463146506430741   0.135049399699147   0.0939382902992465   -0.00152072264853181   0
0.463146506430741   0.135049399699147   0.0939382902992465   -0.00152072264853181   0
0.343707075350508   0.149305418880905   -0.119439431080232   0.0142560191817578   0
0.343707075350508   0.149305418880905   -0.119439431080232   0.0142560191817578   0
0.431425773349252   0.15279188020483   0.0877186979987435   0.00348646132392469   0
0.431425773349252   0.15279188020483   0.0877186979987435   0.00348646132392469   0
0.366791899275325   0.146032642606242   -0.0646338740739271   -0.00675923759858735   0
0.366791899275325   0.146032642606242   -0.0646338740739271   -0.00675923759858735   0
0.467557272975194   0.133613135868898   0.100765373699869   -0.0124195067373438   0
0.467557272975194   0.133613135868898   0.100765373699869   -0.0124195067373438   0
0.365451046338631   0.149298482968456   -0.102106226636563   0.015685347099558   0
0.365451046338631   0.149298482968456   -0.102106226636563   0.015685347099558   0
0.464653366151586   0.144683807542771   0.0992023198129555   -0.00461467542568506   0
0.464653366151586   0.144683807542771   0.0992023198129555   -0.00461467542568506   0
0.347048767968077   0.168134071196806   -0.117604598183509   0.0234502636540342   0
0.347048767968077   0.168134071196806   -0.117604598183509   0.0234502636540342   0
0.40958406250854   0.154481303990459   0.0625352945404637   -0.0136527672063469   0
0.40958406250854   0.154481303990459   0.0625352945404637   -0.0136527672063469   0
0.346438163393195   0.180607443781742   -0.0631458991153455   0.0261261397912831   0
0.346438163393195   0.180607443781742   -0.0631458991153455   0.0261261397912831   0
0.493832749858695   0.170748709780718   0.1473945864655   -0.00985873400102333   0
0.493832749858695   0.170748709780718   0.1473945864655   -0.00985873400102333   0
0.367211262089492   0.160533728232831   -0.126621487769202   -0.0102149815478872   0
0.367211262089492   0.160533728232831   -0.126621487769202   -0.0102149815478872   0
0.367520511757167   0.16469305176413   0.00030924966767476   0.00415932353129911   0
0.367520511757167   0.16469305176413   0.00030924966767476   0.00415932353129911   0
0.44913921937524   0.170507071092851   0.081618707618073   0.00581401932872058   0
0.44913921937524   0.170507071092851   0.081618707618073   0.00581401932872058   0
0.384874044304107   0.169885276821102   -0.0642651750711327   -0.000621794271748743   0
0.384874044304107   0.169885276821102   -0.0642651750711327   -0.000621794271748743   0
0.469077792202956   0.165665234801572   0.0842037478988491   -0.00422004201953005   0
0.469077792202956   0.165665234801572   0.0842037478988491   -0.00422004201953005   0
0.412395025855065   0.180737188641274   -0.0566827663478912   0.0150719538397021   0
0.412395025855065   0.180737188641274   -0.0566827663478912   0.0150719538397021   0
0.433264097892959   0.165910320973145   0.0208690720378942   -0.0148268676681289   0
0.433264097892959   0.165910320973145   0.0208690720378942   -0.0148268676681289   0
0.416418390670969   0.17778682018075   -0.0168457072219902   0.0118764992076051   0
0.416418390670969   0.17778682018075   -0.0168457072219902   0.0118764992076051   0
0.418658566233022   0.197211705009325   0.00224017556205308   0.0194248848285745   0
0.418658566233022   0.197211705009325   0.00224017556205308   0.0194248848285745   0
0.46291573968164   0.188801376340196   0.0442571734486177   -0.00841032866912872   0
0.46291573968164   0.188801376340196   0.0442571734486177   -0.00841032866912872   0
0.410058912499424   0.194486486078316   -0.0528568271822164   0.00568510973811998   0
0.410058912499424   0.194486486078316   -0.0528568271822164   0.00568510973811998   0
0.528846681225287   0.19392170224893   0.118787768725863   -0.0005647838293866   0
0.528846681225287   0.19392170224893   0.118787768725863   -0.0005647838293866   0
0.415301015671766   0.179153573093216   -0.113545665553521   -0.0147681291557133   0
0.415301015671766   0.179153573093216   -0.113545665553521   -0.0147681291557133   0
0.458746948908655   0.184408874557876   0.0434459332368893   0.00525530146465988   0
0.458746948908655   0.184408874557876   0.0434459332368893   0.00525530146465988   0
0.445919731649094   0.185123568961451   -0.0128272172595608   0.000714694403574551   0
0.445919731649094   0.185123568961451   -0.0128272172595608   0.000714694403574551   0
0.454321949224336   0.197275268478819   0.00840221757524179   0.012151699517368   0
0.454321949224336   0.197275268478819   0.00840221757524179   0.012151699517368   0
0.497857246875046   0.180050636673833   0.0435352976507097   -0.017224631804986   0
0.497857246875046   0.180050636673833   0.0435352976507097   -0.017224631804986   0
0.415775264091071   0.171433509309018   -0.0820819827839743   -0.00861712736481515   0
0.415775264091071   0.171433509309018   -0.0820819827839743   -0.00861712736481515   0
0.543081629338537   0.206112350497544   0.127306365247466   0.0346788411885267   0
0.543081629338537   0.206112350497544   0.127306365247466   0.0346788411885267   0
0.41716907432239   0.191740209806211   -0.125912555016147   -0.0143721406913327   0
0.41716907432239   0.191740209806211   -0.125912555016147   -0.0143721406913327   0
0.42247358548198   0.211129020365256   0.00530451115958991   0.0193888105590441   0
0.42247358548198   0.211129020365256   0.00530451115958991   0.0193888105590441   0
0.420155565052993   0.193586557092428   -0.00231802042898704   -0.0175424632728273   0
0.420155565052993   0.193586557092428   -0.00231802042898704   -0.0175424632728273   0
0.40078954317941   0.193630951735907   -0.0193660218735834   4.43946434786346e-05   0
0.40078954317941   0.193630951735907   -0.0193660218735834   4.43946434786346e-05   0
0.417965576655542   0.195114838180141   0.0171760334761324   0.00148388644423381   0
0.417965576655542   0.195114838180141   0.0171760334761324   0.00148388644423381   0
0.455760675609469   0.207858408409562   0.0377950989539271   0.0127435702294209   0
0.455760675609469   0.207858408409562   0.0377950989539271   0.0127435702294209   0
0.475473330912471   0.194026087369871   0.0197126553030015   -0.0138323210396908   0
0.475473330912471   0.194026087369871   0.0197126553030015   -0.0138323210396908   0
0.487776357848553   0.199232091869941   0.0123030269360825   0.00520600450006994   0
0.487776357848553   0.199232091869941   0.0123030269360825   0.00520600450006994   0
0.459770971777253   0.191755096816825   -0.0280053860713   -0.00747699505311555   0
0.459770971777253   0.191755096816825   -0.0280053860713   -0.00747699505311555   0
0.479780752105584   0.200136476512532   0.0200097803283308   0.00838137969570668   0
0.479780752105584   0.200136476512532   0.0200097803283308   0.00838137969570668   0
0.499893654915723   0.199766609472849   0.0201129028101388   -0.00036986703968267   0
0.499893654915723   0.199766609472849   0.0201129028101388   -0.00036986703968267   0
0.458714469964705   0.188865279272621   -0.0411791849510182   -0.0109013302002285   0
0.458714469964705   0.188865279272621   -0.0411791849510182   -0.0109013302002285   0
0.45919706881142   0.179062850774868   0.000482598846715254   -0.00980242849775312   0
0.45919706881142   0.179062850774868   0.000482598846715254   -0.00980242849775312   0
0.425285271396741   0.191753033328473   -0.0339117974146786   0.0126901825536055   0
0.425285271396741   0.191753033328473   -0.0339117974146786   0.0126901825536055   0
0.456959756007025   0.195898770520963   0.0316744846102837   0.00414573719249003   0
0.456959756007025   0.195898770520963   0.0316744846102837   0.00414573719249003   0
0.421652408793072   0.204235039134633   -0.035307347213953   0.00833626861366965   0
0.421652408793072   0.204235039134633   -0.035307347213953   0.00833626861366965   0
0.478984107001475   0.202737632299914   0.0573316982084024   -0.00149740683471913   0
0.478984107001475   0.202737632299914   0.0573316982084024   -0.00149740683471913   0
0.415140907005079   0.204095135307686   -0.0638431999963951   0.00135750300777249   0
0.415140907005079   0.204095135307686   -0.0638431999963951   0.00135750300777249   0
0.495359519575429   0.204677796039495   0.0802186125703497   0.000582660731808571   0
0.495359519575429   0.204677796039495   0.0802186125703497   0.000582660731808571   0
0.404249134576687   0.204691430514177   -0.0911103849987426   1.36344746818617e-05   0
0.404249134576687   0.204691430514177   -0.0911103849987426   1.36344746818617e-05   0
0.520955757448749   0.208525846432678   0.116706622872063   0.00383441591850187   0
0.520955757448749   0.208525846432678   0.116706622872063   0.00383441591850187   0
0.542722508694821   0.22332324397603   0.0217667512460719   0.014797397543352   0
0.542722508694821   0.22332324397603   0.0217667512460719   0.014797397543352   0
0.459305711466775   0.218708598334639   -0.0834167972280465   -0.00461464564139133   0
0.459305711466775   0.218708598334639   -0.0834167972280465   -0.00461464564139133   0
0.588356963195814   0.222679892495646   0.129051251729039   0.003971294161007   0
0.588356963195814   0.222679892495646   0.129051251729039   0.003971294161007   0
0.452547515557206   0.209608043454921   -0.135809447638607   -0.0130718490407252   0
0.452547515557206   0.209608043454921   -0.135809447638607   -0.0130718490407252   0
0.541461436219607   0.215148857115928   0.0889139206624011   0.00554081366100712   0
0.541461436219607   0.215148857115928   0.0889139206624011   0.00554081366100712   0
0.446603544376889   0.198704638300018   -0.0948578918427182   -0.0164442188159102   0
0.446603544376889   0.198704638300018   -0.0948578918427182   -0.0164442188159102   0
0.542511666298523   0.216021296669703   0.0959081219216338   0.0173166583696855   0
0.542511666298523   0.216021296669703   0.0959081219216338   0.0173166583696855   0
0.50532996871846   0.195612397112408   -0.0371816975800627   -0.0204088995572951   0
0.50532996871846   0.195612397112408   -0.0371816975800627   -0.0204088995572951   0
0.551290018338805   0.169714486937864   0.0459600496203448   -0.025897910174544   0
0.551290018338805   0.169714486937864   0.0459600496203448   -0.025897910174544   0
0.478686450563414   0.148651821667117   -0.0726035677753909   -0.0210626652707468   0
0.478686450563414   0.148651821667117   -0.0726035677753909   -0.0210626652707468   0
0.38755489024524   0.147208631658685   -0.0911315603181742   -0.00144319000843213   0
0.38755489024524   0.147208631658685   -0.0911315603181742   -0.00144319000843213   0
0.399912577971736   0.147684073317724   0.0123576877264963   0.000475441659039094   0
0.399912577971736   0.147684073317724   0.0123576877264963   0.000475441659039094   0
0.418944129727151   0.150592760883251   0.0190315517554149   0.00290868756552654   0
0.418944129727151   0.150592760883251   0.0190315517554149   0.00290868756552654   0
0.444677594931429   0.146378902103228   0.0257334652042778   -0.00421385878002287   0
0.444677594931429   0.146378902103228   0.0257334652042778   -0.00421385878002287   0
0.475584079536942   0.164994879413196   0.0309064846055127   0.0186159773099676   0
0.475584079536942   0.164994879413196   0.0309064846055127   0.0186159773099676   0
0.51316342090605   0.168581961550843   0.0375793413691085   0.00358708213764755   0
0.51316342090605   0.168581961550843   0.0375793413691085   0.00358708213764755   0
0.53404189879736   0.172441178668264   0.0208784778913101   0.00385921711742027   0
0.53404189879736   0.172441178668264   0.0208784778913101   0.00385921711742027   0
0.706089789132374   0.187286265719355   0.172047890335013   0.0148450870510919   0
0.706089789132374   0.187286265719355   0.172047890335013   0.0148450870510919   0
0.485410386359831   0.156814189519077   -0.220679402772543   -0.0304720762002784   0
0.485410386359831   0.156814189519077   -0.220679402772543   -0.0304720762002784   0
0.475723314404508   0.158252808094841   -0.00968707195532298   0.00143861857576377   0
0.475723314404508   0.158252808094841   -0.00968707195532298   0.00143861857576377   0
0.535712836020381   0.159421215941292   0.0599895216158737   0.00116840784645136   0
0.535712836020381   0.159421215941292   0.0599895216158737   0.00116840784645136   0
0.533698491298224   0.152047625599218   -0.00201434472215778   -0.00737359034207372   0
0.533698491298224   0.152047625599218   -0.00201434472215778   -0.00737359034207372   0
0.521016167063941   0.139465638450337   -0.0126823242342829   -0.0125819871488815   0
0.521016167063941   0.139465638450337   -0.0126823242342829   -0.0125819871488815   0
0.541332627198842   0.159984631751162   0.020316460134901   0.0205189933008254   0
0.541332627198842   0.159984631751162   0.020316460134901   0.0205189933008254   0
0.556154697904279   0.156703142532728   0.0148220707054375   -0.00328148921843419   0
0.556154697904279   0.156703142532728   0.0148220707054375   -0.00328148921843419   0
0.710877970200934   0.171311595672506   0.154723272296655   0.0146084531397777   0
0.710877970200934   0.171311595672506   0.154723272296655   0.0146084531397777   0
0.533935295895486   0.153090071340576   -0.176942674305448   -0.0182215243319303   0
0.533935295895486   0.153090071340576   -0.176942674305448   -0.0182215243319303   0
0.668448544551486   0.176026949974173   0.134513248656   0.0229368786335974   0
0.668448544551486   0.176026949974173   0.134513248656   0.0229368786335974   0
0.511433687989949   0.155181513533153   -0.157014856561537   -0.0208454364410205   0
0.511433687989949   0.155181513533153   -0.157014856561537   -0.0208454364410205   0
0.62985999990871   0.182117232657902   0.118426311918761   0.0269357191247497   0
0.62985999990871   0.182117232657902   0.118426311918761   0.0269357191247497   0
0.58956499566036   0.193544607807742   -0.0402950042483502   0.0114273751498394   0
0.58956499566036   0.193544607807742   -0.0402950042483502   0.0114273751498394   0
0.666999098291744   0.220240774425406   0.0774341026313847   0.0266961666176643   0
0.666999098291744   0.220240774425406   0.0774341026313847   0.0266961666176643   0
0.637417264569293   0.193685411855049   -0.0295818337224516   -0.0265553625703567   0
0.637417264569293   0.193685411855049   -0.0295818337224516   -0.0265553625703567   0
0.584508648813685   0.196429987193026   -0.0529086157556077   0.00274457533797723   0
0.584508648813685   0.196429987193026   -0.0529086157556077   0.00274457533797723   0
0.688460941186208   0.214198408952401   0.103952292372523   0.0177684217593746   0
0.688460941186208   0.214198408952401   0.103952292372523   0.0177684217593746   0
0.511560957888696   0.199496774443223   -0.176899983297513   -0.0147016345091784   0
0.511560957888696   0.199496774443223   -0.176899983297513   -0.0147016345091784   0
0.640937576745973   0.218755424315604   0.129376618857277   0.0192586498723816   0
0.640937576745973   0.218755424315604   0.129376618857277   0.0192586498723816   0
0.471731456496172   0.167330608008704   -0.169206120249801   -0.0514248163069002   0
0.471731456496172   0.167330608008704   -0.169206120249801   -0.0514248163069002   0
0.552242249281056   0.162312370099293   0.0805107927848838   -0.00501823790941044   0
0.552242249281056   0.162312370099293   0.0805107927848838   -0.00501823790941044   0
0.507910635762828   0.162409072183861   -0.0443316135182282   9.67020845673572e-05   0
0.507910635762828   0.162409072183861   -0.0443316135182282   9.67020845673572e-05   0
0.544556886223102   0.165680950094119   0.0366462504602738   0.0032718779102584   0
0.544556886223102   0.165680950094119   0.0366462504602738   0.0032718779102584   0
0.634256110681639   0.180769775974   0.0896992244585377   0.0150888258798804   0
0.634256110681639   0.180769775974   0.0896992244585377   0.0150888258798804   0
0.527278535155756   0.168527785097918   -0.106977575525883   -0.0122419908760817   0
0.527278535155756   0.168527785097918   -0.106977575525883   -0.0122419908760817   0
0.648645461131118   0.186294141767824   0.121366925975361   0.0177663566699058   0
0.648645461131118   0.186294141767824   0.121366925975361   0.0177663566699058   0
0.54977372015039   0.17554656498277   -0.098871740980727   -0.0107475767850534   0
0.54977372015039   0.17554656498277   -0.098871740980727   -0.0107475767850534   0
0.591011385461397   0.181940403084923   0.0412376653110066   0.00639383810215308   0
0.591011385461397   0.181940403084923   0.0412376653110066   0.00639383810215308   0
0.589970443911388   0.168745003867128   -0.00104094155000922   -0.0131953992177954   0
0.589970443911388   0.168745003867128   -0.00104094155000922   -0.0131953992177954   0
0.516870645581658   0.149004402706231   -0.0730997983297298   -0.0197406011608967   0
0.516870645581658   0.149004402706231   -0.0730997983297298   -0.0197406011608967   0
0.652885828294657   0.170268219407909   0.136015182712999   0.0212638167016782   0
0.652885828294657   0.170268219407909   0.136015182712999   0.0212638167016782   0
0.591224056801649   0.158717484861813   -0.0616617714930072   -0.011550734546096   0
0.591224056801649   0.158717484861813   -0.0616617714930072   -0.011550734546096   0
0.719474159381002   0.174832425855274   0.128250102579353   0.0161149409934609   0
0.719474159381002   0.174832425855274   0.128250102579353   0.0161149409934609   0
0.61919472871545   0.145118162291639   -0.100279430665552   -0.0297142635636352   0
0.61919472871545   0.145118162291639   -0.100279430665552   -0.0297142635636352   0
0.778797242388544   0.180857631384641   0.159602513673093   0.0357394690930014   0
0.778797242388544   0.180857631384641   0.159602513673093   0.0357394690930014   0
0.718486000855271   0.159896633868767   -0.0603112415332728   -0.0209609975158736   0
0.718486000855271   0.159896633868767   -0.0603112415332728   -0.0209609975158736   0
0.824739747555555   0.191412531725518   0.106253746700284   0.0315158978567513   0
0.824739747555555   0.191412531725518   0.106253746700284   0.0315158978567513   0
0.670602405169412   0.157974692003181   -0.154137342386143   -0.0334378397223369   0
0.670602405169412   0.157974692003181   -0.154137342386143   -0.0334378397223369   0
0.678303140804316   0.168744626031468   0.00770073563490425   0.0107699340282867   0
0.678303140804316   0.168744626031468   0.00770073563490425   0.0107699340282867   0
0.610625874382997   0.144330706945889   -0.0676772664213189   -0.0244139190855794   0
0.610625874382997   0.144330706945889   -0.0676772664213189   -0.0244139190855794   0
0.543177673129152   0.152405591231916   -0.0674482012538451   0.00807488428602773   0
0.543177673129152   0.152405591231916   -0.0674482012538451   0.00807488428602773   0
0.614715953729851   0.17932443870329   0.0715382806006987   0.0269188474713736   0
0.614715953729851   0.17932443870329   0.0715382806006987   0.0269188474713736   0
0.466266775471939   0.18212429108304   -0.148449178257911   0.00279985237975033   0
0.466266775471939   0.18212429108304   -0.148449178257911   0.00279985237975033   0
0.619190930319558   0.17716908499157   0.152924154847619   -0.00495520609147074   0
0.619190930319558   0.17716908499157   0.152924154847619   -0.00495520609147074   0
0.488449550624218   0.156392520976068   -0.130741379695341   -0.0207765640155012   0
0.488449550624218   0.156392520976068   -0.130741379695341   -0.0207765640155012   0
0.636657201018727   0.184824973382928   0.14820765039451   0.0284324524068595   0
0.636657201018727   0.184824973382928   0.14820765039451   0.0284324524068595   0
0.582857216653444   0.172575843409499   -0.0537999843652829   -0.0122491299734286   0
0.582857216653444   0.172575843409499   -0.0537999843652829   -0.0122491299734286   0
0.711416431551873   0.203260517036635   0.128559214898428   0.0306846736271353   0
0.711416431551873   0.203260517036635   0.128559214898428   0.0306846736271353   0
