0.108202899340933   0.0531824172090149   0   0   0
0.0844381377767771   0.0353041095456407   -0.023764761564156   -0.0178783076633742   0
0.107717474727038   0.039311696111272   0.0232793369502605   0.00400758656563131   0
0.0962327981138967   0.0319476228753334   -0.011484676613141   -0.00736407323593864   0
0.0913525451655289   0.0317907560576184   -0.0048802529483678   -0.000156866817715005   0
0.0901290317806088   0.031741056363998   -0.00122351338492008   -4.9699693620342e-05   0
0.072554378033169   0.0297569513078965   -0.0175746537474398   -0.00198410505610151   0
0.104124154512774   0.0384676775168777   0.0315697764796048   0.0087107262089812   0
0.0862845820791293   0.0403833830064731   -0.0178395724336445   0.00191570548959537   0
0.0988071211124988   0.030204800053758   0.0125225390333694   -0.0101785829527151   0
0.088801023206605   0.0293805309544433   -0.0100060979058938   -0.000824269099314729   0
0.073413872343175   0.0309294998012011   -0.01538715086343   0.00154896884675784   0
0.0814064332751411   0.0373637027253389   0.00799256093196606   0.00643420292413782   0
0.0825277497649124   0.0344178011796948   0.00112131648977132   -0.00294590154564414   0
0.0690504431001713   0.0678844659287749   -0.0134773066647411   0.0334666647490801   0
0.0725559237190052   0.0548373412882362   0.00350548061883385   -0.0130471246405387   0
0.0441336540576463   0.0633757630675363   -0.0284222696613589   0.00853842177930007   0
0.0874320130428209   0.0295972040985715   0.0432983589851746   -0.0337785589689648   0
0.0739449928055308   0.0430332165895718   -0.0134870202372901   0.0134360124910003   0
0.0624148091269212   0.0159420122110651   -0.0115301836786096   -0.0270912043785067   0
0.056605971281924   0.0299185639833783   -0.0058088378449972   0.0139765517723132   0
0.0838811062858019   0.0216718174475318   0.027275135003878   -0.00824674653584647   0
0.0387098889795618   0.0457461517145913   -0.0451712173062401   0.0240743342670595   0
0.0731372005995581   0.0501924087257227   0.0344273116199963   0.0044462570111314   0
0.124118176965463   0.0213169257345712   0.0509809763659049   -0.0288754829911514   0
0.0950519430952361   0.0360907233225344   -0.029066233870227   0.0147737975879631   0
0.0540770521771481   0.0470396034062855   -0.0409748909180879   0.0109488800837511   0
0.0755610477342658   0.0361584651653278   0.0214839955571177   -0.0108811382409577   0
0.0832727089095221   0.0474627805032535   0.00771166117525626   0.0113043153379257   0
0.0740536696874071   0.0471209389233173   -0.00921903922211498   -0.00034184157993624   0
0.0830473326893766   0.0465657410741848   0.00899366300196949   -0.00055519784913248   0
0.0781959361032912   0.0270689788413786   -0.00485139658608542   -0.0194967622328063   0
0.0813192208571873   0.0352359217464578   0.00312328475389607   0.00816694290507927   0
0.0931515750489491   0.059717339468826   0.0118323541917618   0.0244814177223681   0
0.0769305720793112   0.0347858648662068   -0.0162210029696379   -0.0249314746026192   0
0.0969021841700691   0.043091170482504   0.0199716120907579   0.00830530561629722   0
0.0932096224595937   0.0340994426037289   -0.00369256171047543   -0.00899172787877513   0
0.0843447198208044   0.0476962734909395   -0.00886490263878928   0.0135968308872106   0
0.0967385474684213   0.0613015419016112   0.0123938276476169   0.0136052684106717   0
0.0755923238566589   0.039493738485803   -0.0211462236117624   -0.0218078034158082   0
0.0997669037798107   0.0402356337979471   0.0241745799231518   0.000741895312144032   0
0.0937351249607638   0.0363368166496805   -0.00603177881904689   -0.00389881714826654   0
0.094837488674996   0.0347688898967525   0.00110236371423225   -0.001567926752928   0
0.11516825555929   0.0448819666538243   0.0203307668842943   0.0101130767570718   0
0.092612074461217   0.0422475975998044   -0.0225561810980733   -0.00263436905401992   0
0.110027629771708   0.0412581098784227   0.0174155553104908   -0.000989487721381729   0
0.0888811614560138   0.032699682196659   -0.021146468315694   -0.00855842768176365   0
0.127579668607345   0.0318061096680339   0.0386985071513313   -0.000893572528625132   0
0.102204228415756   0.0340564463704744   -0.0253754401915892   0.00225033670244051   0
0.104044432702043   0.0380296838273078   0.00184020428628734   0.00397323745683342   0
0.0991916945401176   0.0323879495699805   -0.00485273816192559   -0.00564173425732734   0
0.0858703118534572   0.0625369476405948   -0.0133213826866604   0.0301489980706143   0
0.134582153848105   0.0144094251517895   0.0487118419946474   -0.0481275224888053   0
0.0955635955416601   0.0364088849777856   -0.0390185583064445   0.0219994598259961   0
0.115191191851634   0.0199112300434705   0.0196275963099741   -0.0164976549343151   0
0.122408214459692   0.0347910897963458   0.00721702260805798   0.0148798597528753   0
0.100504827607235   0.0282450633230061   -0.0219033868524573   -0.00654602647333974   0
0.130540321715744   0.0111846253667177   0.0300354941085093   -0.0170604379562884   0
0.0929724531085466   0.0478714506814082   -0.0375678686071976   0.0366868253146905   0
0.116194950893832   0.0265011718196201   0.0232224977852852   -0.0213702788617882   0
0.129510449236423   0.026296060634868   0.0133154983425908   -0.000205111184752037   0
0.10833633781405   0.0303003947452158   -0.0211741114223725   0.00400433411034775   0
0.132987673620227   0.0279857719935635   0.0246513358061767   -0.00231462275165225   0
0.107528153043098   0.028287552331397   -0.0254595205771285   0.000301780337833488   0
0.129821458492847   0.0337827985453548   0.0222933054497486   0.00549524621395776   0
0.105493989026627   0.0263757168617318   -0.0243274694662205   -0.00740708168362299   0
0.128523687577582   0.0298378439668904   0.0230296985509558   0.00346212710515865   0
0.141035487476911   0.0316753294774612   0.0125117998993289   0.0018374855105708   0
0.124790784629235   0.0203259762238718   -0.0162447028476768   -0.0113493532535895   0
0.135934939612927   0.0244351816582407   0.0111441549836921   0.00410920543436899   0
0.108022066742125   0.0295990746842655   -0.0279128728708021   0.00516389302602472   0
0.154014103838707   0.0377058900650999   0.0459920370965824   0.00810681538083444   0
0.123170584610937   0.0207838436524684   -0.0308435192277699   -0.0169220464126315   0
0.147218854003317   0.0187605242131164   0.0240482693923801   -0.00202331943935202   0
0.107563500335197   0.0558272454895681   -0.0396553536681198   0.0370667212764517   0
0.13059035970825   0.020054410042136   0.0230268593730522   -0.0357728354474321   0
0.133835997032712   0.0296127019137751   0.00324563732446209   0.00955829187163912   0
0.125843927779452   0.0212480657892927   -0.00799206925325935   -0.00836463612448245   0
0.154694570978202   0.017447325417832   0.0288506431987498   -0.0038007403714607   0
0.118031209530827   0.0292723355826497   -0.036663361447375   0.0118250101648178   0
0.154653793374104   0.0157010217646209   0.0366225838432768   -0.0135713138180288   0
0.112573569286234   0.0652974504696477   -0.04208022408787   0.0495964287050268   0
0.136532450006216   0.0272153519850585   0.0239588807199826   -0.0380820984845893   0
0.123193742081853   0.0308194486951962   -0.013338707924364   0.00360409671013772   0
0.131373300128641   0.0235245322105988   0.00817955804678855   -0.00729491648459739   0
0.153036942448057   0.0260018836061448   0.0216636423194162   0.00247735139554598   0
0.0929582028127378   0.0761043977700533   -0.0600787396353195   0.0501025141639086   0
0.151868372735241   0.0194594716904783   0.0589101699225029   -0.0566449260795751   0
0.140849630083469   0.0372683122551854   -0.0110187426517719   0.0178088405647071   0
0.133185379306439   0.0422248233177701   -0.00766425077702992   0.00495651106258471   0
0.137839367855087   0.0218568066457071   0.00465398854864815   -0.020368016672063   0
0.125764070626948   0.032924400598872   -0.0120752972281389   0.0110675939531649   0
0.156698233471217   0.0264674519436708   0.0309341628442688   -0.00645694865520112   0
0.0920737911832482   0.0907193835080051   -0.0646244422879687   0.0642519315643342   0
0.131662015049064   0.0556072226564589   0.0395882238658159   -0.0351121608515461   0
0.150699527204633   0.0455776734336012   0.0190375121555691   -0.0100295492228577   0
0.111627655941348   0.0843167292597976   -0.0390718712632851   0.0387390558261963   0
0.143459925769847   0.0369589332756304   0.0318322698284988   -0.0473577959841672   0
0.105775969943508   0.0771533266505891   -0.0376839558263385   0.0401943933749587   0
0.123430147246651   0.0496758099178061   0.0176541773031428   -0.027477516732783   0
0.151128951133428   0.0596260398537627   0.0276988038867766   0.00995022993595663   0
0.087792026575365   0.109334707518427   -0.0633369245580627   0.0497086676646644   0
0.153513395813199   0.0411260199956791   0.0657213692378343   -0.068208687522748   0
0.0894447806371059   0.104283138738113   -0.0640686151760934   0.0631571187424337   0
0.135924974457934   0.0555379415365073   0.046480193820828   -0.0487451972016056   0
0.123257269273256   0.0665048975716263   -0.0126677051846777   0.010966956035119   0
0.136974301028295   0.0656273280270308   0.0137170317550388   -0.000877569544595475   0
0.136349650145866   0.0857049291953211   -0.000624650882429273   0.0200776011682903   0
0.0890903128060509   0.10786080662502   -0.0472593373398149   0.0221558774296991   0
0.142452180473659   0.0625091263724946   0.0533618676676084   -0.0453516802525256   0
0.0797967716768849   0.124563381855634   -0.0626554087967744   0.0620542554831394   0
0.134075976717904   0.0600630593660529   0.0542792050410194   -0.0645003224895811   0
0.100850617256713   0.0950506009814772   -0.0332253594611913   0.0349875416154243   0
0.0903885131404428   0.106428149326576   -0.0104621041162701   0.0113775483450989   0
0.125084849260852   0.0627598340701678   0.0346963361204089   -0.0436683152564084   0
0.107467771250129   0.0753449078220619   -0.017617078010723   0.012585073751894   0
0.153019839464724   0.0500026608818221   0.0455520682145956   -0.0253422469402398   0
0.0656399037160811   0.126539824363143   -0.0873799357486432   0.0765371634813206   0
0.141336369021317   0.0568780832296149   0.0756964653052362   -0.0696617411335278   0
0.134002932905403   0.0567097777509531   -0.00733343611591414   -0.00016830547866175   0
0.090924976021828   0.123928336654939   -0.0430779568835752   0.0672185589039863   0
0.149441848620826   0.0561014542837795   0.0585168725989984   -0.0678268823711599   0
0.0738607408441968   0.120324665908844   -0.0755811077766296   0.0642232116250648   0
0.164706382303935   0.05065469556971   0.0908456414597383   -0.0696699703391343   0
0.0847372398202821   0.125854215492658   -0.079969142483653   0.0751995199229484   0
0.116720867356827   0.111701285478279   0.0319836275365449   -0.0141529300143794   0
0.0981107442113248   0.116393512767261   -0.0186101231455022   0.00469222728898169   0
0.102724791518455   0.103505229930968   0.00461404730713   -0.012888282836293   0
0.158848171840283   0.0643767819092412   0.056123380321828   -0.0391284480217266   0
0.0941245427491151   0.131637730832539   -0.0647236290911676   0.0672609489232978   0
0.166564569495916   0.0501712350284752   0.0724400267468014   -0.0814664958040638   0
0.155237129217369   0.0766942821726789   -0.0113274402785479   0.0265230471442037   0
0.110233841157514   0.121943486495425   -0.0450032880598547   0.0452492043227465   0
0.158458642384346   0.0639157833132983   0.0482248012268319   -0.0580277031821271   0
0.100688851411912   0.113847485372405   -0.0577697909724343   0.0499317020591068   0
0.17841558375142   0.0604663662411799   0.0777267323395086   -0.0533811191312252   0
0.115161245494871   0.118837323619781   -0.0632543382565488   0.0583709573786008   0
0.15542213017936   0.0773683963845381   0.040260884684489   -0.0414689272352427   0
0.157426392304467   0.0525493995874834   0.00200426212510693   -0.0248189967970547   0
0.124851002511554   0.105007868646033   -0.0325753897929134   0.0524584690585495   0
0.156524284077903   0.0602256985977954   0.031673281566349   -0.0447821700482375   0
0.0996436165211299   0.122285858643027   -0.0568806675567728   0.062060160045232   0
0.170420142115185   0.0702680252286913   0.0707765255940555   -0.0520178334143362   0
0.129961829673947   0.120343183543201   -0.0404583124412385   0.0500751583145094   0
0.160107871467208   0.0873502427867977   0.0301460417932611   -0.0329929407564031   0
0.176453986043501   0.0790977159375667   0.0163461145762929   -0.00825252684923093   0
0.124684933321753   0.118970822136112   -0.0517690527217478   0.0398731061985457   0
0.186382656414727   0.0501457056237122   0.0616977230929735   -0.0688251165124002   0
0.102208049733179   0.130695737495193   -0.0841746066815475   0.0805500318714812   0
0.174233878726383   0.072860252844435   0.0720258289932041   -0.0578354846507584   0
0.140781740100945   0.123017592967937   -0.0334521386254382   0.0501573401235019   0
0.144214275231164   0.112799888746233   0.00343253513021935   -0.0102177042217041   0
0.168801667299971   0.0661610012323159   0.0245873920688064   -0.046638887513917   0
0.134861727069506   0.100648201137887   -0.0339399402304644   0.0344871999055709   0
0.190195585263723   0.0806073219109933   0.0553338581942164   -0.0200408792268934   0
0.14313428378879   0.101676173657413   -0.0470613014749323   0.0210688517464202   0
0.207030590700408   0.0768116566122128   0.0638963069116179   -0.0248645170452006   0
0.150603496659673   0.111832460446341   -0.0564270940407358   0.0350208038341285   0
0.218991331431543   0.0405963406116241   0.0683878347718706   -0.0712361198347172   0
0.151277128471061   0.120401122836635   -0.0677142029604818   0.079804782225011   0
0.203793917401477   0.0632104478615284   0.0525167889304155   -0.0571906749751067   0
0.167181473843396   0.118064275097391   -0.0366124435580812   0.0548538272358629   0
0.17518406229646   0.0947606936845784   0.00800258845306434   -0.0233035814128129   0
0.205512539011614   0.0545712507568087   0.0303284767151536   -0.0401894429277697   0
0.149370577592644   0.107083521497287   -0.0561419614189699   0.0525122707404786   0
0.197333615105587   0.0708774262922441   0.0479630375129434   -0.0362060952050432   0
0.181801383190833   0.0859036035057901   -0.0155322319147544   0.015026177213546   0
0.194341970330369   0.0585890180100759   0.0125405871395362   -0.0273145854957142   0
0.208070113190842   0.0823757293079703   0.0137281428604736   0.0237867112978944   0
0.168251827420745   0.115964288698569   -0.039818285770098   0.0335885593905984   0
0.209050224708824   0.0548208906022376   0.04079839728808   -0.0611433980963312   0
0.184879222962668   0.0965669587229245   -0.0241710017461562   0.0417460681206869   0
0.196239430955886   0.0697503360126136   0.0113602079932179   -0.0268166227103109   0
0.205449724811205   0.0748214483240768   0.00921029385531916   0.00507111231146325   0
0.186660715968465   0.0860660279186277   -0.0187890088427402   0.0112445795945508   0
0.220591940593577   0.0534342650677915   0.0339312246251114   -0.0326317628508362   0
0.184166470810406   0.101529402641476   -0.0364254697831709   0.0480951375736848   0
0.204165998719571   0.0667960859243451   0.0199995279091656   -0.0347333167171311   0
0.211038256391324   0.0718690089840538   0.0068722576717522   0.00507292305970862   0
0.20501323997452   0.0617475235755654   -0.00602501641680381   -0.0101214854084884   0
0.251416471355796   0.0369450513579627   0.0464032313812767   -0.0248024722176027   0
0.195628120315358   0.0825913744968111   -0.0557883510404389   0.0456463231388484   0
0.232422137761101   0.0574842581161356   0.036794017445743   -0.0251071163806755   0
0.197883093309105   0.0702873909797483   -0.0345390444519954   0.0128031328636127   0
0.20475107693834   0.0728974146717495   0.0068679836292348   0.00261002369200122   0
0.219384701432985   0.0666715984957988   0.0146336244946451   -0.00622581617595071   0
0.200121361235351   0.061366799384541   -0.0192633401976336   -0.00530479911125781   0
0.211533162608821   0.0713976973747228   0.0114118013734698   0.0100308979901818   0
0.199400153158818   0.0711732895875447   -0.0121330094500034   -0.00022440778717811   0
0.224052132694603   0.0579693543650652   0.0246519795357852   -0.0132039352224795   0
0.1908357245611   0.101808381641813   -0.0332164081335031   0.0438390272767476   0
0.226340856942555   0.0626566508944382   0.0355051323814548   -0.0391517307473746   0
0.188005827578402   0.0792875635644866   -0.0383350293641522   0.0166309126700484   0
0.226403464967213   0.0646580817692769   0.0383976373888104   -0.0146294817952097   0
0.210896917863301   0.072796842366273   -0.0155065471039117   0.00813876059699609   0
0.22213583404487   0.0521718045883263   0.0112389161815687   -0.0206250377779467   0
0.208212238079057   0.0554900327778332   -0.0139235959658127   0.00331822818950692   0
0.193824366750339   0.0576710142144648   -0.014387871328718   0.00218098143663161   0
0.223430238335571   0.0586308214514559   0.0296058715852316   0.0009598072369911   0
0.183661615252752   0.0908389992899801   -0.0397686230828186   0.0322081778385242   0
0.222319277593037   0.0516069967761398   0.0386576623402851   -0.0392320025138403   0
0.210131764951542   0.0697898410579935   -0.0121875126414956   0.0181828442818538   0
0.21819383926053   0.0449533688803186   0.00806207430898823   -0.0248364721776749   0
0.228678135221888   0.0508500364281335   0.0104842959613578   0.00589666754781482   0
0.202126503210959   0.0648812206854957   -0.0265516320109284   0.0140311842573623   0
0.246477849195602   0.0557207702485348   0.0443513459846427   -0.00916045043696095   0
0.207069935541498   0.0637150539012563   -0.0394079136541045   0.00799428365272156   0
0.233054495110586   0.0664817245109699   0.025984559569088   0.00276667060971358   0
0.219203653973674   0.071267319332163   -0.0138508411369121   0.00478559482119312   0
0.209971751629499   0.0874443145098639   -0.00923190234417456   0.0161769951777009   0
0.249622356428746   0.06531612179535   0.0396506047992472   -0.0221281927145139   0
0.229534482148021   0.0612198597572103   -0.0200878742807255   -0.00409626203813971   0
0.254290710383313   0.0587907374938008   0.0247562282352924   -0.00242912226340947   0
0.241938188916178   0.0716041446271094   -0.0123525214671355   0.0128134071333086   0
0.224287895063666   0.057081507485218   -0.0176502938525117   -0.0145226371418914   0
0.267625282064849   0.065064133259212   0.0433373870011832   0.00798262577399401   0
0.228696663433925   0.0695742991233113   -0.038928618630924   0.0045101658640993   0
0.277831093037208   0.0643784212324285   0.0491344296032834   -0.00519587789088284   0
0.230848584580673   0.0926691340016324   -0.0469825084565358   0.0282907127692039   0
0.311016788560377   0.0665943207065738   0.0801682039797039   -0.0260748132950586   0
0.240883329140893   0.0735682571876281   -0.0701334594194831   0.00697393648105438   0
0.286852190678771   0.0608931600397573   0.0459688615378775   -0.0126750971478708   0
0.236913482705164   0.0897041073167779   -0.0499387079736071   0.0288109472770205   0
0.269960823291751   0.0523863720485109   0.0330473405865871   -0.037317735268267   0
0.238201107134308   0.0809074140227736   -0.0317597161574432   0.0285210419742627   0
0.258837993908951   0.0703903209246129   0.0206368867746429   -0.0105170930981607   0
0.268477938434353   0.0842898999164936   0.0096399445254019   0.0138995789918806   0
0.244149639826091   0.084092974826156   -0.0243282986082615   -0.000196925090337599   0
0.277350540508018   0.0708735543928058   0.0332009006819274   -0.0132194204333502   0
0.244151661897354   0.0754424965726546   -0.0331988786106642   0.00456894217984881   0
0.284149730084141   0.0531965876708976   0.0399980681867863   -0.0222459089017569   0
0.269919430547136   0.0668858929813492   -0.0142302995370049   0.0136893053104516   0
0.270309589138103   0.0686681615143619   0.000390158590967193   0.00178226853301273   0
0.250448667175052   0.0787033646533774   -0.0198609219630508   0.0100352031390155   0
0.252376123743036   0.0786448014922951   0.00192745656798354   -5.85631610823534e-05   0
0.266195907761483   0.0631932741979912   0.0138197840184475   -0.0154515272943039   0
0.243333435481214   0.0751386776538056   -0.0228624722802693   0.0119454034558144   0
0.293852271732311   0.0560974070425051   0.0505188362510973   -0.0190412706113005   0
0.252110427290682   0.0791947785663297   -0.0417418444416295   0.0230973715238247   0
0.278266148184593   0.055788036394867   0.0261557208939117   -0.0234067421714628   0
0.251291567929945   0.0827165499822889   -0.0269745802546486   0.026928513587422   0
0.280926387832489   0.0592402507893071   0.0296348199025443   -0.0234762991929818   0
0.289227067289699   0.08138932707384   0.00830067945720986   0.0221490762845329   0
0.281158525464479   0.0851532876956756   -0.00806854182521999   0.00376396062183564   0
0.320020421409697   0.0804465355078297   0.0388618959452181   -0.00470675218784594   0
0.297479721125256   0.0716523945926617   -0.0225407002844411   -0.00879414091516793   0
0.308122620249163   0.0759036835621302   0.0106428991239073   0.00425128896946851   0
0.29801862894289   0.0815266375238793   -0.010103991306273   0.00562295396174901   0
0.29356300125261   0.0761326421194779   -0.00445562769027996   -0.00539399540440136   0
0.329973768524727   0.0654181143403148   0.0364107672721167   -0.0107145277791631   0
0.290787268026456   0.0776746229794197   -0.0391865004982708   0.0122565086391049   0
0.312935184259552   0.0733918995687024   0.0221479162330963   -0.00428272341071732   0
0.284422725323136   0.0921842653294612   -0.0285124589364165   0.0187923657607588   0
0.303357454001727   0.0713599416969002   0.0189347286785913   -0.020824323632561   0
0.312116742525934   0.0747688171112129   0.0087592885242066   0.00340887541431267   0
0.290252813755336   0.0747920531390368   -0.0218639287705973   2.32360278238919e-05   0
0.333798714167745   0.0682039939553029   0.0435459004124087   -0.00658805918373384   0
0.292660374284186   0.0704196244691244   -0.0411383398835589   0.00221563051382143   0
0.326284550420273   0.0666414005904738   0.0336241761360872   -0.00377822387865058   0
0.322190306979835   0.0613795461339932   -0.00409424344043896   -0.00526185445648059   0
0.304543318863245   0.0903810615699578   -0.0176469881165897   0.0290015154359646   0
0.331930559197312   0.0630909395900275   0.0273872403340668   -0.0272901219799303   0
0.291006118578906   0.0710827676372586   -0.0409244406184061   0.0079918280472311   0
0.329305627819143   0.0670600857296835   0.0382995092402376   -0.00402268190757511   0
0.312256135806873   0.0684962013044884   -0.0170494920122706   0.00143611557480491   0
0.309708945212372   0.0673022522352893   -0.00254719059450054   -0.00119394906919915   0
0.323504209607866   0.0535691010886406   0.0137952643954938   -0.0137331511466486   0
0.292762718777938   0.0778437182961638   -0.0307414908299278   0.0242746172075231   0
0.339438302377619   0.062362319534355   0.0466755835996812   -0.0154813987618087   0
0.297627957426718   0.0908357641630349   -0.0418103449509016   0.0284734446286799   0
0.339228860023495   0.0500324887722718   0.0416009025967775   -0.0408032753907631   0
0.318240425377245   0.0715876839093325   -0.0209884346462498   0.0215551951370607   0
0.316184288555519   0.0742618168868093   -0.00205613682172578   0.00267413297747685   0
0.339550158290701   0.0788387253425149   0.0233658697351815   0.00457690845570558   0
0.30915020168017   0.0727234726595375   -0.0303999566105305   -0.0061152526829774   0
0.323115920480948   0.0667936052099301   0.0139657188007771   -0.00592986744960741   0
0.288120471684832   0.0755971265178281   -0.0349954487961157   0.00880352130789797   0
0.324781360612028   0.0552379978007893   0.0366608889271959   -0.0203591287170388   0
0.304197083723842   0.0634102864245423   -0.020584276888186   0.00817228862375308   0
0.328879321041077   0.0426226516256614   0.0246822373172355   -0.0207876347988809   0
0.304689948518884   0.065542692953639   -0.0241893725221936   0.0229200413279776   0
0.316742717974131   0.0669512332229587   0.0120527694552475   0.00140854026931964   0
0.308845014325567   0.0667163209050079   -0.00789770364856368   -0.000234912317950711   0
0.312170927152498   0.0677979830077746   0.00332591282693018   0.0010816621027667   0
0.338435134006873   0.0331926280454335   0.0262642068543752   -0.0346053549623411   0
0.331109531630864   0.0594711667678128   -0.00732560237600904   0.0262785387223793   0
0.368675978105829   0.0553649096218444   0.0375664464749656   -0.00410625714596839   0
0.358390934268935   0.0705766770213433   -0.0102850438368945   0.0152117673994989   0
0.345421454395192   0.0553778736234292   -0.0129694798737424   -0.015198803397914   0
0.398620594418352   0.041714381810414   0.0531991400231592   -0.0136634918130152   0
0.353055035254689   0.0631569826023022   -0.0455655591636622   0.0214426007918882   0
0.389451853384985   0.0478346247414203   0.0363968181302958   -0.0153223578608819   0
0.339006373990947   0.0682683266414594   -0.0504454793940379   0.0204337019000391   0
0.395866107029334   0.0397808307173505   0.0568597330383865   -0.0284874959241089   0
0.352968095518009   0.0537979460028912   -0.0428980115113253   0.0140171152855407   0
0.379582843988305   0.0372956316277456   0.0266147484702967   -0.0165023143751456   0
0.363356763457294   0.0639580968183271   -0.016226080531011   0.0266624651905814   0
0.369875482121538   0.0438129889397254   0.00651871866424364   -0.0201451078786017   0
