0.025394919755162   0.200271235525555   0   0   0
0.0269344966356233   0.15215774757928   0.00153957688046125   -0.048113487946275   0
0.0740953202657901   0.15457819668916   0.0471608236301668   0.00242044910987918   0
0.0572215328254181   0.142722531744974   -0.016873787440372   -0.011855664944186   0
0.0865129756527632   0.0989160003279309   0.0292914428273451   -0.0438065314170427   0
0.0859265921923475   0.117666899874576   -0.000586383460415674   0.0187508995466452   0
0.0777728635847363   0.0998087432373161   -0.00815372860761125   -0.01785815663726   0
0.0583769358149809   0.113418252589828   -0.0193959277697554   0.0136095093525117   0
0.0514286392629875   0.100206052157607   -0.0069482965519934   -0.0132122004322205   0
0.117700186109284   0.0195413525970568   0.0662715468462961   -0.0806646995605505   0
0.100694019745564   0.0568665947259241   -0.0170061663637198   0.0373252421288673   0
0.109714018972099   0.0313543006014327   0.00901999922653472   -0.0255122941244914   0
0.08943581899625   0.0161624972463795   -0.0202781999758485   -0.0151918033550532   0
0.0490881595048134   0.075179398648832   -0.0403476594914367   0.0590169014024525   0
0.113999616025231   0.0262610636363514   0.0649114565204171   -0.0489183350124805   0
0.078911603321727   0.0934483662920465   -0.0350880127035035   0.0671873026556951   0
0.105095763169644   0.0185646519190477   0.0261841598479174   -0.0748837143729989   0
0.0932323144711639   0.0468578109454016   -0.0118634486984805   0.028293159026354   0
0.0918074393986675   0.0392709286073999   -0.00142487507249643   -0.00758688233800172   0
0.13825338499516   0.044605840806474   0.0464459455964928   0.00533491219907408   0
0.0631761643571371   0.0370758496547281   -0.0750772206380232   -0.00752999115174591   0
0.0960386679356289   0.0331536551905291   0.0328625035784918   -0.00392219446419893   0
0.122346510773295   0.0479947831023229   0.0263078428376661   0.0148411279117938   0
0.074250688350482   0.0404191527604798   -0.0480958224228131   -0.00757563034184316   0
0.126723031310019   0.0647687516700731   0.0524723429595368   0.0243495989095933   0
0.0548010349001084   0.117449012004199   -0.0719219964099104   0.052680260334126   0
0.102936916573523   0.0803081043227425   0.0481358816734144   -0.0371409076814565   0
0.110841693763222   0.0916753051077279   0.00790477718969965   0.0113672007849853   0
0.0903009581763117   0.116706493786978   -0.0205407355869107   0.0250311886792504   0
0.108964324082564   0.0491789201202161   0.0186633659062521   -0.0675275736667622   0
0.130986687813762   0.0909104264455129   0.0220223637311984   0.0417315063252967   0
0.0768941353910687   0.119829061596144   -0.0540925524226935   0.0289186351506313   0
0.0841664011373897   0.0723607341562052   0.00727226574632106   -0.047468327439939   0
0.141461443684737   0.109809766359828   0.0572950425473472   0.0374490322036228   0
0.096175261596057   0.050325984749841   -0.0452861820886799   -0.059483781609987   0
0.111789921792485   0.0945167385417657   0.0156146601964284   0.0441907537919247   0
0.152941503868799   0.107178855084434   0.0411515820763141   0.0126621165426678   0
0.118380741766134   0.138555678990199   -0.0345607621026659   0.0313768239057652   0
0.131126180390073   0.0632790436360254   0.0127454386239396   -0.0752766353541734   0
0.115480055268691   0.100663693499692   -0.0156461251213818   0.037384649863667   0
0.161026158937764   0.108358280541314   0.0455461036690726   0.00769458704162117   0
0.116578908653495   0.0840828447213966   -0.0444472502842686   -0.0242754358199169   0
0.141270214119254   0.0823677530697694   0.0246913054657592   -0.00171509165162727   0
0.156467924199467   0.0998821162731848   0.0151977100802121   0.0175143632034154   0
0.114055564525586   0.0495449921930057   -0.042412359673881   -0.050337124080179   0
0.170181620302576   0.110692226370114   0.0561260557769901   0.061147234177108   0
0.15266752439707   0.150872900498234   -0.0175140959055054   0.0401806741281202   0
0.116180005719874   0.0994131903746304   -0.036487518677196   -0.0514597101236036   0
0.188145945430695   0.0910465020660459   0.0719659397108207   -0.00836668830858447   0
0.20368509151936   0.169115893683304   0.015539146088665   0.0780693916172578   0
0.158526004122541   0.139701763718144   -0.0451590873968185   -0.0294141299651602   0
0.182045622149624   0.106093022601347   0.0235196180270824   -0.0336087411167962   0
0.229858092471181   0.151668964634199   0.0478124703215572   0.045575942032852   0
0.173688705346116   0.147389068053952   -0.0561693871250647   -0.0042798965802473   0
0.175875080949121   0.0646399486598651   0.00218637560300505   -0.0827491193940869   0
0.180876545609153   0.0980004488845332   0.00500146466003165   0.0333605002246681   0
0.192617614469601   0.152788810422467   0.0117410688604484   0.0547883615379336   0
0.13671991299946   0.124470293250488   -0.0558977014701411   -0.0283185171719787   0
0.195361118191415   0.0494092505922474   0.0586412051919546   -0.0750610426582407   0
0.177046036308555   0.0740618023336085   -0.0183150818828605   0.0246525517413611   0
0.180377975683424   0.0908750234447425   0.00333193937486975   0.016813221111134   0
0.189519367779681   0.102468709374838   0.00914139209625672   0.0115936859300954   0
0.167510252620907   0.0966862825451082   -0.0220091151587742   -0.00578242682972971   0
0.183249839604896   0.0358442468913088   0.0157395869839889   -0.0608420356537994   0
0.203325453654283   0.0777610349736615   0.0200756140493873   0.0419167880823527   0
0.225262562684615   0.102859059385234   0.0219371090303317   0.0250980244115721   0
0.170453647110204   0.0863921336769876   -0.0548089155744107   -0.0164669257082459   0
0.206140519746943   0.0600890876003641   0.0356868726367394   -0.0263030460766236   0
0.202937830252321   0.117430971679674   -0.0032026894946221   0.0573418840793104   0
0.148783864547874   0.107525401629673   -0.0541539657044477   -0.00990557005000134   0
0.229423780280118   0.0824682924171466   0.0806399157322447   -0.0250571092125265   0
0.207746248769141   0.124712111564755   -0.0216775315109769   0.0422438191476088   0
0.202561229221043   0.11762264895271   -0.00518501954809827   -0.0070894626120452   0
0.206345613773106   0.124283991898595   0.00378438455206326   0.00666134294588468   0
0.198233118933971   0.137192941620333   -0.00811249483913512   0.0129089497217377   0
0.193522982678596   0.0899200129326058   -0.00471013625537572   -0.0472729286877268   0
0.22114114651654   0.0784352270136958   0.0276181638379448   -0.01148478591891   0
0.247591617785619   0.102724197341328   0.0264504712690785   0.0242889703276317   0
0.20142840780945   0.0703445826993787   -0.0461632099761692   -0.0323796146419489   0
0.224625546025745   0.0734554234214534   0.0231971382162953   0.0031108407220747   0
0.241776477678558   0.0987088316006349   0.0171509316528125   0.0252534081791815   0
0.19862087071164   0.0683798705947518   -0.0431556069669175   -0.0303289610058831   0
0.229500695752192   0.0655280634625046   0.0308798250405516   -0.00285180713224721   0
0.239337448547548   0.0974839459919042   0.00983675279535604   0.0319558825293997   0
0.197311545055884   0.0817314528052695   -0.042025903491664   -0.0157524931866347   0
0.240792811844581   0.105991105335542   0.0434812667886978   0.0242596525302727   0
0.239787563615484   0.105577409532059   -0.00100524822909701   -0.000413695803483674   0
0.192854854036216   0.108046537808946   -0.0469327095792689   0.0024691282768875   0
0.254451123401509   0.134130085324742   0.0615962693652936   0.0260835475157957   0
0.230830108452515   0.148093166502071   -0.0236210149489937   0.0139630811773289   0
0.225560309151522   0.149218811011916   -0.00526979930099378   0.00112564450984573   0
0.279304897797801   0.179503236590347   0.0537445886462793   0.0302844255784304   0
0.254931116943931   0.176723556225118   -0.0243737808538703   -0.0027796803652286   0
0.276393464477437   0.240455777245651   0.021462347533506   0.0637322210205326   0
0.22975988079778   0.219402530071106   -0.0466335836796567   -0.0210532471745449   0
0.272506385767196   0.21453997807742   0.0427465049694165   -0.00486255199368549   0
0.251472063434092   0.252583049441867   -0.0210343223331043   0.0380430713644463   0
0.249739857084948   0.25746377063939   -0.0017322063491445   0.00488072119752347   0
0.263848435234113   0.305451910734018   0.0141085781491657   0.0479881400946278   0
0.254311301238246   0.308632473052675   -0.00953713399586698   0.00318056231865677   0
0.241208633620213   0.309881242591577   -0.0131026676180335   0.00124876953890268   0
0.251299730195816   0.269816230000444   0.0100910965756035   -0.0400650125911334   0
0.259512513910004   0.278438897224436   0.00821278371418777   0.00862266722399196   0
0.25679452186914   0.30550775369318   -0.00271799204086443   0.0270688564687437   0
0.202152403073978   0.327331862083819   -0.0546421187951615   0.0218241083906389   0
0.260697266251183   0.255376470726891   0.0585448631772046   -0.0719553913569277   0
0.257846003125703   0.267261183160598   -0.00285126312547967   0.0118847124337068   0
0.254601293461699   0.275038473159188   -0.00324470966400431   0.0077772899985909   0
0.266467442304008   0.238364557709845   0.0118661488423096   -0.0366739154493435   0
0.252838552590403   0.269170840950413   -0.0136288897136052   0.030806283240568   0
0.269254881328231   0.251322734220989   0.0164163287378284   -0.0178481067294238   0
0.238932133927293   0.223256980172653   -0.0303227474009382   -0.0280657540483358   0
0.254042756922059   0.234787483605051   0.0151106229947658   0.0115305034323977   0
0.231140021621117   0.208450252774114   -0.0229027353009422   -0.0263372308309368   0
0.262199514221518   0.198958611441154   0.031059492600401   -0.00949164133296015   0
0.245676859260961   0.204071205517437   -0.016522654960557   0.00511259407628298   0
0.280319028083735   0.156098541406687   0.0346421688227744   -0.0479726641107505   0
0.26268736981865   0.212394520243367   -0.0176316582650857   0.0562959788366804   0
0.251402061060465   0.165980584341068   -0.0112853087581842   -0.0464139359022986   0
0.298214475339478   0.197327140852322   0.0468124142790124   0.0313465565112539   0
0.282993863770436   0.231511274814754   -0.015220611569042   0.0341841339624316   0
0.3038958815074   0.234072216929012   0.0209020177369647   0.00256094211425825   0
0.286642418564891   0.247987816307279   -0.0172534629425098   0.0139155993782664   0
0.304904165567101   0.258795859446624   0.0182617470022101   0.0108080431393457   0
0.293957545584664   0.23803278590021   -0.0109466199824364   -0.0207630735464146   0
0.290647663841308   0.270489829179772   -0.00330988174335634   0.0324570432795629   0
0.278750880013409   0.28273842556149   -0.0118967838278989   0.0122485963817171   0
0.319746135452862   0.240173441691775   0.0409952554394529   -0.0425649838697145   0
0.307069164656173   0.238319278663498   -0.0126769707966888   -0.00185416302827709   0
0.280080716002477   0.237965674125708   -0.0269884486536964   -0.000353604537790292   0
0.297353773140497   0.197375127956159   0.01727305713802   -0.040590546169549   0
0.323048986787445   0.211138232377067   0.0256952136469484   0.0137631044209088   0
0.287170933774956   0.212442819659085   -0.0358780530124894   0.00130458728201757   0
0.306030407189939   0.202162587387602   0.0188594734149835   -0.0102802322714825   0
0.306781709129125   0.232022402354282   0.000751301939185323   0.0298598149666799   0
0.284948199271113   0.237265827666591   -0.0218335098580114   0.00524342531230876   0
0.309466461175311   0.222877430757384   0.0245182619041975   -0.0143883969092073   0
0.310459629327257   0.267252055976021   0.000993168151946056   0.0443746252186367   0
0.305119042982063   0.226775667471268   -0.00534058634519369   -0.0404763885047527   0
0.310359000180452   0.261273936387769   0.00523995719838938   0.0344982689165013   0
0.31543996439394   0.272821636628452   0.00508096421348747   0.0115477002406825   0
0.296645600634832   0.247583320143563   -0.0187943637591082   -0.0252383164848886   0
0.309906632999618   0.254810437510029   0.0132610323647865   0.0072271173664662   0
0.287984694561812   0.27611262025051   -0.0219219384378064   0.0213021827404811   0
0.318143410495896   0.244285427807617   0.030158715934084   -0.0318271924428938   0
0.29638898766879   0.275784386000982   -0.021754422827106   0.031498958193365   0
0.306768407616576   0.27132778064203   0.0103794199477867   -0.00445660535895148   0
0.29870341837053   0.236396011032066   -0.00806498924604626   -0.0349317696099644   0
0.29936179705435   0.238617097574943   0.000658378683820016   0.00222108654287764   0
0.315263785623738   0.230656974495575   0.0159019885693874   -0.00796012307936791   0
0.310862014903092   0.227500576516528   -0.0044017707206459   -0.0031563979790476   0
0.318980357554145   0.22610037525535   0.00811834265105299   -0.00140020126117796   0
0.294808119283272   0.238376207709269   -0.0241722382708726   0.0122758324539191   0
0.316380907853176   0.20534488292855   0.0215727885699041   -0.0330313247807187   0
0.292895774172059   0.240411066564416   -0.0234851336811169   0.0350661836358657   0
0.292593716592821   0.242505133275179   -0.000302057579238402   0.00209406671076345   0
0.331436611777049   0.197613172914592   0.0388428951842277   -0.0448919603605872   0
0.309340568765624   0.225003321106828   -0.0220960430114242   0.0273901481922361   0
0.283922364120441   0.22944659349433   -0.0254182046451839   0.00444327238750211   0
0.324174592113201   0.19175816849905   0.0402522279927601   -0.0376884249952806   0
0.314392421896982   0.224488404180483   -0.00978217021621852   0.0327302356814334   0
0.294984899218943   0.198384688546017   -0.019407522678039   -0.0261037156344667   0
0.307339550268038   0.216852084494247   0.0123546510490952   0.0184673959482304   0
0.344178689974917   0.210859681051167   0.0368391397068787   -0.00599240344307966   0
0.321822578538688   0.193156364794174   -0.0223561114362291   -0.0177033162569933   0
0.32177683913638   0.236624752928027   -4.57394023075652e-05   0.0434683881338534   0
0.309091417186631   0.243456017999658   -0.0126854219497494   0.00683126507163104   0
0.37345635261385   0.263356003387525   0.0643649354272186   0.0198999853878665   0
0.32348330274263   0.279992541233244   -0.0499730498712197   0.0166365378457194   0
0.311154562018621   0.306936875265094   -0.0123287407240087   0.0269443340318499   0
0.325250125600913   0.26952991384863   0.0140955635822923   -0.0374069614164641   0
0.328652410532906   0.286578198487341   0.00340228493199285   0.0170482846387112   0
0.332186225675238   0.299379522580036   0.00353381514233148   0.0128013240926942   0
0.357127066145931   0.24844264226326   0.0249408404706929   -0.050936880316776   0
0.333245550591452   0.27113987958847   -0.0238815155544788   0.0226972373252104   0
0.31499607925179   0.250031910783904   -0.0182494713396619   -0.0211079688045663   0
0.34011804254088   0.21671223071795   0.0251219632890902   -0.0333196800659537   0
0.330420947112256   0.258593068906535   -0.00969709542862468   0.041880838188585   0
0.299249759139836   0.231367463419665   -0.0311711879724193   -0.0272256054868701   0
0.29017898530569   0.253722691916293   -0.00907077383414601   0.0223552284966278   0
0.291823385649197   0.25568302081777   0.00164440034350682   0.0019603289014769   0
0.319886356593228   0.227027100064067   0.0280629709440312   -0.0286559207537024   0
0.292391042565414   0.255903794513192   -0.0274953140278139   0.0288766944491248   0
0.279424603653579   0.245102634676272   -0.012966438911835   -0.0108011598369201   0
0.3064030261861   0.218834087880522   0.0269784225325207   -0.0262685467957499   0
0.295747782933786   0.238183833918257   -0.0106552432523138   0.0193497460377354   0
0.274667368160927   0.257157436385767   -0.0210804147728598   0.01897360246751   0
0.34934071029047   0.203771765076764   0.0746733421295433   -0.0533856713090031   0
0.291580502060426   0.280096727357711   -0.057760208230044   0.0763249622809469   0
0.295539100446963   0.274368765539192   0.00395859838653695   -0.00572796181851937   0
0.356480260962651   0.228348657233298   0.0609411605156886   -0.0460201083058943   0
0.310629995432991   0.296018742235606   -0.0458502655296604   0.0676700850023082   0
0.286588173813924   0.275672437685562   -0.0240418216190668   -0.0203463045500438   0
0.344811488469584   0.227163079845185   0.0582233146556598   -0.0485093578403767   0
0.315874339041651   0.271490165866556   -0.0289371494279327   0.0443270860213706   0
0.304218353185816   0.272209653786378   -0.011655985855835   0.00071948791982257   0
0.336449586322543   0.239651120912776   0.0322312331367263   -0.0325585328736024   0
0.327285296909287   0.241906109842228   -0.0091642894132557   0.00225498892945178   0
0.2957751059268   0.221535828184179   -0.0315101909824864   -0.020370281658049   0
0.343562200454299   0.197252774412047   0.0477870945274987   -0.0242830537721316   0
0.323608177726151   0.209116814255813   -0.0199540227281483   0.0118640398437653   0
0.295394419921907   0.170524559883613   -0.0282137578042437   -0.0385922543721993   0
0.31222556749858   0.192942324119152   0.0168311475766724   0.022417764235539   0
0.300754568798215   0.198054430534891   -0.0114709987003649   0.00511210641573887   0
0.335592267971492   0.168529786502869   0.0348376991732778   -0.0295246440320224   0
0.326695775509035   0.168247732193483   -0.00889649246245716   -0.000282054309385604   0
0.311385791842997   0.157973873733918   -0.0153099836660386   -0.0102738584595647   0
0.326526828886448   0.16170772799718   0.0151410370434518   0.0037338542632617   0
0.295594361964162   0.174958905089881   -0.0309324669222865   0.0132511770927009   0
0.307016173128143   0.172578935854727   0.0114218111639812   -0.00237996923515396   0
0.333486790896206   0.156717147103859   0.026470617768063   -0.0158617887508684   0
0.319409672398943   0.141118819097498   -0.0140771184972633   -0.0155983280063602   0
0.316199310682361   0.147438301204639   -0.00321036171658234   0.00631948210714101   0
0.333708984648016   0.155526976692868   0.0175096739656558   0.00808867548822889   0
0.3522053453834   0.130300899185462   0.0184963607353836   -0.0252260775074061   0
0.301635172632437   0.182373196559281   -0.050570172750963   0.0520722973738184   0
0.335910001685585   0.126722036583461   0.0342748290531485   -0.0556511599758197   0
0.261885511096815   0.156218198826193   -0.0740244905887705   0.0294961622427322   0
0.343833628480462   0.146414305901097   0.0819481173836465   -0.00980389292509615   0
0.285321681911557   0.160393678302793   -0.058511946568904   0.0139793724016965   0
0.279807174258917   0.198484589874126   -0.00551450765264033   0.0380909115713325   0
0.331174095457359   0.173992774224966   0.0513669211984419   -0.0244918156491599   0
0.298782922312772   0.198552059543587   -0.032391173144587   0.0245592853186207   0
0.299442568879243   0.171289623108786   0.000659646566470551   -0.0272624364348006   0
0.327437624605909   0.174074946199877   0.0279950557266661   0.0027853230910907   0
0.305527145621203   0.158038295066489   -0.0219104789847054   -0.0160366511333883   0
0.292707438321953   0.164663045279128   -0.0128197072992502   0.00662475021263906   0
0.314373519245817   0.163716022655267   0.0216660809238637   -0.000947022623860316   0
0.290484260905819   0.155941890668447   -0.0238892583399977   -0.00777413198681989   0
0.289419252429758   0.175085505973539   -0.00106500847606111   0.0191436153050911   0
0.287030996989872   0.154305673602958   -0.00238825543988586   -0.0207798323705809   0
0.264121503458844   0.143396032996349   -0.0229094935310284   -0.0109096406066087   0
0.308445919881411   0.165179277060751   0.0443244164225676   0.0217832440644025   0
0.265979043480873   0.15198673289225   -0.0424668764005385   -0.013192544168502   0
0.263964321229215   0.151327652448255   -0.00201472225165816   -0.000659080443994015   0
0.314954065501622   0.174431194802564   0.0509897442724074   0.0231035423543084   0
0.28589565449828   0.171696649514485   -0.0290584110033418   -0.00273454528807862   0
0.325457796634218   0.150243148053946   0.0395621421359378   -0.021453501460539   0
0.397347008881406   0.179184194824069   0.0718892122471879   0.028941046770123   0
0.315587195088473   0.14249576188624   -0.0817598137929327   -0.0366884329378293   0
0.247593485252258   0.179570541473184   -0.0679937098362153   0.037074779586944   0
0.283019722227975   0.167657423771101   0.0354262369757169   -0.0119131177020831   0
0.301245766625857   0.19144749007822   0.0182260443978818   0.0237900663071187   0
0.234077674308786   0.237844620866229   -0.0671680923170707   0.0463971307880089   0
0.266630116912925   0.215965016337137   0.0325524426041391   -0.0218796045290912   0
0.359676371997105   0.189447884525804   0.0930462550841804   -0.026517131811333   0
0.294762575258461   0.202494851085954   -0.064913796738644   0.0130469665601492   0
0.2653974320505   0.190415165569368   -0.0293651432079608   -0.0120796855165851   0
0.316810237767027   0.197948210792552   0.0514128057165263   0.00753304522318332   0
0.260291289523872   0.202009448058507   -0.056518948243155   0.00406123726595489   0
0.256807857471301   0.18588580700095   -0.00348343205257079   -0.0161236410575567   0
0.282989134600606   0.178057087529007   0.0261812771293052   -0.00782871947194283   0
0.272212074530135   0.178147823874648   -0.0107770600704707   9.07363456405796e-05   0
0.252573799191444   0.171608867914285   -0.0196382753386911   -0.00653895596036275   0
0.273382456498218   0.172906952165782   0.0208086573067736   0.00129808425149699   0
0.283317709944154   0.199934783595176   0.00993525344593649   0.0270278314293944   0
0.24541792511958   0.193843688206503   -0.0378997848245739   -0.00609109538867325   0
0.298112700734135   0.233038139437518   0.0526947756145546   0.0391944512310147   0
0.24998293218738   0.230203667435491   -0.0481297685467555   -0.00283447200202711   0
0.251788795977899   0.203440127283803   0.00180586379051939   -0.0267635401516877   0
0.331702641022046   0.215637415079689   0.0799138450441466   0.0121972877958857   0
0.260850930082682   0.217029066301037   -0.070851710939364   0.00139165122134838   0
0.243329171103672   0.208976248733558   -0.0175217589790097   -0.00805281756747897   0
0.252607779747576   0.20942960584287   0.00927860864390442   0.000453357109312047   0
0.305514798549923   0.223961539460462   0.0529070188023467   0.0145319336175915   0
0.244469459724523   0.204234646525143   -0.0610453388254003   -0.0197268929353191   0
0.258702784414857   0.215955393601318   0.0142333246903344   0.0117207470761748   0
0.295760057981128   0.221912824660383   0.0370572735662706   0.00595743105906568   0
0.264608194542422   0.208548930527706   -0.0311518634387061   -0.0133638941326771   0
0.313942112514393   0.227837322534084   0.0493339179719718   0.0192883920063774   0
0.315586757215825   0.193563898559365   0.0016446447014315   -0.0342734239747189   0
0.263569980026178   0.191048863751927   -0.0520167771896466   -0.00251503480743728   0
0.292146773747786   0.196707718983013   0.0285767937216077   0.00565885523108567   0
0.270025482051232   0.207977171922642   -0.0221212916965543   0.0112694529396285   0
0.240886694669922   0.203585003189239   -0.0291387873813101   -0.00439216873340242   0
0.302185710378717   0.207919678855802   0.0612990157087958   0.00433467566656329   0
0.251379446137209   0.195511800507028   -0.0508062642415082   -0.0124078783487742   0
0.228013475764043   0.18513809510911   -0.0233659703731657   -0.0103737053979178   0
0.283737426065015   0.178823076385746   0.0557239503009719   -0.00631501872336401   0
0.281089700576542   0.172605299950279   -0.00264772548847336   -0.00621777643546786   0
0.235739743030317   0.181098993176998   -0.0453499575462247   0.00849369322671983   0
0.271647877698317   0.181609397395867   0.0359081346680001   0.000510404218868749   0
0.291439358846742   0.175155115196816   0.0197914811484245   -0.00645428219905081   0
0.243217299419675   0.177254379803577   -0.0482220594270665   0.00209926460676038   0
0.240986524855001   0.172323958793576   -0.00223077456467441   -0.00493042101000093   0
0.293385626841193   0.170575360903209   0.0523991019861925   -0.0017485978903668   0
0.247486407266419   0.177730365398889   -0.0458992195747741   0.00715500449567971   0
0.240108769674829   0.172472814169545   -0.00737763759159049   -0.0052575512293434   0
0.303293807124643   0.167944510311263   0.0631850374498139   -0.00452830385828207   0
0.259014098176142   0.164146388750446   -0.044279708948501   -0.00379812156081735   0
0.238466592573656   0.190290021722764   -0.0205475056024858   0.0261436329723182   0
0.289990828172272   0.15443702907428   0.0515242355986158   -0.035852992648484   0
