0.13313451228363   0.0903869390022281   0   0   0
0.187286401645982   0.095396037638848   0.0541518893623519   0.0050090986366199   0
0.127157714873341   0.0679844077384109   -0.0601286867726403   -0.0274116299004371   0
0.119221307591932   0.0739271251807143   -0.00793640728140969   0.0059427174423034   0
0.113475224908964   0.0557726041019693   -0.00574608268296757   -0.018154521078745   0
0.139054921323986   0.0702004337104836   0.0255796964150221   0.0144278296085143   0
0.124992418386517   0.0619559636896038   -0.0140625029374697   -0.00824447002087981   0
0.1079720371951   0.0543810066601153   -0.0170203811914168   -0.0075749570294885   0
0.157126267514919   0.0485490174657789   0.0491542303198196   -0.00583198919433641   0
0.103426434670736   0.0552345783241576   -0.0536998328441835   0.00668556085837874   0
0.170152287721118   0.0736111580756783   0.0667258530503817   0.0183765797515207   0
0.0674776000205253   0.073619871619234   -0.102674687700592   8.71354355572174e-06   0
0.172500330960552   0.0477056844039838   0.105022730940027   -0.0259141872152503   0
0.093770713257925   0.0424321441973535   -0.078729617702627   -0.00527354020663028   0
0.186337572587066   0.0682642608153234   0.0925668593291407   0.0258321166179699   0
0.129406293470063   0.0496098237561373   -0.056931279117003   -0.0186544370591862   0
0.118183343354764   0.045277159226535   -0.0112229501152989   -0.00433266452960229   0
0.180065834168534   0.0478608265831515   0.0618824908137702   0.00258366735661652   0
0.0853929473115901   0.0300540335886466   -0.0946728868569439   -0.0178067929945049   0
0.170295490900552   0.0437255936795674   0.0849025435889619   0.0136715600909208   0
0.0723582896466604   0.0342845087319787   -0.0979372012538916   -0.00944108494758869   0
0.163091882121245   0.0413248224900604   0.0907335924745844   0.00704031375808165   0
0.220238263162905   0.0204631306894864   0.05714638104166   -0.020861691800574   0
0.218409119626397   0.032388457374889   -0.00182914353650823   0.0119253266854026   0
0.121158791538377   0.0568515685306263   -0.0972503280880191   0.0244631111557373   0
0.0894642649326534   0.0886416719933407   -0.031694526605724   0.0317901034627144   0
0.0722625433021839   0.101878443954806   -0.0172017216304695   0.0132367719614651   0
0.0967984171778134   0.0729365397541897   0.0245358738756295   -0.028941904200616   0
0.132767969836892   0.0519677256659602   0.0359695526590791   -0.0209688140882295   0
0.101012602061723   0.0851866726197785   -0.0317553677751695   0.0332189469538183   0
0.110626749773371   0.0352838603763109   0.00961414771164787   -0.0499028122434677   0
0.0684371484479738   0.0943430565574516   -0.042189601325397   0.0590591961811407   0
0.110900052662025   0.0410403128882444   0.0424629042140516   -0.0533027436692071   0
0.110581708736888   0.0369124947900873   -0.000318343925137063   -0.00412781809815707   0
0.0695962399758062   0.0643151146286975   -0.0409854687610821   0.0274026198386102   0
0.159639292092525   0.018708422695172   0.0900430521167185   -0.0456066919335256   0
0.0944934314575357   0.0407280684344654   -0.0651458606349889   0.0220196457392935   0
0.109170499206608   0.0198221713801036   0.0146770677490723   -0.0209058970543618   0
0.0959991126135549   0.0269021603980517   -0.0131713865930531   0.00707998901794803   0
0.0995198337651767   0.0413513373164944   0.00352072115162178   0.0144491769184427   0
0.106259899633728   0.0280506845036356   0.00674006586855154   -0.0133006528128588   0
0.123787644131755   0.0439651678112344   0.0175277444980267   0.0159144833075988   0
0.0979398667788046   0.0235080624877535   -0.0258477773529503   -0.0204571053234808   0
0.140153064370709   0.0503470447771267   0.042213197591904   0.0268389822893732   0
0.123899886411086   0.0564706946456879   -0.0162531779596227   0.00612364986856122   0
0.106903657524146   0.0785601297224616   -0.0169962288869395   0.0220894350767737   0
0.122114293089548   0.0332586933370344   0.0152106355654014   -0.0453014363854272   0
0.136014945040095   0.0547232558725036   0.0139006519505469   0.0214645625354692   0
0.111734014952878   0.0431772146740905   -0.0242809300872166   -0.0115460411984131   0
0.108357541949695   0.0427237191308294   -0.00337647300318278   -0.000453495543261122   0
0.160288786361398   0.0667454519367799   0.051931244411703   0.0240217328059505   0
0.124272944210838   0.0546280010258704   -0.0360158421505606   -0.0121174509109095   0
0.124511652322985   0.0725606371367079   0.000238708112147615   0.0179326361108375   0
0.121680312596615   0.070353870005139   -0.00283133972637013   -0.00220676713156893   0
0.120063028450269   0.0453348096703019   -0.0016172841463467   -0.0250190603348371   0
0.151032091642141   0.0902661189749648   0.0309690631918722   0.0449313093046629   0
0.113194520530457   0.0790139914119803   -0.037837571111684   -0.0112521275629845   0
0.157192073871586   0.10068774543589   0.0439975533411288   0.0216737540239092   0
0.0506091898956109   0.118263732638772   -0.106582883975975   0.0175759872028827   0
0.136466449022938   0.111987104315519   0.0858572591273266   -0.00627662832325292   0
0.125037865890217   0.0623242982141596   -0.0114285831327201   -0.0496628061013597   0
0.159935158498968   0.0878540458343553   0.0348972926087505   0.0255297476201957   0
0.119792026491123   0.102879124233989   -0.0401431320078446   0.0150250783996335   0
0.127411842333834   0.106189891583392   0.00761981584271106   0.003310767349403   0
0.23256677833689   0.166711081777885   0.105154936003055   0.0605211901944927   0
0.0682370659147944   0.139270028204212   -0.164329712422095   -0.0274410535736722   0
0.0289267523906504   0.138037117606878   -0.039310313524144   -0.00123291059733455   0
0.144144168865601   0.166839214958931   0.115217416474951   0.0288020973520536   0
0.115637248154543   0.150109933174166   -0.0285069207110583   -0.0167292817847656   0
0.0176985669864461   0.162409247727646   -0.0979386811680966   0.0122993145534806   0
0.0828413130997451   0.173487224403557   0.065142746113299   0.0110779766759103   0
0.132230671741393   0.155271344376987   0.0493893586416478   -0.0182158800265696   0
0.0268827325924579   0.148048238700905   -0.105347939148935   -0.0072231056760825   0
0.142676605472726   0.155415186571841   0.115793872880268   0.007366947870936   0
0.0843427136433255   0.19290018580078   -0.0583338918294009   0.0374849992289399   0
0.0495362478885917   0.199810506800093   -0.0348064657547338   0.00691032099931252   0
0.0889069113829178   0.194029070313987   0.0393706634943262   -0.00578143648610618   0
0.0164430433198359   0.190837929210929   -0.0724638680630819   -0.00319114110305763   0
0.138161518191623   0.195425138254024   0.121718474871787   0.0045872090430944   0
0.029519231930118   0.194548840229831   -0.108642286261505   -0.00087629802419209   0
0.094072007123958   0.211864772195031   0.06455277519384   0.0173159319651998   0
0.0909890980305355   0.216831894869597   -0.0030829090934225   0.00496712267456578   0
0.0899625478729588   0.215406834087268   -0.0010265501575767   -0.0014250607823286   0
0.0774629566166952   0.202863869458659   -0.0124995912562636   -0.012542964628609   0
0.0740423420458355   0.219840829619005   -0.00342061457085968   0.0169769601603458   0
0.117399159678211   0.230160274389935   0.0433568176323751   0.0103194447709294   0
0.0740409632653439   0.289679013038466   -0.0433581964128668   0.0595187386485318   0
0.127207862722222   0.260847657541505   0.0531668994568778   -0.0288313554969619   0
0.0200368838888112   0.262996093887894   -0.107170978833411   0.0021484363463895   0
0.236164704600942   0.286781099346806   0.21612782071213   0.0237850054589118   0
0.178608904253294   0.259748873151088   -0.0575558003476474   -0.0270322261957178   0
0.0783704686820871   0.247326911268876   -0.100238435571207   -0.012421961882212   0
0.0542948930816113   0.256694412274406   -0.0240755756004758   0.00936750100552952   0
0.113907313932381   0.260187858028584   0.0596124208507697   0.00349344575417826   0
0.0892026371628664   0.254993869709769   -0.0247046767695146   -0.00519398831881518   0
0.183957419636302   0.258562532244141   0.0947547824734353   0.00356866253437238   0
0.139336121250055   0.215468328471936   -0.0446212983862468   -0.0430942037722053   0
0.335159314698622   0.242530772071298   0.195823193448567   0.0270624435993625   0
0.270563507272507   0.264486473700925   -0.0645958074261149   0.0219557016296267   0
0.247241341308548   0.257026669914816   -0.023322165963959   -0.0074598037861085   0
0.186168260199342   0.282069893541477   -0.0610730811092059   0.0250432236266603   0
0.06031650750259   0.334829976860574   -0.125851752696752   0.0527600833190973   0
0.200497872671108   0.351116121017396   0.140181365168518   0.0162861441568217   0
0.0823069201155043   0.323028350259323   -0.118190952555604   -0.0280877707580725   0
0.234422123762434   0.335878575711555   0.15211520364693   0.0128502254522313   0
0.138195081973564   0.317373650620058   -0.0962270417888704   -0.0185049250914968   0
0.208022725837371   0.327717043594886   0.0698276438638072   0.0103433929748283   0
0.222777509770264   0.314028009822834   0.0147547839328929   -0.0136890337720521   0
0.145826480697986   0.323419535975936   -0.0769510290722782   0.00939152615310229   0
0.270342762625597   0.329666648098742   0.124516281927611   0.00624711212280599   0
0.16064963313363   0.342165145950099   -0.109693129491967   0.0124984978513565   0
0.0952383244345468   0.320159685937834   -0.0654113086990834   -0.0220054600122649   0
0.166977769713875   0.311115561835566   0.0717394452793285   -0.00904412410226785   0
0.110732201134674   0.276516438195363   -0.0562455685792009   -0.0345991236402032   0
0.221483172171772   0.2268914420542   0.110750971037098   -0.0496249961411629   0
0.207157527306903   0.268723146346426   -0.0143256448648689   0.0418317042922257   0
0.198731348459522   0.271990251395271   -0.00842617884738123   0.00326710504884498   0
0.149822787244297   0.272557653620679   -0.0489085612152247   0.000567402225408353   0
0.264117343452205   0.300690517084531   0.114294556207908   0.0281328634638519   0
0.12164332817438   0.282362475859138   -0.142474015277825   -0.0183280412253925   0
0.0957544875937415   0.286342603497668   -0.0258888405806388   0.0039801276385294   0
0.244544665667133   0.287539210487374   0.148790178073392   0.00119660698970653   0
0.123558482514755   0.284206452131193   -0.120986183152379   -0.00333275835618141   0
0.240866173291747   0.3065632024881   0.117307690776993   0.0223567503569075   0
0.159998417716671   0.279863305871639   -0.080867755575076   -0.0266998966164614   0
0.261489433600919   0.316062424192314   0.101491015884248   0.0361991183206755   0
0.248032369713411   0.32361221320287   -0.0134570638875087   0.00754978901055592   0
0.193727121730438   0.306363654653485   -0.0543052479829725   -0.017248558549385   0
0.0520449585446122   0.329374741374471   -0.141682163185826   0.0230110867209862   0
0.246101277518606   0.329218467671924   0.194056318973994   -0.000156273702547005   0
0.266265249922028   0.338863312113454   0.0201639724034218   0.00964484444152935   0
0.233142461753667   0.314604162669536   -0.0331227881683611   -0.0242591494439176   0
0.284511172426603   0.34490883554106   0.0513687106729357   0.0303046728715238   0
0.136388903471653   0.320473438536254   -0.148122268954949   -0.0244353970048062   0
0.27505832919939   0.352504621518897   0.138669425727737   0.032031182982643   0
0.153311302774714   0.374886284413939   -0.121747026424676   0.0223816628950426   0
0.238826929462194   0.378272689658403   0.0855156266874806   0.00338640524446365   0
0.190268367962307   0.298418599134236   -0.048558561499887   -0.0798540905241668   0
0.0766833067626071   0.364838736751805   -0.1135850611997   0.0664201376175683   0
0.157647791989263   0.460201021013827   0.0809644852266561   0.0953622842620229   0
0.248432753542781   0.553599525329053   0.0907849615535183   0.0933985043152255   0
0.174623551010682   0.548711884925643   -0.0738092025320997   -0.0048876404034095   0
0.27662267239241   0.560505048201417   0.101999121381728   0.0117931632757735   0
0.083367483125077   0.562704891975359   -0.193255189267333   0.00219984377394167   0
0.220418653300849   0.561647403548794   0.137051170175772   -0.00105748842656406   0
0.122906206188899   0.685318859123162   -0.0975124471119507   0.123671455574367   0
0.125770589267444   0.700158263183441   0.00286438307854496   0.0148394040602789   0
0.0697714112359783   0.693817910480554   -0.0559991780314653   -0.00634035270288646   0
0.125629692034487   0.640425308278218   0.0558582807985085   -0.0533926022023369   0
0.0871298284225328   0.622502666940205   -0.038499863611954   -0.0179226413380127   0
0.22056691396311   0.653462049841649   0.133437085540577   0.0309593829014444   0
0.0629569612386907   0.664971212039553   -0.157609952724419   0.011509162197904   0
0.211263069141888   0.670714558102262   0.148306107903197   0.00574334606270865   0
0.0995776701568137   0.719290359347322   -0.111685398985074   0.0485758012450604   0
0.23016844817179   0.712055552493975   0.130590778014976   -0.00723480685334721   0
0.0670942770889209   0.737086204916019   -0.163074171082869   0.0250306524220441   0
0.141194557448685   0.746294943532716   0.0741002803597641   0.00920873861669702   0
0.281100966388253   0.719214915611113   0.139906408939568   -0.0270800279216032   0
0.229782388359857   0.747975430807891   -0.0513185780283968   0.0287605151967779   0
0.25848194854736   0.751109732957342   0.0286995601875032   0.00313430214945143   0
0.113232784648703   0.746773978388709   -0.145249163898657   -0.00433575456863333   0
0.270209891995759   0.756066658275744   0.156977107347056   0.00929267988703464   0
0.196743100078517   0.719265174235657   -0.073466791917243   -0.0368014840400867   0
0.257006766514892   0.757451410182528   0.0602636664363751   0.0381862359468708   0
0.177741693723476   0.780527765915473   -0.0792650727914154   0.0230763557329456   0
0.267192182795006   0.757742702039584   0.08945048907153   -0.0227850638758892   0
0.128239576464249   0.777220230394352   -0.138952606330757   0.0194775283547681   0
0.268440064263217   0.804098447870346   0.140200487798968   0.0268782174759939   0
0.135214515698611   0.777591351053688   -0.133225548564606   -0.0265070968166581   0
0.193566390591859   0.79130753832407   0.0583518748932474   0.0137161872703822   0
0.261011701327737   0.776686334494499   0.0674453107358787   -0.0146212038295718   0
0.201940255993598   0.816216545119155   -0.0590714453341392   0.0395302106246569   0
0.285065492660827   0.8035339080308   0.0831252366672288   -0.0126826370883555   0
0.133970472676669   0.804763068643188   -0.151095019984158   0.00122916061238776   0
0.279402513482896   0.834857172675213   0.145432040806228   0.0300941040320251   0
0.175306533982194   0.815918072578369   -0.104095979500703   -0.0189391000968441   0
0.114328054355088   0.834320982716634   -0.0609784796271054   0.0184029101382654   0
0.277617634561657   0.843940527673603   0.163289580206569   0.00961954495696904   0
0.217877470736283   0.818765658053786   -0.0597401638253741   -0.025174869619817   0
0.161661713104   0.859735742062205   -0.0562157576322833   0.0409700840084187   0
0.264424850619699   0.850149058926139   0.102763137515699   -0.00958668313606592   0
0.17198044556914   0.82999164451216   -0.0924444050505586   -0.0201574144139789   0
0.260576723505458   0.822703964286365   0.088596277936318   -0.0072876802257954   0
0.190753610510234   0.816492241396849   -0.0698231129952243   -0.00621172288951588   0
0.2696718752459   0.821127843613892   0.0789182647356657   0.00463560221704318   0
0.144106630591378   0.815932424800148   -0.125565244654521   -0.00519541881374352   0
0.189704956487594   0.847433119389076   0.0455983258962157   0.0315006945889276   0
0.241079191037385   0.828624971656358   0.0513742345497909   -0.0188081477327182   0
0.167107416310587   0.833488658021811   -0.0739717747267976   0.00486368636545353   0
0.326020620254686   0.815625805781977   0.158913203944098   -0.017862852239834   0
0.215206672315242   0.754748215869538   -0.110813947939444   -0.0608775899124397   0
0.280869911593624   0.845833515490637   0.0656632392783816   0.0910852996210996   0
0.196705001074629   0.829341344927558   -0.0841649105189942   -0.0164921705630795   0
0.331965584826033   0.852386582409795   0.135260583751403   0.023045237482237   0
0.206502690645328   0.826979765403302   -0.125462894180705   -0.0254068170064929   0
0.31617291545863   0.866269943699711   0.109670224813302   0.0392901782964089   0
0.234007477019517   0.84032013315477   -0.0821654384391125   -0.0259498105449409   0
0.157121777381908   0.891842297401003   -0.076885699637609   0.0515221642462335   0
0.324842364047548   0.879146447691453   0.16772058666564   -0.0126958497095505   0
0.174581967757641   0.865196395553778   -0.150260396289907   -0.0139500521376744   0
0.267865902086865   0.901052857449134   0.0932839343292241   0.0358564618953562   0
0.273489718962615   0.861935677964719   0.00562381687574964   -0.0391171794844151   0
0.240235652894902   0.884453836228042   -0.0332540660677124   0.0225181582633227   0
0.347498161953772   0.876856784883512   0.10726250905887   -0.00759705134452993   0
0.291435651718883   0.869619843695795   -0.0560625102348892   -0.00723694118771667   0
0.32236287183024   0.888093176493041   0.0309272201113575   0.0184733327972456   0
0.285449084260293   0.85029758784866   -0.0369137875699471   -0.0377955886443809   0
0.29969220034437   0.793384965028012   0.0142431160840768   -0.056912622820648   0
0.335383170694595   0.855736239118836   0.0356909703502252   0.062351274090824   0
0.261196235642553   0.848203431744119   -0.0741869350520423   -0.00753280737471729   0
0.326736806490239   0.906360648409616   0.0655405708476863   0.0581572166654974   0
0.248582987157086   0.881424781769551   -0.0781538193331531   -0.0249358666400656   0
0.265326491902354   0.908312933589107   0.0167435047452681   0.0268881518195566   0
0.0694242998574707   0.962951580359833   -0.195902192044883   0.0546386467707258   0
0.197164338482419   0.953601664441186   0.127740038624949   -0.0093499159186472   0
0.215694641171935   0.906179055168596   0.0185303026895162   -0.0474226092725895   0
0.161178770396259   0.922187752192036   -0.0545158707756764   0.0160086970234395   0
0.342504063351605   0.947520352006357   0.181325292955346   0.0253325998143208   0
0.210395067291275   0.922847816223916   -0.13210899606033   -0.0246725357824411   0
0.291346831268919   0.968704656579083   0.0809517639776444   0.0458568403551678   0
0.396154627261641   0.904365221299448   0.104807795992722   -0.064339435279635   0
0.155279788105149   0.88513798658486   -0.240874839156492   -0.0192272347145884   0
0.125544403873888   0.860576752208366   -0.029735384231261   -0.0245612343764936   0
0.11852234629322   0.878262194282123   -0.00702205758066821   0.0176854420737569   0
0.203835756947499   0.90579630364089   0.0853134106542791   0.0275341093587671   0
0.379758888223844   0.908645805167778   0.175923131276345   0.00284950152688801   0
0.227379032362727   0.912773077436282   -0.152379855861117   0.00412727226850318   0
0.142623909140228   0.893651144539635   -0.0847551232224989   -0.0191219328966463   0
0.287197406922068   0.858011845486559   0.14457349778184   -0.0356392990530766   0
0.25284765261837   0.809614606563055   -0.034349754303698   -0.0483972389235038   0
0.242290671880553   0.830002497014316   -0.0105569807378168   0.0203878904512613   0
0.330694094076384   0.838198700206377   0.0884034221958301   0.00819620319206082   0
0.302619909492436   0.849860743639003   -0.0280741845839478   0.0116620434326262   0
0.349865979236336   0.890861611728298   0.0472460697438998   0.0410008680892944   0
0.306499592050949   0.822454552976789   -0.0433663871853862   -0.0684070587515084   0
0.37221221688843   0.947347452822881   0.0657126248374811   0.124892899846091   0
0.293675160383731   0.9298445049515   -0.0785370565046997   -0.0175029478713805   0
0.350248983826777   0.88707784176996   0.0565738234430463   -0.0427666631815401   0
0.300764749741206   0.907040896956416   -0.0494842340855716   0.0199630551864561   0
0.22313838957136   0.872446979745188   -0.0776263601698456   -0.0345939172112284   0
0.344899167376916   0.905095836746861   0.121760777805556   0.032648857001673   0
0.325878037658017   0.86479603916545   -0.019021129718899   -0.0402997975814111   0
0.210248511497116   0.900115316754609   -0.115629526160901   0.0353192775891592   0
0.224932036653563   0.942089474867568   0.0146835251564474   0.0419741581129593   0
0.36140246114548   0.915448390777438   0.136470424491916   -0.0266410840901306   0
0.197703528018141   0.921997370939581   -0.163698933127338   0.00654898016214389   0
0.147789065957871   0.968231027586521   -0.0499144620602702   0.0462336566469392   0
0.225329883796646   0.974270075142027   0.0775408178387748   0.00603904755550599   0
0.176369008477056   0.935017829561688   -0.0489608753195896   -0.0392522455803386   0
0.160668173529109   0.995924443052785   -0.0157008349479471   0.0609066134910969   0
0.327570294470805   0.971701806372459   0.166902120941696   -0.0242226366803259   0
0.16783739369342   0.942000278152029   -0.159732900777385   -0.0297015282204302   0
0.207767152360641   0.970238161423395   0.0399297586672216   0.028237883271366   0
0.196755396086537   0.972362219860737   -0.0110117562741046   0.00212405843734187   0
0.235957006618346   0.98506553675758   0.0392016105318088   0.0127033168968435   0
0.266872424984898   0.946296785720262   0.0309154183665524   -0.0387687510373181   0
0.303299233559022   0.956793720914022   0.0364268085741237   0.01049693519376   0
0.237274632846539   0.950324764739008   -0.0660246007124825   -0.00646895617501464   0
0.328769197922003   0.948387735349577   0.0914945650754633   -0.0019370293894303   0
0.219716931375223   0.953547218992064   -0.10905226654678   0.00515948364248697   0
0.273417418537737   0.983632791889458   0.053700487162514   0.0300855728973938   0
0.290072596652038   0.963575428385085   0.0166551781143014   -0.0200573635043731   0
0.253918589297121   0.988287387898631   -0.0361540073549174   0.0247119595135465   0
0.357698856514175   0.955939040413273   0.103780267217054   -0.0323483474853581   0
0.310807547867422   0.978384100649765   -0.0468913086467523   0.022445060236492   0
0.295557175040567   0.954213643825375   -0.0152503728268553   -0.0241704568243901   0
0.235648019407743   0.986425265243774   -0.0599091556328239   0.0322116214183992   0
0.356592677432533   1.01264185724532   0.12094465802479   0.0262165920015451   0
0.266806277824267   0.978880358476586   -0.0897863996082658   -0.0337614987687332   0
0.271723755723302   1.01913397075875   0.00491747789903524   0.0402536122821654   0
0.305283981486501   1.00945242835472   0.0335602257631982   -0.0096815424040273   0
0.225454522642542   1.00505233918749   -0.0798294588439587   -0.004400089167232   0
0.409294498448929   1.03883000242099   0.183839975806387   0.0337776632335005   0
0.220094532172156   1.06728462557851   -0.189199966276773   0.0284546231575125   0
0.319895562456327   1.05824554042115   0.0998010302841718   -0.0090390851573563   0
0.244621024851115   1.08802269752841   -0.0752745376052119   0.0297771571072618   0
0.317920958663077   1.05550124865168   0.0732999338119618   -0.0325214488767336   0
0.150421508685593   1.16075600297403   -0.167499449977484   0.105254754322354   0
0.353407987238489   1.13581229206073   0.202986478552896   -0.0249437109133011   0
0.298042183751327   1.09706481568376   -0.0553658034871616   -0.0387474763769668   0
0.3870482269044   1.10208448452784   0.0890060431530728   0.0050196688440789   0
0.341780355395816   1.03599285305932   -0.0452678715085846   -0.0660916314685174   0
0.439091009306727   1.06014794567185   0.0973106539109111   0.0241550926125278   0
0.338605508641605   1.06198244561127   -0.100485500665122   0.00183449993942042   0
0.454917729754513   1.07542105016326   0.116312221112908   0.013438604551987   0
0.326074893823873   1.06052808721222   -0.12884283593064   -0.014892962951045   0
0.399513206180972   1.05221341943424   0.0734383123570993   -0.00831466777797329   0
0.250361631139118   1.10825904389294   -0.149151575041854   0.0560456244587011   0
0.20206985092846   1.13002257578886   -0.0482917802106586   0.0217635318959215   0
0.256880104234952   1.10856084006709   0.0548102533064925   -0.0214617357217757   0
0.230650022870062   1.14318434108688   -0.0262300813648907   0.0346235010197937   0
