0.294062752682841   0.42518048589277   0   0   0
0.208135663028324   0.497838392899905   -0.0859270896545176   0.0726579070071343   0
0.262285647098521   0.438448656138949   0.0541499840701973   -0.059389736760956   0
0.275174995404397   0.403459639390981   0.012889348305876   -0.0349890167479682   0
0.261330598695771   0.422801405599851   -0.0138443967086264   0.0193417662088707   0
0.277048505197718   0.453728528345171   0.0157179065019473   0.0309271227453201   0
0.288748039959685   0.394786487155314   0.0116995347619672   -0.0589420411898579   0
0.252691230849351   0.424781299029336   -0.0360568091103343   0.0299948118740224   0
0.268469007979767   0.442266328020869   0.0157777771304157   0.0174850289915327   0
0.280074501424889   0.405968014436587   0.0116054934451221   -0.0362983135842815   0
0.251304363078101   0.442251544606757   -0.0287701383467877   0.0362835301701701   0
0.27733612742389   0.414190878471584   0.0260317643457887   -0.0280606661351731   0
0.254042224121661   0.420464940275717   -0.0232939033022292   0.00627406180413326   0
0.281125983992515   0.428771625880649   0.0270837598708548   0.00830668560493142   0
0.276184621324161   0.404506929489137   -0.00494136266835471   -0.0242646963915114   0
0.260289108290301   0.424785516855933   -0.0158955130338597   0.0202785873667961   0
0.073312343110983   0.399031575388906   -0.186976765179318   -0.025753941467027   0
0.287269748228351   0.286865628729289   0.213957405117368   -0.112165946659618   1
0.136375874036321   0.0871728042901317   -0.15089387419203   -0.199692824439157   1
0.0663951347182909   0.0596496893963885   -0.0699807393180297   -0.0275231148937432   0
0.0352560984627   0.0726659225979757   -0.0311390362555909   0.0130162332015872   0
0.0900750094722171   0.0513856356026453   0.0548189110095171   -0.0212802869953304   0
0.0877678305107857   0.0365905531873068   -0.00230717896143144   -0.0147950824153386   0
0.113158256013558   0.0365576702218905   0.0253904255027726   -3.28829654162519e-05   0
0.0814293537347559   0.0364876723348753   -0.0317289022788024   -6.99978870152065e-05   0
0.0776621476378293   0.0520206393296423   -0.00376720609692655   0.015532966994767   0
0.0608236591856327   0.0574391654671464   -0.0168384884521966   0.00541852613750412   0
0.0460741176444476   0.0845517161432116   -0.0147495415411851   0.0271125506760652   0
0.0664704172680599   0.0609267283390978   0.0203962996236123   -0.0236249878041138   0
0.0587852905170162   0.0921881540145193   -0.00768512675104369   0.0312614256754214   0
0.0520493861840848   0.0678508730950805   -0.00673590433293143   -0.0243372809194387   0
0.0349203307311786   0.0807426106654474   -0.0171290554529062   0.0128917375703669   0
0.0413836490358402   0.0630225904288472   0.00646331830466158   -0.0177200202366002   0
0.0959600919339389   0.0226380864682867   0.0545764428980986   -0.0403845039605605   0
0.0411423233679444   0.0955256126936893   -0.0548177685659945   0.0728875262254026   0
0.107270403121271   0.0319876346720557   0.0661280797533267   -0.0635379780216336   0
0.163483952448459   0.107684066882908   0.0562135493271879   0.0756964322108518   0
0.152568962761107   0.0742251534297673   -0.0109149896873522   -0.0334589134531402   0
0.121614413197861   0.0798391847692754   -0.0309545495632461   0.00561403133950808   0
0.118554496833524   0.0748199873850063   -0.00305991636433693   -0.00501919738426912   0
0.113816571043763   0.0516219185241357   -0.00473792578976055   -0.0231980688608706   0
0.157116320249457   0.0744912254798006   0.043299749205694   0.022869306955665   0
0.128714842426971   0.054416281119992   -0.0284014778224861   -0.0200749443598086   0
0.118851927650543   0.0664498965505214   -0.00986291477642774   0.0120336154305294   0
0.164104005862685   0.0741903848541878   0.0452520782121412   0.00774048830366639   0
0.133229624438111   0.0954263724303848   -0.0308743814245739   0.021235987576197   0
0.130927450540557   0.0639259533690738   -0.00230217389755361   -0.031500419061311   0
0.124440575666661   0.0501870405753816   -0.00648687487389593   -0.0137389127936922   0
0.123762145021206   0.0382076794250515   -0.000678430645455183   -0.0119793611503302   0
0.0942386928734159   0.0677501080232534   -0.02952345214779   0.0295424285982019   0
0.141217713417262   0.0696750824560689   0.0469790205438464   0.00192497443281552   0
0.142800206704647   0.0582111393125276   0.00158249328738511   -0.0114639431435413   0
0.136657076658657   0.0504524641358824   -0.00614313004599051   -0.00775867517664523   0
0.116468092521729   0.0633357550903319   -0.0201889841369279   0.0128832909544495   0
0.113404892960136   0.0434335920739063   -0.0030631995615925   -0.0199021630164255   0
0.100281144085017   0.0429327803384838   -0.0131237488751191   -0.000500811735422553   0
0.146266761427127   0.0684303564708127   0.0459856173421094   0.0254975761323289   0
0.154631998572902   0.0597523341445546   0.00836523714577542   -0.00867802232625817   0
0.137473299725329   0.0775914611562542   -0.0171586988475736   0.0178391270116996   0
0.140421531500693   0.0479469631672591   0.00294823177536407   -0.0296444979889951   0
0.0999416634973623   0.083354622511412   -0.0404798680033303   0.0354076593441529   0
0.144400236985436   0.0623718999891778   0.0444585734880734   -0.0209827225222342   0
0.089312568103543   0.10463146880148   -0.0550876688818928   0.0422595688123018   0
0.113872311526595   0.0785597199938525   0.0245597434230525   -0.0260717488076272   0
0.129754201533245   0.0599877235501773   0.0158818900066497   -0.0185719964436751   0
0.139505560012388   0.0400976405321124   0.00975135847914291   -0.019890083018065   0
0.124163352218479   0.0651167834176797   -0.0153422077939094   0.0250191428855673   0
0.150398876916352   0.0400318206772437   0.0262355246978733   -0.0250849627404359   0
0.101323034326899   0.081735504534168   -0.0490758425894527   0.0417036838569243   0
0.150577619164237   0.0449678297373244   0.0492545848373378   -0.0367676747968436   0
0.139251046665653   0.0585179057438405   -0.0113265724985836   0.0135500760065161   0
0.12545305026491   0.0974190000360941   -0.0137979964007436   0.0389010942922536   0
0.191403121463888   0.0451308415343931   0.0659500711989785   -0.052288158501701   0
0.166145123335384   0.0672405010060157   -0.0252579981285043   0.0221096594716226   0
0.139584802323892   0.0528675578521696   -0.0265603210114921   -0.0143729431538461   0
0.164403586677694   0.0679734474843854   0.0248187843538019   0.0151058896322158   0
0.12009701793217   0.0660332062176296   -0.0443065687455237   -0.00194024126675577   0
0.167062722010088   0.0585169294814116   0.046965704077918   -0.00751627673621802   0
0.105217858813464   0.0832427843311058   -0.0618448631966244   0.0247258548496942   0
0.156124882387145   0.0720032025993983   0.0509070235736817   -0.0112395817317075   0
0.119721302122555   0.119219759600202   -0.0364035802645908   0.0472165570008039   0
0.11175497739649   0.0865078110055965   -0.00796632472606461   -0.0327119485946057   0
0.143299961741132   0.0883969615711564   0.0315449843446423   0.00188915056555991   0
0.133499804017459   0.0736867139559432   -0.00980015772367321   -0.0147102476152132   0
0.17897503972113   0.0517601788341675   0.0454752357036707   -0.0219265351217757   0
0.162886366670081   0.0606133336862649   -0.0160886730510491   0.00885315485209745   0
0.16865523720881   0.0766610958113207   0.00576887053872932   0.0160477621250558   0
0.185083842520869   0.0568177763721443   0.0164286053120593   -0.0198433194391764   0
0.161268632532864   0.0816166611401281   -0.0238152099880052   0.0247988847679838   0
0.175094149052703   0.0792248321452939   0.0138255165198383   -0.00239182899483419   0
0.172249445287931   0.0898059563868817   -0.00284470376477131   0.0105811242415878   0
0.193630660855584   0.126559878171101   0.0213812155676523   0.0367539217842197   0
0.198902496229409   0.134830734791849   0.00527183537382531   0.00827085662074795   0
0.213907033627508   0.105311531797234   0.0150045373980995   -0.0295192029946158   0
0.18691571962735   0.0900175508574439   -0.0269913140001587   -0.0152939809397896   0
0.195115542197642   0.0933619471728177   0.00819982257029278   0.00334439631537378   0
0.205170617390308   0.068185730070613   0.0100550751926651   -0.0251762171022047   0
0.199417819707167   0.124136638043853   -0.00575279768314102   0.0559509079732402   0
0.194372499841258   0.119738833007258   -0.00504531986590817   -0.00439780503659529   0
0.180339326220489   0.128648890371313   -0.0140331736207693   0.00891005736405463   0
0.193397414939937   0.0915754347904639   0.0130580887194475   -0.0370734555808487   0
0.190681414636902   0.113734246226082   -0.00271600030303495   0.0221588114356179   0
0.211927748907735   0.0756594967415195   0.0212463342708334   -0.0380747494845623   0
0.179419796204906   0.0984352568057426   -0.0325079527028291   0.0227757600642231   0
0.212188470779022   0.0854958313123073   0.0327686745741163   -0.0129394254934354   0
0.171367587529731   0.120330184850394   -0.0408208832492914   0.0348343535380868   0
0.216193935920969   0.0899770934460544   0.0448263483912379   -0.0303530914043397   0
0.189313623832412   0.0988426229986588   -0.0268803120885569   0.00886552955260447   0
0.207569761682284   0.119948001080552   0.0182561378498715   0.0211053780818928   0
0.194713419816124   0.114677854305409   -0.0128563418661599   -0.00527014677514306   0
0.22368293523738   0.0602200238043169   0.0289695154212565   -0.0544578305010916   0
0.237953804613606   0.0878010585947715   0.0142708693762255   0.0275810347904546   0
0.253619187002108   0.0716737382492403   0.0156653823885019   -0.0161273203455312   0
0.286950821926964   0.056784351590491   0.0333316349248561   -0.0148893866587493   0
0.221193700934837   0.0814686851546808   -0.0657571209921269   0.0246843335641897   0
0.240601031329897   0.0862116514784545   0.0194073303950601   0.0047429663237737   0
0.20844150311934   0.124958567277168   -0.0321595282105564   0.0387469157987135   0
0.243344939241481   0.0436696329791367   0.0349034361221404   -0.0812889342980313   0
0.233356305899991   0.103085632176873   -0.00998863334149019   0.0594159991977367   0
0.244123179174285   0.0625586386521056   0.0107668732742943   -0.0405269935247677   0
0.207943787754311   0.10698361455043   -0.0361793914199738   0.0444249758983245   0
0.22789132685754   0.0861360487735246   0.0199475391032286   -0.0208475657769056   0
0.169910826009999   0.0404962964566206   -0.0579805008475412   -0.045639752316904   0
0.171402509273056   0.087616847531311   0.00149168326305732   0.0471205510746904   0
0.205481599709074   0.0786695066571699   0.0340790904360178   -0.0089473408741411   0
0.246707822728121   0.0528260145030261   0.0412262230190473   -0.0258434921541438   0
0.273821381577279   0.0581229627687715   0.0271135588491583   0.00529694826574539   0
0.262492400860006   0.0571462498088238   -0.0113289807172735   -0.000976712959947668   0
0.257907042858779   0.051602653108755   -0.00458535800122695   -0.00554359670006886   0
0.276186484611557   0.0434480409980174   0.0182794417527785   -0.00815461211073758   0
0.260172530285194   0.0811400751205747   -0.0160139543263638   0.0376920341225573   0
0.261576212822879   0.0648991514122103   0.00140368253768525   -0.0162409237083643   0
0.308287603185727   0.126324287899685   0.0467113903628477   0.0614251364874747   0
0.30378905761235   0.0684295027374889   -0.00449854557337609   -0.0578947851621961   0
0.295456781350505   0.0813554394396896   -0.00833227626184568   0.0129259367022007   0
0.310372956132795   0.0632512624072832   0.0149161747822904   -0.0181041770324064   0
0.314845189099722   0.0890860665934915   0.00447223296692728   0.0258348041862083   0
0.306761203298005   0.0648064716960814   -0.00808398580171743   -0.0242795948974101   0
0.360515726878052   0.086936740695879   0.0537545235800467   0.0221302689997976   0
0.32572104928925   0.0737984450381748   -0.0347946775888018   -0.0131382956577042   0
0.357913510288799   0.0708468814239194   0.0321924609995488   -0.00295156361425533   0
0.291668794559531   0.0680236069304443   -0.0662447157292676   -0.00282327449347515   0
0.331145905183938   0.119003288885234   0.0394771106244073   0.0509796819547899   0
0.34642781334812   0.0748117298283832   0.0152819081641817   -0.044191559056851   0
0.323510676565766   0.110279723378779   -0.0229171367823537   0.0354679935503957   0
0.329982709609095   0.0789737925182304   0.00647203304332805   -0.0313059308605486   0
0.316182836285732   0.0827628318419567   -0.0137998733233625   0.00378903932372632   0
0.337189572590909   0.0824393697213898   0.0210067363051771   -0.000323462120566886   0
0.315216873597147   0.0851616986527541   -0.0219726989937618   0.00272232893136432   0
0.3212046437124   0.0822748003039813   0.00598777011525287   -0.00288689834877283   0
0.328309075249056   0.0800043869448732   0.00710443153665524   -0.00227041335910808   0
0.296073338759166   0.0967870876999225   -0.0322357364898893   0.0167827007550493   0
0.194417188175194   0.17861452562578   -0.101656150583972   0.0818274379258577   0
0.368722113208579   0.305374546882365   0.174304925033384   0.126760021256585   0
0.146320889092984   0.387318566038875   -0.222401224115595   0.0819440191565092   0
0.0956523010052158   0.325806772492915   -0.0506685880877679   -0.0615117935459597   0
0.221619204442237   0.404375590557037   0.125966903437021   0.0785688180641222   0
0.433918167951793   0.42228119968013   0.212298963509556   0.0179056091230931   0
0.0984899384613982   0.527445328235202   -0.335428229490394   0.105164128555072   1
0.117210831369673   0.543371708233089   0.0187208929082752   0.0159263799978867   0
0.171443259723093   0.651650104684134   0.0542324283534199   0.108278396451045   0
0.235987287120714   0.688104116505298   0.0645440273976204   0.0364540118211637   0
0.21248840957815   0.72869477760756   -0.0234988775425636   0.0405906611022626   0
0.260625243228407   0.835631532075484   0.0481368336502566   0.106936754467924   0
0.206689354336503   0.807356644528692   -0.0539358888919038   -0.028274887546792   0
0.262501975429748   0.856713397889488   0.0558126210932451   0.0493567533607963   0
0.244665810460963   0.873367361365395   -0.0178361649687846   0.016653963475907   0
0.271980132094699   0.855408688873811   0.0273143216337359   -0.0179586724915841   0
0.229078922864588   0.881567080784754   -0.0429012092301109   0.0261583919109426   0
0.33689496890491   0.894794635695057   0.107816046040321   0.0132275549103033   0
0.22531827204621   0.859121107294235   -0.111576696858699   -0.0356735284008219   0
0.258056593915172   0.8855742302914   0.0327383218689618   0.0264531229971648   0
0.292612072683562   0.844814648729929   0.0345554787683897   -0.0407595815614712   0
0.25589735261581   0.831283198705763   -0.0367147200677521   -0.0135314500241657   0
0.276233578984489   0.81513715564578   0.0203362263686795   -0.0161460430599832   0
0.254303406807243   0.816095698309007   -0.0219301721772464   0.000958542663226924   0
0.284145674169078   0.859663690004936   0.0298422673618355   0.0435679916959291   0
0.311244589878603   0.869326045095597   0.0270989157095251   0.00966235509066171   0
0.272198237552873   0.839478615020731   -0.0390463523257308   -0.0298474300748661   0
0.33729889897324   0.876798974407295   0.0651006614203675   0.0373203593865641   0
0.304818262426335   0.864630119363318   -0.0324806365469051   -0.0121688550439776   0
0.332863289162743   0.872420059957468   0.0280450267364082   0.0077899405941505   0
0.314042210444408   0.818777936428859   -0.0188210787183349   -0.0536421235286096   0
0.343795322405774   0.826222881581672   0.0297531119613655   0.0074449451528138   0
0.306193339797733   0.784494936069993   -0.0376019826080408   -0.0417279455116792   0
0.327275122033374   0.807718218260329   0.0210817822356413   0.0232232821903355   0
0.34210137315312   0.768811954917105   0.0148262511197454   -0.0389062633432242   0
0.423687627043746   0.806369685150126   0.0815862538906258   0.037557730233021   0
0.388425562822737   0.781498405913979   -0.0352620642210085   -0.0248712792361466   0
0.437115771111041   0.799774291027483   0.048690208288304   0.0182758851135039   0
0.384478569232682   0.781628274744459   -0.0526372018783594   -0.0181460162830235   0
0.442228502815468   0.813217442703365   0.057749933582786   0.0315891679589053   0
0.346718429401496   0.754795514753499   -0.0955100734139718   -0.0584219279498652   0
0.388712148424718   0.814989114625735   0.0419937190232222   0.0601935998722357   0
0.343203094036986   0.761620412569117   -0.0455090543877323   -0.0533687020566177   0
0.325792170565899   0.739656253331235   -0.0174109234710864   -0.0219641592378824   0
0.409439997256204   0.855740508416249   0.0836478266903043   0.116084255085014   0
0.348719914627255   0.773458332174323   -0.0607200826289487   -0.0822821762419258   0
0.407176873717062   0.848233568860937   0.0584569590898068   0.0747752366866145   0
0.370570825510536   0.802468115998226   -0.036606048206526   -0.0457654528627113   0
0.422697127993567   0.816730430633884   0.0521263024830312   0.0142623146356582   0
0.376397246349439   0.750276392691608   -0.0462998816441283   -0.066454037942276   0
0.424267851325563   0.756930071415697   0.0478706049761243   0.00665367872408895   0
0.347403519179585   0.765095028701461   -0.0768643321459784   0.00816495728576405   0
0.407751341451736   0.803266364961991   0.0603478222721511   0.0381713362605293   0
0.347479797183951   0.751039582542427   -0.0602715442677843   -0.0522267824195639   0
0.395220389157442   0.794585797110842   0.0477405919734908   0.0435462145684155   0
0.352363748548641   0.77472792588108   -0.042856640608801   -0.0198578712297621   0
0.402716292234322   0.80848430498758   0.050352543685681   0.0337563791064995   0
0.334782244908478   0.759969245306841   -0.0679340473258443   -0.0485150596807382   0
0.402130565012857   0.79473246157512   0.0673483201043797   0.0347632162682789   0
0.340918621449298   0.733771287718626   -0.0612119435635591   -0.0609611738564947   0
0.419292396650941   0.813865793550294   0.0783737752016426   0.0800945058316685   0
0.393733699129259   0.790386809538532   -0.0255586975216818   -0.0234789840117621   0
0.415783987722291   0.785401375322556   0.0220502885930316   -0.00498543421597597   0
0.465011283580571   0.841707969785394   0.04922729585828   0.0563065944628379   0
0.380377892308754   0.750121521943852   -0.0846333912718168   -0.0915864478415425   0
0.42441161827086   0.793564771386212   0.0440337259621058   0.04344324944236   0
0.433262026083997   0.843128562281133   0.00885040781313717   0.0495637908949215   0
0.400813564039991   0.77002672610777   -0.0324484620440058   -0.0731018361733634   0
0.425819881205845   0.837919527813531   0.0250063171658541   0.0678928017057611   0
0.362494372455022   0.769438197541882   -0.0633255087508234   -0.0684813302716489   0
0.410747192614338   0.816290656628048   0.0482528201593163   0.0468524590861663   0
0.399425691581601   0.781459882868756   -0.0113215010327373   -0.0348307737592919   0
0.400991675402233   0.79943339211985   0.00156598382063255   0.017973509251094   0
0.368229249013777   0.765477845358375   -0.0327624263884565   -0.0339555467614754   0
0.398364799670465   0.799467515586625   0.0301355506566887   0.0339896702282501   0
0.383620663420637   0.765816116295714   -0.014744136249828   -0.0336513992909111   0
0.402360526300928   0.792472594102314   0.0187398628802908   0.0266564778065999   0
0.362982449417324   0.714072651911029   -0.0393780768836045   -0.0783999421912841   0
0.44703781902234   0.701661393020344   0.0840553696050158   -0.0124112588906852   0
0.463184540712457   0.72847758183231   0.0161467216901178   0.0268161888119659   0
0.439741228286876   0.70269352272399   -0.0234433124255818   -0.0257840591083205   0
0.448274128783371   0.698645133601459   0.00853290049649519   -0.00404838912253114   0
0.433698648466202   0.694284837803261   -0.014575480317169   -0.00436029579819774   0
0.407235490596043   0.634304107193466   -0.0264631578701585   -0.0599807306097948   0
0.43356518608741   0.678645162499888   0.0263296954913663   0.0443410553064225   0
0.357739331670436   0.438296513365952   -0.0758258544169738   -0.240348649133937   0
0.367498433595151   0.24698936682072   0.0097591019247158   -0.191307146545232   1
0.352661788150205   0.219848911409774   -0.0148366454449466   -0.027140455410946   0
0.378439909616573   0.287863271731928   0.0257781214663682   0.0680143603221547   0
0.418115187950354   0.303523757680964   0.0396752783337811   0.0156604859490356   0
0.386214211025436   0.272663797707034   -0.0319009769249182   -0.0308599599739297   0
0.403959240263037   0.253604439929706   0.017745029237601   -0.019059357777328   0
0.409589140296273   0.247748331581794   0.0056299000332361   -0.00585610834791239   0
0.390004233623483   0.258027774096244   -0.0195849066727905   0.0102794425144505   0
0.403769334806013   0.239928729229166   0.0137651011825302   -0.0180990448670783   0
0.416101883962378   0.217204770959577   0.0123325491563648   -0.0227239582695886   0
0.36567882439589   0.252509104285474   -0.0504230595664879   0.0353043333258968   0
0.374710871324025   0.265358015361836   0.00903204692813525   0.012848911076362   0
0.410131727979316   0.177050415654242   0.0354208566552914   -0.0883075997075938   0
0.348948331053524   0.181788564503354   -0.0611833969257922   0.00473814884911133   0
0.397598244864034   0.1685502130072   0.0486499138105093   -0.0132383514961537   0
0.331133366171034   0.189938984378596   -0.0664648786929997   0.0213887713713959   0
0.37049711161256   0.179127930904207   0.0393637454415265   -0.0108110534743885   0
0.325036286030114   0.19284097342451   -0.0454608255824465   0.0137130425203024   0
0.359053484747941   0.172729815653733   0.0340171987178273   -0.0201111577707771   0
0.320147317080809   0.177649194599279   -0.0389061676671322   0.00491937894554625   0
0.378186497422118   0.169097850035926   0.0580391803413096   -0.00855134456335305   0
0.310757102788351   0.23777792457569   -0.0674293946337671   0.068680074539764   0
0.38053768480303   0.178697146131444   0.0697805820146783   -0.0590807784442464   0
0.335790705313965   0.193356657101643   -0.0447469794890648   0.0146595109701998   0
0.386398248421962   0.182571731316824   0.0506075431079968   -0.0107849257848195   0
0.347734597855836   0.189991659113032   -0.0386636505661257   0.00741992779620801   0
0.349099823811886   0.197021713172965   0.00136522595605015   0.0070300540599329   0
0.383160863672166   0.198772172057792   0.0340610398602796   0.00175045888482736   0
0.338228592462272   0.20315158222082   -0.0449322712098933   0.00437941016302767   0
0.377469571850249   0.197529897826943   0.0392409793879762   -0.00562168439387686   0
0.365400022377339   0.198698669206194   -0.0120695494729094   0.00116877137925109   0
0.359705372353208   0.23140963197493   -0.00569465002413128   0.0327109627687359   0
0.38853197806061   0.242008435228553   0.0288266057074016   0.0105988032536226   0
0.364773399311696   0.255115891312208   -0.0237585787489136   0.0131074560836558   0
0.35028083594516   0.249317799147539   -0.0144925633665361   -0.00579809216466956   0
0.368870627101102   0.24083270410098   0.0185897911559418   -0.00848509504655917   0
0.419518907613531   0.197403378080322   0.050648280512429   -0.0434293260206578   0
0.364183226354661   0.194805700277924   -0.05533568125887   -0.0025976778023975   0
0.401422349290134   0.204911209132206   0.0372391229354729   0.0101055088542812   0
0.425321660286059   0.170962045117659   0.0238993109959257   -0.0339491640145465   0
0.37474314093412   0.175970827052654   -0.0505785193519389   0.00500878193499471   0
0.433393401252996   0.18044557204349   0.0586502603188752   0.00447474499083661   0
0.361202791442439   0.175613251937754   -0.0721906098105567   -0.00483232010573625   0
0.389817840427308   0.180310136253962   0.0286150489848689   0.00469688431620774   0
0.399677902826376   0.183532148917274   0.00986006239906806   0.00322201266331223   0
