0.0653276184474071   0.164096601123393   0   0   0
0.0681890665282932   0.166109244735814   0.00286144808088618   0.00201264361242071   0
0.0741196954998305   0.153228371148622   0.0059306289715373   -0.0128808735871914   0
0.0651731667195173   0.204791108389158   -0.00894652878031321   0.0515627372405358   0
0.081177574632137   0.1711671270462   0.0160044079126197   -0.0336239813429582   0
0.0700884407680753   0.148642558776154   -0.0110891338640617   -0.0225245682700457   0
0.090762450326456   0.142182744695946   0.0206740095583807   -0.00645981408020857   0
0.0621677196380083   0.128645630599138   -0.0285947306884478   -0.0135371140968073   0
0.0848853560653197   0.146552321485741   0.0227176364273114   0.0179066908866026   0
0.0486975050959307   0.120937158001542   -0.0361878509693889   -0.0256151634841988   0
0.0673656310300765   0.116097488905058   0.0186681259341457   -0.00483966909648455   0
0.065561166259651   0.120985799081958   -0.00180446477042547   0.00488831017690065   0
0.059414227493799   0.106566659671599   -0.006146938765852   -0.0144191394103589   0
0.0774212406711492   0.117462928847786   0.0180070131773502   0.0108962691761864   0
0.0597589288668806   0.117862175249314   -0.0176623118042685   0.000399246401528108   0
0.0777263460253986   0.121710868830602   0.017967417158518   0.00384869358128802   0
0.0620870263836174   0.11983261200316   -0.0156393196417812   -0.00187825682744151   0
0.112289501911354   0.127919532578659   0.0502024755277367   0.00808692057549815   0
0.0965792801731821   0.0526395243235774   -0.0157102217381721   -0.0752800082550812   0
0.061282445507584   0.125991887890977   -0.0352968346655981   0.0733523635673995   0
0.0318485668769271   0.0902369305432648   -0.0294338786306568   -0.0357549573477121   0
0.0889655334385738   0.0598934496971706   0.0571169665616467   -0.0303434808460943   0
0.112220793768178   0.0662640089941365   0.0232552603296044   0.00637055929696591   0
0.361326096204315   0.1651305497947   0.249105302436137   0.0988665408005639   0
0.179928272302076   0.072434388414499   -0.181397823902239   -0.0926961613802014   0
0.214745146232412   0.0959423797768744   0.034816873930336   0.0235079913623755   0
0.149690029743266   0.0678581390116543   -0.0650551164891455   -0.0280842407652201   0
0.192842615494864   0.102952473178161   0.0431525857515976   0.0350943341665069   0
0.153415100456246   0.0693741456498745   -0.0394275150386182   -0.0335783275282867   0
0.189606408182635   0.0759494856595652   0.0361913077263891   0.00657534000969071   0
0.125052056126839   0.06603985727184   -0.0645543520557964   -0.0099096283877252   0
0.194250231226246   0.0709828332634377   0.0691981750994072   0.00494297599159771   0
0.125813870873207   0.116210152354355   -0.0684363603530389   0.0452273190909177   0
0.166558244803702   0.0749938215465948   0.0407443739304952   -0.0412163308077607   0
0.115528836481201   0.139198776958752   -0.0510294083225016   0.0642049554121576   0
0.198605881952172   0.0996565317038979   0.0830770454709712   -0.0395422452548545   0
0.10411424476108   0.117552785720937   -0.0944916371910922   0.017896254017039   0
0.171283196025646   0.0958785062269563   0.0671689512645667   -0.0216742794939806   0
0.0925006654618765   0.147236376675586   -0.0787825305637698   0.0513578704486295   0
0.156220543098563   0.0818757653613846   0.0637198776366865   -0.0653606113142013   0
0.0933401239005499   0.152279193981351   -0.0628804191980132   0.0704034286199667   0
0.177500707942926   0.107527765370159   0.0841605840423764   -0.0447514286111921   0
0.0832382100358964   0.160991825773523   -0.0942624979070299   0.0534640604033642   0
0.150756694819368   0.120002301434181   0.0675184847834714   -0.0409895243393425   0
0.108160641309212   0.207940608667024   -0.0425960535101559   0.0879383072328433   0
0.146023655179734   0.156374712006162   0.0378630138705226   -0.0515658966608626   0
0.155081563611701   0.102978243479837   0.0090579084319663   -0.0533964685263251   0
0.23284199890022   0.0731608930878034   0.0777604352885191   -0.0298173503920331   0
0.144287034993204   0.104805046875389   -0.0885549639070162   0.0316441537875857   0
0.186625154943914   0.0871318076307384   0.0423381199507105   -0.0176732392446507   0
0.142675515306937   0.148837418204194   -0.0439496396369773   0.0617056105734551   0
0.183834442572006   0.113359260091578   0.0411589272650686   -0.0354781581126156   0
0.137129932979091   0.134283658999048   -0.0467045095929145   0.0209243989074697   0
0.117010747984527   0.192627181842127   -0.0201191849945644   0.0583435228430798   0
0.198203189837197   0.0919568438545495   0.0811924418526705   -0.100670337987578   0
0.0785729533472562   0.182347483567172   -0.119630236489941   0.0903906397126223   0
0.186121629342857   0.165603990697507   0.107548675995601   -0.0167434928696648   0
0.142303981052745   0.164554004149671   -0.0438176482901124   -0.00104998654783584   0
0.149095348121965   0.166283172760926   0.00679136706922023   0.00172916861125494   0
0.12817545842793   0.161413089897482   -0.0209198896940353   -0.00487008286344442   0
0.105915847102499   0.204898995929555   -0.0222596113254307   0.0434859060320738   0
0.194595436762042   0.145892077821039   0.088679589659543   -0.0590069181085168   0
0.219940967435014   0.141467346590344   0.025345530672972   -0.00442473123069473   0
0.107147595667425   0.239198947676098   -0.112793371767589   0.0977316010857537   0
0.21958613639128   0.151845297481721   0.112438540723855   -0.0873536501943761   0
0.140690269748302   0.208006025577512   -0.0788958666429783   0.0561607280957903   0
0.17576386142208   0.18945564809749   0.0350735916737775   -0.0185503774800218   0
0.16332716505101   0.198772586439762   -0.0124366963710692   0.00931693834227154   0
0.119633105901795   0.232986467353879   -0.0436940591492158   0.0342138809141171   0
0.1884116965504   0.193943451645376   0.0687785906486054   -0.0390430157085022   0
0.104563473154109   0.232121914629554   -0.0838482233962913   0.0381784629841776   0
0.187433523521167   0.165600445148564   0.0828700503670587   -0.0665214694809903   0
0.100992766461019   0.236409816317534   -0.086440757060148   0.0708093711689698   0
0.165109081019943   0.190556504005249   0.0641163145589233   -0.0458533123122846   0
0.0648279268269663   0.214809036283183   -0.100281154192976   0.0242525322779344   0
0.177939549816785   0.164987766220438   0.113111622989818   -0.0498212700627451   0
0.185548542505836   0.0980071687722383   0.00760899268905124   -0.0669805974482   0
0.193482005589176   0.0593405308498845   0.00793346308334023   -0.0386666379223537   0
0.163043550061203   0.112498927469821   -0.0304384555279732   0.0531583966199362   0
0.171352539119909   0.153852758293352   0.0083089890587062   0.0413538308235309   0
0.17760250139984   0.129869147584059   0.00624996227993033   -0.0239836107092931   0
0.107543180769819   0.19383266744517   -0.0700593206300204   0.0639635198611117   0
0.18104688925538   0.168215139197911   0.0735037084855613   -0.0256175282472595   0
0.160940545139129   0.153412367795103   -0.0201063441162515   -0.0148027714028077   0
0.236048750614698   0.0972298886277903   0.0751082054755693   -0.0561824791673129   0
0.246781749465717   0.0967890473319166   0.0107329988510189   -0.000440841295873629   0
0.179349346618408   0.15026185627997   -0.0674324028473088   0.0534728089480538   0
0.209958945454105   0.103137870677123   0.030609598835697   -0.0471239856028477   0
0.141026233373972   0.214236568894768   -0.0689327120801335   0.111098698217645   0
0.221173753638039   0.123475351086122   0.0801475202640671   -0.0907612178086459   0
0.107107521458439   0.190385566530016   -0.1140662321796   0.066910215443894   0
0.193837653750658   0.167531264683451   0.0867301322922189   -0.0228543018465651   0
0.107808138225924   0.21487604433752   -0.0860295155247337   0.0473447796540696   0
0.161815280334399   0.203635444875294   0.0540071421084743   -0.011240599462226   0
0.181563978730088   0.18548779250911   0.0197486983956898   -0.0181476523661847   0
0.102699918146462   0.275297216905308   -0.0788640605836264   0.0898094243961988   0
0.176558903998751   0.22946550764385   0.0738589858522885   -0.045831709261458   0
0.220453094223556   0.182093410447232   0.0438941902248053   -0.0473720971966181   0
0.114791788421428   0.237511752238621   -0.105661305802127   0.0554183417913885   0
0.204672461943614   0.181204956687648   0.0898806735221852   -0.0563067955509725   0
0.220816703055385   0.15189536543194   0.0161442411117711   -0.0293095912557086   0
0.142422935609157   0.217640883961079   -0.0783937674462281   0.0657455185291396   0
0.237119834231745   0.146342174200408   0.0946968986225878   -0.0712987097606715   0
0.223893975429532   0.135831636525415   -0.0132258588022122   -0.0105105376749926   0
0.135979100980739   0.219992220743308   -0.0879148744487933   0.0841605842178932   0
0.247324218535104   0.14728486996681   0.111345117554365   -0.0727073507764988   0
0.166900648385679   0.220156674644337   -0.0804235701494254   0.0728718046775275   0
0.20123994918855   0.233289457926312   0.0343393008028707   0.0131327832819749   0
0.21167837567737   0.154812253442428   0.0104384264888209   -0.0784772044838842   0
0.145747999929124   0.221563908578434   -0.0659303757482462   0.0667516551360058   0
0.216826717970826   0.154923578044808   0.0710787180417015   -0.0666403305336259   0
0.117372276093207   0.205675338406212   -0.0994544418776188   0.0507517603614047   0
0.222520398391361   0.154294096087318   0.105148122298154   -0.0513812423188945   0
0.14267179070864   0.206417072462654   -0.0798486076827209   0.052122976375336   0
0.174454875623182   0.178106510102445   0.0317830849145422   -0.0283105623602085   0
0.177677823782936   0.186261447825067   0.00322294815975355   0.00815493772262113   0
0.168141827408887   0.196262480292853   -0.00953599637404864   0.0100010324677864   0
0.203287257287932   0.12920351629842   0.0351454298790451   -0.0670589639944329   0
0.14722311679271   0.194152938831453   -0.0560641404952221   0.0649494225330331   0
0.139993075353033   0.241198353708188   -0.00723004143967712   0.0470454148767345   0
0.280074866598844   0.148236657384611   0.14008179124581   -0.0929616963235768   0
0.298424319555578   0.148524370179745   0.0183494529567349   0.000287712795134426   0
0.166355301067384   0.246799972160837   -0.132069018488194   0.0982756019810919   0
0.294934357647596   0.162025918149659   0.128579056580212   -0.0847740540111782   0
0.165153429717097   0.283421832517345   -0.129780927930499   0.121395914367686   0
0.253157150548824   0.242552482700631   0.0880037208317274   -0.0408693498167139   0
0.292058995364224   0.201138730821472   0.0389018448154002   -0.0414137518791594   0
0.313319331431513   0.230316465999942   0.0212603360672882   0.0291777351784703   0
0.281295366091161   0.248209947496248   -0.032023965340352   0.0178934814963055   0
0.346612111673496   0.16075103770094   0.0653167455823354   -0.087458909795308   0
0.234939578526927   0.244061603346783   -0.111672533146569   0.0833105656458435   0
0.33608988406825   0.187938186822563   0.101150305541324   -0.0561234165242203   0
0.287017588886117   0.198278625246593   -0.0490722951821336   0.0103404384240303   0
0.242647779076999   0.266726601401939   -0.0443698098091181   0.068447976155346   0
0.266128183787437   0.219618785268493   0.0234804047104385   -0.0471078161334462   0
0.21279322580853   0.239857473081458   -0.0533349579789074   0.0202386878129655   0
0.260181393639611   0.198829229236244   0.0473881678310807   -0.0410282438452142   0
0.261237104053004   0.21653988949282   0.00105571041339331   0.0177106602565754   0
0.145704109928512   0.279913709603386   -0.115532994124492   0.0633738201105668   0
0.271898469826514   0.201519417226511   0.126194359898002   -0.0783942923768756   0
0.310772923838677   0.169637281178107   0.0388744540121623   -0.0318821360484041   0
0.13568901137325   0.295814645333019   -0.175083912465427   0.126177364154913   0
0.238623671206358   0.218731379907759   0.102934659833108   -0.0770832654252601   0
0.222443218086684   0.223912772606075   -0.0161804531196741   0.00518139269831605   0
0.121880226268497   0.284853739193029   -0.100562991818187   0.0609409665869533   0
0.238659351309791   0.213078693818153   0.116779125041294   -0.0717750453748761   0
0.124500931598804   0.292127617721262   -0.114158419710987   0.0790489239031098   0
0.19475577948613   0.260790779662549   0.0702548478873261   -0.0313368380587137   0
0.164462071248176   0.265227869082889   -0.0302937082379541   0.0044370894203401   0
0.170284549520971   0.280621800659813   0.00582247827279525   0.0153939315769246   0
0.225470976902128   0.240401976446742   0.0551864273811572   -0.0402198242130711   0
0.0975566472559405   0.305378576439789   -0.127914329646188   0.0649765999930467   0
0.222390469557938   0.240661891245089   0.124833822301997   -0.0647166851947003   0
0.214116929136605   0.237492624039827   -0.00827354042133246   -0.00316926720526192   0
0.102642131683096   0.316592997689857   -0.111474797453509   0.0791003736500305   0
0.258334983601699   0.225005384259472   0.155692851918603   -0.0915876134303857   0
0.1710760798893   0.278683215853144   -0.0872589037123992   0.0536778315936723   0
0.234568826864547   0.311251793265107   0.0634927469752478   0.0325685774119632   0
0.259763275150973   0.314205354119042   0.0251944482864254   0.00295356085393467   0
0.218347544657342   0.361646110186547   -0.0414157304936307   0.0474407560675051   0
0.295922621814284   0.312049470819132   0.0775750771569423   -0.0495966393674154   0
0.186049989414136   0.340411814516348   -0.109872632400149   0.0283623436972165   0
0.234916766264224   0.326740532692058   0.0488667768500882   -0.0136712818242897   0
0.279844059292117   0.30876931126615   0.0449272930278933   -0.0179712214259085   0
0.205935133117203   0.360144535695827   -0.0739089261749145   0.0513752244296768   0
0.27078681390245   0.242079809843515   0.0648516807852471   -0.118064725852311   0
0.213843795937338   0.280933136568673   -0.0569430179651115   0.0388533267251575   0
0.172628844478233   0.356749640662561   -0.0412149514591052   0.0758165040938883   0
0.265856213242591   0.27968799737129   0.0932273687643579   -0.0770616432912714   0
0.233047059964828   0.269213759289904   -0.0328091532777633   -0.0104742380813854   0
0.172259971366653   0.344750840857785   -0.0607870885981751   0.0755370815678805   0
0.257037720388973   0.264129981467856   0.0847777490223206   -0.0806208593899286   0
0.163103983433698   0.294061688693478   -0.0939337369552753   0.029931707225622   0
0.26514259040488   0.267264012848363   0.102038606971182   -0.0267976758451151   0
0.180576892193353   0.299829520346746   -0.0845656982115266   0.0325655074983833   0
0.354614106843608   0.172697889657228   0.174037214650255   -0.127131630689519   0
0.1064547733105   0.334480533683217   -0.248159333533108   0.16178264402599   0
0.27856584097554   0.354446496586579   0.17211106766504   0.0199659629033619   0
0.303448891303115   0.313251471341317   0.0248830503275752   -0.0411950252452623   0
0.264502283107746   0.342337478221053   -0.0389466081953699   0.0290860068797359   0
0.168830912150382   0.414814447846564   -0.0956713709573636   0.072476969625511   0
0.262445707172455   0.343771588052663   0.093614795022073   -0.0710428597939009   0
0.187394776295285   0.388348296815178   -0.0750509308771697   0.0445767087625151   0
0.12887274860282   0.429074532417394   -0.0585220276924655   0.0407262356022152   0
0.438120621851974   0.460099524019804   0.309247873249154   0.0310249916024102   0
0.376434758373294   0.310325064441708   -0.0616858634786798   -0.149774459578096   0
0.320415075058728   0.363064558799465   -0.0560196833145662   0.0527394943577571   0
0.249545383351987   0.418219650522904   -0.0708696917067408   0.0551550917234394   0
0.218069581390918   0.463822336358708   -0.0314758019610691   0.0456026858358035   0
0.285546628322749   0.388430104227582   0.0674770469318311   -0.0753922321311258   0
0.181109851294428   0.421329388799607   -0.10443677702832   0.0328992845720248   0
0.224183507982278   0.41857703872107   0.0430736566878493   -0.00275235007853675   0
0.265395960045005   0.383333244045243   0.0412124520627274   -0.0352437946758266   0
0.186470746092383   0.437079719890665   -0.0789252139526221   0.0537464758454222   0
0.339844841372662   0.38772334641436   0.153374095280279   -0.0493563734763052   0
0.277110780720202   0.386147818271061   -0.0627340606524601   -0.00157552814329964   0
0.271131051484038   0.458269821142689   -0.0059797292361643   0.0721220028716288   0
0.32483429471115   0.39053364030548   0.0537032432271117   -0.0677361808372095   0
0.228118990955356   0.41569689662247   -0.0967153037557932   0.0251632563169901   0
0.288657322247003   0.377373952350318   0.0605383312916463   -0.0383229442721521   0
0.242086240618586   0.338519287177053   -0.0465710816284166   -0.038854665173265   0
0.402451619744846   0.402256544839372   0.16036537912626   0.0637372576623194   0
0.318351582423914   0.382370933394342   -0.084100037320932   -0.0198856114450308   0
0.268452748937853   0.41823206236085   -0.0498988334860607   0.0358611289665085   0
0.293846953755454   0.370130278081394   0.025394204817601   -0.0481017842794562   0
0.24394341512277   0.427765016206985   -0.0499035386326843   0.0576347381255916   0
0.369194924746752   0.345003089460805   0.125251509623982   -0.0827619267461808   0
0.266489141127157   0.392389962817543   -0.102705783619595   0.047386873356738   0
0.332654273345481   0.369027188103482   0.0661651322183237   -0.023362774714061   0
0.29181710630914   0.375252843838311   -0.0408371670363409   0.00622565573482953   0
0.310225899412493   0.398673948148434   0.0184087931033525   0.0234211043101224   0
0.309571761757367   0.385304117261317   -0.000654137655125675   -0.0133698308871169   0
0.279135795698724   0.423371428011067   -0.0304359660586426   0.0380673107497501   0
0.343024716246512   0.363108632793948   0.0638889205477875   -0.0602627952171191   0
0.219546866730181   0.401780161069375   -0.123477849516331   0.0386715282754267   0
0.330418221170701   0.362183005066831   0.110871354440519   -0.0395971560025437   0
0.28370808593209   0.392441509343052   -0.046710135238611   0.0302585042762208   0
0.319714584116458   0.341468571349725   0.0360064981843688   -0.0509729379933263   0
0.274046519107268   0.387467180484541   -0.0456680650091909   0.0459986091348157   0
0.342650230008809   0.395271480455803   0.0686037109015418   0.00780429997126209   0
0.309101920683389   0.346703336164454   -0.0335483093254206   -0.048568144291349   0
0.277693726530309   0.435057057965947   -0.0314081941530799   0.0883537218014924   0
0.35688518831861   0.364886786974607   0.0791914617883014   -0.0701702709913392   0
0.259261115366651   0.409338416565328   -0.0976240729519592   0.0444516295907206   0
0.351432309600924   0.362342234786483   0.0921711942342732   -0.0469961817788454   0
0.286286852792597   0.425640907685399   -0.0651454568083276   0.063298672898916   0
0.368401925175494   0.304121131904168   0.0821150723828968   -0.12151977578123   0
0.300723902938376   0.408709572097685   -0.0676780222371173   0.104588440193516   0
0.381126115703136   0.324000513440294   0.0804022127647594   -0.0847090586573909   0
0.296024592393943   0.373195586597847   -0.0851015233091929   0.0491950731575528   0
0.385432451915002   0.346937073654321   0.0894078595210588   -0.0262585129435252   0
0.335581586407672   0.384538036065981   -0.0498508655073294   0.03760096241166   0
0.39249413964639   0.359497620437274   0.056912553238718   -0.0250404156287072   0
0.310396119544623   0.377690780074326   -0.082098020101767   0.0181931596370513   0
0.379456480482927   0.369812932996522   0.0690603609383039   -0.00787784707780365   0
0.363203346580246   0.330030877702682   -0.0162531339026814   -0.0397820552938402   0
0.279181921634192   0.390620520327302   -0.0840214249460538   0.0605896426246207   0
0.384083628874611   0.340725906114361   0.104901707240419   -0.0498946142129413   0
0.326423810202151   0.365494093926294   -0.0576598186724599   0.0247681878119326   0
0.312764314987196   0.39054579344204   -0.0136594952149551   0.0250516995157461   0
0.360300458772342   0.325248950232745   0.0475361437851457   -0.0652968432092951   0
0.31186595165622   0.410272522617129   -0.0484345071161214   0.085023572384384   0
0.400999081946094   0.348988750209835   0.0891331302898732   -0.061283772407294   0
0.272334924082461   0.397893359877681   -0.128664157863632   0.0489046096678465   0
0.362604134017581   0.346890739353604   0.0902692099351199   -0.0510026205240774   0
0.274931391408184   0.427609263213673   -0.0876727426093973   0.0807185238600688   0
0.37294317921717   0.396506156008066   0.0980117878089859   -0.0311031072056069   0
0.455636036039732   0.281573559372722   0.0826928568225622   -0.114932596635343   0
0.332994533091776   0.382482429851562   -0.122641502947956   0.10090887047884   0
0.333364212920703   0.433385111304905   0.000369679828927161   0.0509026814533432   0
0.41698738792545   0.34369002976383   0.083623175004747   -0.0896950815410748   0
0.337118656154313   0.444341161247402   -0.0798687317711372   0.100651131483572   0
0.408177736930139   0.313777917235382   0.0710590807758261   -0.130563244012021   0
0.331527007120084   0.374447954222859   -0.0766507298100556   0.060670036987477   0
0.388350425532006   0.350183494576329   0.0568234184119222   -0.0242644596465294   0
0.330867729117302   0.409446806871555   -0.0574826964147043   0.0592633122952258   0
0.406857349131117   0.334360299475715   0.0759896200138159   -0.0750865073958398   0
0.347323245359363   0.338799245147477   -0.0595341037717548   0.00443894567176145   0
0.212743718730989   0.457236413791569   -0.134579526628374   0.118437168644092   0
0.365016125373716   0.368033523492497   0.152272406642727   -0.089202890299072   0
0.360855835561184   0.340606276832654   -0.00416028981253197   -0.0274272466598433   0
0.291743428979232   0.389314671832224   -0.0691124065819519   0.0487083949995705   0
0.396059923395046   0.294248609954805   0.104316494415815   -0.0950660618774193   0
0.32628177515131   0.378394285472393   -0.0697781482437365   0.0841456755175875   0
0.412017044845914   0.322594653856585   0.0857352696946042   -0.0557996316158074   0
0.309816608623553   0.366311648077716   -0.102200436222361   0.043716994221131   0
0.422218665371262   0.313009414681751   0.112402056747709   -0.0533022333959648   0
0.313972048448202   0.384871564274975   -0.10824661692306   0.0718621495932237   0
0.379649342062172   0.34001947796155   0.06567729361397   -0.044852086313425   0
0.443391130373906   0.388926789706411   0.063741788311734   0.0489073117448611   0
0.421243715253486   0.402567914200759   -0.0221474151204198   0.0136411244943483   0
0.384751821698364   0.395637114042768   -0.0364918935551216   -0.00693080015799163   0
0.452209686368348   0.36522125495323   0.067457864669984   -0.0304158590895374   0
0.353910739975266   0.353694616630947   -0.0982989463930829   -0.0115266383222835   0
0.448299333401869   0.325593292192499   0.0943885934266034   -0.028101324438448   0
0.57857437512338   0.354542639343986   0.130275041721511   0.0289493471514874   0
0.496667995387351   0.349695264596766   -0.0819063797360291   -0.00484737474721991   0
0.524151780829788   0.266695302393527   0.027483785442437   -0.0829999622032391   0
0.355364327519012   0.377230301039955   -0.168787453310776   0.110534998646428   0
0.44273975974719   0.353853720077669   0.087375432228178   -0.0233765809622863   0
0.34840767906899   0.409407691151565   -0.094332080678201   0.055553971073896   0
0.416188249379821   0.39082301031701   0.0677805703108314   -0.0185846808345542   0
0.337312934872427   0.402740637863998   -0.0788753145073942   0.0119176275469877   0
