0.152824534634004   0.132776339964327   0   0   0
0.150853477151606   0.13740785336541   -0.00197105748239879   0.00463151340108311   0
0.152158428984463   0.136842035582675   0.00130495183285784   -0.000565817782735289   0
0.128195196355792   0.132061742332365   -0.0239632326286717   -0.00478029325030954   0
0.115975616821813   0.112083044654399   -0.0122195795339787   -0.0199786976779661   0
0.12480359688783   0.119995674783969   0.00882798006601711   0.00791263012956982   0
0.124455236538966   0.1048185254726   -0.000348360348864055   -0.0151771493113693   0
0.0938330308453265   0.0955360233992393   -0.0306222056936395   -0.00928250207336025   0
0.127184275590538   0.103931985862149   0.0333512447452118   0.00839596246290999   0
0.0782383669675205   0.106644658506134   -0.0489459086230178   0.00271267264398499   0
0.126002288298507   0.109396132798205   0.0477639213309862   0.0027514742920707   0
0.0638397759562367   0.104664907071676   -0.06216251234227   -0.00473122572652933   0
0.110779895095184   0.0980940809825445   0.0469401191389474   -0.00657082608913118   0
0.0878956036900595   0.0850829944781711   -0.0228842914051247   -0.0130110865043734   0
0.0668168654255047   0.081833235015793   -0.0210787382645548   -0.00324975946237817   0
0.0948432074477134   0.0912377820864799   0.0280263420222088   0.00940454707068698   0
0.0768554110741072   0.0583563208142443   -0.0179877963736062   -0.0328814612722357   0
0.0710135603561742   0.0581216677600884   -0.00584185071793297   -0.000234653054155862   0
0.0273847302029799   0.059839998822088   -0.0436288301531943   0.00171833106199964   0
0.0400206064311874   0.0500899577724667   0.0126358762282075   -0.00975004104962131   0
0.0529994381477766   0.0211219428101702   0.0129788317165892   -0.0289680149622965   0
0.0722401181644936   0.0425795473479933   0.019240680016717   0.0214576045378231   0
0.0618663173266358   0.0246060654654498   -0.0103738008378578   -0.0179734818825435   0
0.0745160900271881   0.0232280867185612   0.0126497727005522   -0.00137797874688856   0
0.0647890949300883   0.0232280867185612   -0.00972699509709973   0   0
0.0857321634075567   0.0291994717964641   0.0209430684774683   0.00597138507790284   0
0.106281147963973   0.0415958427212985   0.0205489845564167   0.0123963709248344   0
0.094600591715697   0.0337338225526681   -0.0116805562482764   -0.00786202016863037   0
0.104315227898615   0.0131846451439022   0.00971463618291805   -0.0205491774087659   0
0.107701700603751   0.0208059429123706   0.00338647270513584   0.00762129776846837   0
0.135415652987792   0.0542400924138227   0.0277139523840407   0.0334341495014521   0
0.123826800757631   0.0365840442160923   -0.0115888522301608   -0.0176560481977303   0
0.146591151480913   0.0442015860159169   0.0227643507232822   0.00761754179982455   0
0.203553601958329   0.0838551398452862   0.0569624504774164   0.0396535538293693   0
0.157779287871286   0.0528637237851487   -0.0457743140870439   -0.0309914160601374   0
0.165505127742466   0.0791955402091873   0.00772583987118045   0.0263318164240386   0
0.187136970391342   0.0870867875996267   0.021631842648876   0.00789124739043943   0
0.154210727922671   0.0674175450493786   -0.0329262424686712   -0.0196692425502481   0
0.175572163423619   0.0940803608968684   0.0213614355009482   0.0266628158474897   0
0.20101957520662   0.0890815781078782   0.0254474117830011   -0.00499878278899019   0
0.176438562090293   0.113296426003659   -0.0245810131163276   0.0242148478957805   0
0.197801435422623   0.0992827328529488   0.0213628733323302   -0.0140136931507099   0
0.149724767105412   0.0743713677753408   -0.0480766683172102   -0.024911365077608   0
0.172818807405328   0.0870176013246171   0.023094040299916   0.0126462335492763   0
0.147333443556444   0.0440560071914433   -0.025485363848884   -0.0429615941331738   0
0.18564607981428   0.0851802337368388   0.0383126362578355   0.0411242265453956   0
0.179693662106403   0.061574925791693   -0.00595241770787727   -0.0236053079451458   0
0.228764147759215   0.106686649237908   0.0490704856528124   0.0451117234462154   0
0.227217585998531   0.106419416759643   -0.00154656176068374   -0.000267232478265794   0
0.203293079748156   0.103710733903271   -0.0239245062503756   -0.00270868285637202   0
0.192589664464218   0.0752572982166846   -0.0107034152839379   -0.028453435686586   0
0.204685551507111   0.108770619557443   0.0120958870428927   0.0335133213407584   0
0.289092029351918   0.147793255997491   0.0844064778448071   0.0390226364400483   0
0.196357800808524   0.106291170541219   -0.0927342285433936   -0.0415020854562723   0
0.20529811020516   0.110157201066975   0.00894030939663595   0.00386603052575618   0
0.231607859349051   0.13099295104914   0.0263097491438915   0.0208357499821652   0
0.298736597022929   0.155526907790011   0.0671287376738778   0.0245339567408703   0
0.248482497950842   0.145467127627903   -0.0502540990720876   -0.0100597801621082   0
0.275377535105898   0.176736517877602   0.0268950371550562   0.0312693902496996   0
0.286801049492501   0.170947827211258   0.0114235143866032   -0.00578869066634458   0
0.297248203094653   0.180342650241838   0.0104471536021519   0.00939482303058059   0
0.350916657633974   0.205003166906026   0.0536684545393215   0.0246605166641879   0
0.313064257615094   0.189116477135785   -0.0378524000188803   -0.0158866897702408   0
0.335863159035045   0.213595627968482   0.0227989014199511   0.0244791508326963   0
0.344457281373177   0.207750636530914   0.00859412233813184   -0.00584499143756745   0
0.33207330464673   0.201524509882793   -0.0123839767264468   -0.00622612664812097   0
0.374809532147997   0.221527422472366   0.0427362275012664   0.0200029125895726   0
0.334591481293173   0.194247182047771   -0.0402180508548232   -0.0272802404245945   0
0.362689323819988   0.21940548014407   0.0280978425268145   0.025158298096299   0
0.325009995658595   0.201159604636468   -0.0376793281613928   -0.0182458755076025   0
0.371441686601006   0.232238164039096   0.046431690942411   0.0310785594026282   0
0.356443538594824   0.215771539889416   -0.0149981480061818   -0.0164666241496795   0
0.402119960714461   0.230238670324405   0.0456764221196371   0.0144671304349886   0
0.380807600751351   0.224832043462448   -0.0213123599631108   -0.00540662686195714   0
0.452819563846352   0.231451124204442   0.072011963095001   0.00661908074199416   0
0.42586615488085   0.224574746617913   -0.0269534089655016   -0.00687637758652854   0
0.545512706810758   0.306011147924794   0.119646551929908   0.0814364013068803   0
0.498134035821685   0.18600836165412   -0.0473786709890727   -0.120002786270673   0
0.432974153774841   0.149263494269362   -0.0651598820468439   -0.0367448673847578   0
0.465976369413729   0.198788680584434   0.0330022156388876   0.0495251863150712   0
0.515725988033374   0.232687625415491   0.0497496186196453   0.0338989448310577   0
0.483263768670899   0.212314761176655   -0.0324622193624755   -0.0203728642388365   0
0.481616239641065   0.230944350180947   -0.00164752902983351   0.0186295890042924   0
0.52040834578819   0.254786087197182   0.0387921061471245   0.0238417370162347   0
0.512576207588686   0.225787347219679   -0.00783213819950346   -0.0289987399775027   0
0.50705332766288   0.225017127390894   -0.00552287992580625   -0.000770219828784863   0
0.468471948985209   0.200976124988144   -0.0385813786776713   -0.0240410024027506   0
0.482309291834607   0.217365518323974   0.0138373428493981   0.0163893933358304   0
0.50782927993372   0.236775294780748   0.0255199880991126   0.0194097764567735   0
0.488964289483394   0.211352331782908   -0.0188649904503259   -0.0254229629978396   0
0.520731796319372   0.232424997790384   0.0317675068359784   0.0210726660074758   0
0.501550472838976   0.223581923726517   -0.0191813234803964   -0.00884307406386714   0
0.527154356982848   0.262666177369413   0.0256038841438724   0.0390842536428962   0
0.552722841758869   0.270636338688927   0.0255684847760211   0.00797016131951384   0
0.551971664178516   0.277378513133088   -0.00075117758035359   0.00674217444416075   0
0.603435365435272   0.334751611671718   0.0514637012567563   0.05737309853863   0
0.567739468860498   0.307785067725942   -0.0356958965747742   -0.0269665439457761   0
0.556724843801676   0.306078020894592   -0.0110146250588221   -0.00170704683135009   0
0.611587290040432   0.356742666223848   0.0548624462387569   0.0506646453292567   0
0.584372668776527   0.35788109556178   -0.0272146212639058   0.0011384293379319   0
0.627904348202017   0.389165647841713   0.0435316794254905   0.0312845522799327   0
0.555768401676454   0.318693713606893   -0.0721359465255634   -0.0704719342348196   0
0.624061193270339   0.389007247144025   0.0682927915938858   0.0703135335371317   0
0.596905109465483   0.369949285546087   -0.0271560838048567   -0.0190579615979383   0
0.644629990311496   0.3987068776846   0.0477248808460136   0.028757592138513   0
0.618782877256635   0.374820844076553   -0.0258471130548612   -0.0238860336080463   0
0.597748275889609   0.354366276025686   -0.0210346013670262   -0.0204545680508678   0
0.614665984705515   0.375503152359218   0.0169177088159056   0.0211368763335321   0
0.600079979638548   0.37499999241675   -0.0145860050669667   -0.000503159942467857   0
0.627302018372331   0.392887855659299   0.0272220387337829   0.0178878632425493   0
0.596660571203595   0.377670183978895   -0.030641447168736   -0.0152176716804042   0
0.630769891885305   0.40822515585569   0.0341093206817106   0.030554971876795   0
0.581565976437756   0.367595853146985   -0.0492039154475499   -0.0406293027087048   0
0.652784081255816   0.418163509819735   0.0712181048180606   0.0505676566727501   0
0.606099862468224   0.383547351305338   -0.0466842187875922   -0.0346161585143979   0
0.650492426426319   0.422562283211188   0.044392563958095   0.0390149319058506   0
0.639266341232666   0.416968419620719   -0.0112260851936524   -0.00559386359046915   0
0.654212122915802   0.418487184100843   0.0149457816831352   0.00151876448012345   0
0.627791585680312   0.406201382143947   -0.0264205372354901   -0.0122858019568959   0
0.636313212719177   0.410200153595659   0.00852162703886494   0.00399877145171268   0
0.698799527182153   0.461849075819853   0.062486314462976   0.0516489222241939   0
0.639767205599037   0.420020879063313   -0.059032321583116   -0.0418281967565403   0
0.688862478772795   0.466161934605672   0.0490952731737589   0.0461410555423593   0
0.570853302659273   0.350024574224886   -0.118009176113522   -0.116137360380786   0
0.638672860667337   0.415232775781624   0.0678195580080638   0.0652082015567385   0
0.564065161861642   0.33538540232039   -0.0746076988056956   -0.0798473734612339   0
0.582712806951246   0.357679448850464   0.0186476450896043   0.0222940465300743   0
0.528394817872961   0.327133722879826   -0.0543179890782847   -0.0305457259706381   0
0.576770463576283   0.345566530330811   0.0483756457033214   0.0184328074509842   0
0.536956169295968   0.314180440648209   -0.0398142942803149   -0.031386089682602   0
0.61322303301409   0.389265737380841   0.0762668637181225   0.075085296732632   0
0.585634059109441   0.368130787571649   -0.0275889739046494   -0.0211349498091917   0
0.635826146836539   0.413255332642242   0.0501920877270979   0.0451245450705931   0
0.552470847900593   0.373572071407597   -0.083355298935946   -0.0396832612346453   0
0.580287415446001   0.38387318668264   0.0278165675454083   0.0103011152750433   0
0.605554161998743   0.401924507355106   0.0252667465527419   0.0180513206724665   0
0.608761325911067   0.391909544583074   0.00320716391232356   -0.0100149627720325   0
0.64201481186496   0.417892960121764   0.0332534859538934   0.0259834155386897   0
0.591071555176698   0.388214640937072   -0.0509432566882623   -0.0296783191846914   0
0.660128954548276   0.455901993406357   0.0690573993715783   0.0676873524692846   0
0.610715586090612   0.41670985207901   -0.0494133684576638   -0.0391921413273473   0
0.57670549266415   0.366833796884829   -0.0340100934264622   -0.0498760551941805   0
0.607634223395128   0.390422380305414   0.0309287307309778   0.0235885834205845   0
0.63444355585111   0.432177763730589   0.0268093324559818   0.041755383425175   0
0.586065228155536   0.385839072508922   -0.048378327695574   -0.0463386912216663   0
0.648566792425422   0.424849484055721   0.0625015642698861   0.0390104115467989   0
0.623834124468997   0.405016787209027   -0.0247326679564247   -0.019832696846694   0
0.648724501508152   0.438507311045312   0.0248903770391548   0.0334905238362849   0
0.632831965802139   0.427322899251038   -0.0158925357060125   -0.0111844117942745   0
0.629534163775883   0.415402433808376   -0.00329780202625651   -0.0119204654426612   0
0.620647802303367   0.417061081661979   -0.00888636147251531   0.00165864785360276   0
0.640876194273122   0.428514869029037   0.0202283919697542   0.0114537873670577   0
0.63074495204718   0.427372954738294   -0.0101312422259413   -0.00114191429074262   0
0.618299989468704   0.412608233924824   -0.0124449625784759   -0.0147647208134699   0
0.632518990416098   0.426393381034313   0.0142190009473937   0.0137851471094883   0
0.628073046266117   0.434238107028532   -0.00444594414998112   0.00784472599421909   0
0.629579643325608   0.437121785574115   0.00150659705949108   0.00288367854558336   0
0.643441342626506   0.4543842505346   0.0138616993008974   0.0172624649604848   0
0.675511866908347   0.489219580289863   0.0320705242818412   0.0348353297552635   0
0.566449297636602   0.412942128742663   -0.109062569271744   -0.0762774515472   0
0.553032152808496   0.394901919152769   -0.013417144828106   -0.0180402095898945   0
0.514521524476868   0.361790653728147   -0.0385106283316287   -0.0331112654246218   0
0.475627040835569   0.33899925752019   -0.0388944836412988   -0.0227913962079572   0
0.517178434426649   0.376557351390665   0.0415513935910803   0.0375580938704748   0
0.500193533958607   0.354034444963283   -0.0169849004680424   -0.0225229064273815   0
0.559390368553124   0.41311944393535   0.0591968345945172   0.0590849989720665   0
0.558752758783346   0.418100868907851   -0.000637609769778114   0.0049814249725012   0
0.380089477762184   0.299689619343497   -0.178663281021162   -0.118411249564354   0
0.438739674408139   0.346982387158805   0.0586501966459549   0.0472927678153077   0
0.460855420064569   0.370620778115974   0.0221157456564294   0.0236383909571694   0
0.466299226082019   0.356558514092905   0.00544380601745054   -0.0140622640230694   0
0.476920167073442   0.375181834392475   0.010620940991423   0.0186233202995704   0
0.499787223030521   0.385726571527695   0.0228670559570792   0.01054473713522   0
0.464745998599192   0.368706754991063   -0.0350412244313295   -0.0170198165366317   0
0.523057475663201   0.413827234883278   0.0583114770640091   0.045120479892215   0
0.479711213565714   0.380306538346555   -0.043346262097487   -0.0335206965367228   0
0.525643607034805   0.411971934519076   0.0459323934690906   0.0316653961725207   0
0.481765254700419   0.386225857406181   -0.0438783523343851   -0.0257460771128947   0
0.523349278490847   0.401013509040843   0.0415840237904275   0.0147876516346613   0
0.509018485934882   0.374790478197005   -0.0143307925559645   -0.0262230308438373   0
0.539585930378109   0.392313429162691   0.030567444443227   0.0175229509656859   0
0.507359255622375   0.37460791559895   -0.0322266747557348   -0.0177055135637413   0
0.487159368906111   0.364594317482737   -0.020199886716264   -0.0100135981162134   0
0.478692928500098   0.352434818953807   -0.00846644040601258   -0.0121594985289298   0
0.487243878813269   0.355758259613533   0.00855095031317138   0.00332344065972634   0
0.478608962053575   0.352528439345679   -0.00863491675969486   -0.00322982026785412   0
0.517808865356707   0.381170401940523   0.0391999033031321   0.0286419625948443   0
0.569968619210742   0.446191619290412   0.0521597538540356   0.0650212173498889   0
0.542763560027753   0.43301640873326   -0.0272050591829894   -0.0131752105571517   0
0.558442120408194   0.441445645633469   0.0156785603804412   0.0084292369002083   0
0.562448940652394   0.447254743605085   0.00400682024419985   0.00580909797161588   0
0.502454875307226   0.338700210643941   -0.0599940653451679   -0.108554532961144   0
0.558787719047225   0.384652470753146   0.0563328437399987   0.0459522601092052   0
0.54175213751678   0.352855307936908   -0.0170355815304447   -0.0317971628162385   0
0.570388390700582   0.393234507673538   0.0286362531838021   0.0403791997366306   0
0.578522802753703   0.392878601940536   0.00813441205312093   -0.000355905733002426   0
0.582415093654002   0.386400568172784   0.00389229090029908   -0.00647803376775213   0
0.537545457319658   0.369305733466866   -0.0448696363343444   -0.0170948347059175   0
0.575818613450451   0.388707984228199   0.0382731561307933   0.0194022507613332   0
0.51513757331707   0.356614861627008   -0.0606810401333808   -0.0320931226011914   0
0.559862515562526   0.380911086394515   0.044724942245456   0.0242962247675076   0
0.525742989600432   0.355386988629649   -0.0341195259620941   -0.0255240977648669   0
0.564603890767678   0.378489541985641   0.0388609011672458   0.023102553355992   0
0.5498943641146   0.376457826618069   -0.0147095266530782   -0.0020317153675718   0
0.553287834070116   0.367740352432596   0.00339346995551615   -0.00871747418547281   0
0.580315311989094   0.398361766963774   0.0270274779189785   0.0306214145311777   0
0.589483536959261   0.413855403114119   0.00916822497016623   0.0154936361503453   0
0.538262127293013   0.372566294731891   -0.0512214096662472   -0.0412891083822284   0
0.608170120957122   0.431601994977433   0.0699079936641083   0.0590357002455422   0
0.556006760154946   0.394142400156022   -0.0521633608021753   -0.0374595948214105   0
0.586627306679462   0.419121062874738   0.0306205465245161   0.0249786627187157   0
0.567417847024572   0.408687911719016   -0.0192094596548908   -0.0104331511557222   0
0.614854953331271   0.444660899629707   0.0474371063066998   0.0359729879106909   0
0.559046573762866   0.371148801442952   -0.0558083795684049   -0.0735120981867543   0
0.550139650207109   0.44626701663326   -0.00890692355575773   0.0751182151903073   0
0.508051427004196   0.356334809260897   -0.0420882232029126   -0.0899322073723624   0
0.557263354283233   0.432083080374018   0.0492119272790368   0.0757482711131206   0
0.489319432586731   0.358199398898854   -0.0679439216965023   -0.0738836814751642   0
0.641877103841538   0.474235034275991   0.152557671254807   0.116035635377137   0
0.511570365175701   0.346803704155896   -0.130306738665837   -0.127431330120095   0
0.458897971766013   0.257103571819316   -0.0526723934096884   -0.08970013233658   0
0.523635282084773   0.287379389152215   0.0647373103187606   0.030275817332899   0
0.544288283450048   0.308413563103992   0.020653001365275   0.0210341739517773   0
0.513768363429474   0.280921675668682   -0.0305199200205742   -0.0274918874353102   0
0.529816814695419   0.293535084423055   0.0160484512659451   0.0126134087543733   0
0.522941049275155   0.287575194833021   -0.00687576542026425   -0.00595988959003396   0
0.546661964393902   0.313323220620895   0.0237209151187474   0.0257480257878739   0
0.547144911431149   0.31950173280829   0.000482947037246939   0.00617851218739518   0
0.529694761259728   0.299784838020538   -0.0174501501714214   -0.0197168947877523   0
0.565155163848832   0.344103035408001   0.035460402589104   0.0443181973874633   0
0.52997645289107   0.299228091211788   -0.0351787109577623   -0.0448749441962132   0
0.566953258543418   0.331913806246441   0.0369768056523487   0.0326857150346532   0
0.53035231597967   0.287682699216515   -0.036600942563748   -0.0442311070299258   0
0.560980461076854   0.312846670910048   0.030628145097184   0.025163971693533   0
0.545327237659188   0.30708005244317   -0.0156532234176667   -0.00576661846687831   0
0.56019610535865   0.31291918522879   0.0148688676994627   0.00583913278562043   0
0.558856200822716   0.319668775194341   -0.00133990453593413   0.00674958996555042   0
0.539780301775639   0.302158905598114   -0.0190758990470771   -0.0175098695962267   0
0.59335099615826   0.343428989876   0.0535706943826214   0.0412700842778864   0
0.548360779356985   0.308677954801197   -0.0449902168012755   -0.0347510350748031   0
0.619820853603684   0.352386261791659   0.0714600742466993   0.0437083069904622   0
0.584407513713676   0.318347265429593   -0.0354133398900086   -0.0340389963620661   0
0.672248124628102   0.417206113657866   0.0878406109144261   0.0988588482282723   0
0.616316616689831   0.412899056309772   -0.055931507938271   -0.00430705734809411   0
0.698516426831896   0.477489099864594   0.0821998101420655   0.0645900435548221   0
0.696740395543419   0.460573748699652   -0.00177603128847725   -0.0169153511649419   0
0.58675093199926   0.385304174893681   -0.109989463544159   -0.0752695738059713   0
0.59200716626997   0.389813694075773   0.00525623427071031   0.00450951918209208   0
0.54450775150589   0.391666408190057   -0.0474994147640802   0.00185271411428395   0
0.600777212599646   0.419396767749228   0.0562694610937557   0.0277303595591716   0
0.619110016656167   0.428431418389805   0.0183328040565218   0.00903465064057662   0
0.716809475821156   0.516840446057098   0.0976994591649881   0.0884090276672932   0
0.612509764148295   0.452033673080059   -0.104299711672861   -0.0648067729770387   0
0.657500164082109   0.43883089287361   0.0449903999338137   -0.013202780206449   0
0.71915835383106   0.474124331989511   0.0616581897489511   0.0352934391159007   0
0.665020667493124   0.439807131120279   -0.054137686337936   -0.0343172008692323   0
0.682749917250819   0.426114061251797   0.0177292497576951   -0.0136930698684819   0
0.722150485639939   0.445656332725117   0.0394005683891202   0.01954227147332   0
0.704693721434355   0.439169322117905   -0.0174567642055844   -0.00648701060721202   0
0.717820525062498   0.47341711322918   0.0131268036281431   0.034247791111275   0
0.6746232043   0.455815991350128   -0.0431973207624974   -0.0176011218790517   0
0.690777923542002   0.456525981258734   0.0161547192420016   0.00070998990860599   0
0.766014007503127   0.501430188795011   0.0752360839611246   0.0449042075362765   0
0.717644724562927   0.483068710181843   -0.0483692829401992   -0.0183614786131671   0
0.745428704964492   0.474704302222183   0.0277839804015647   -0.00836440795966009   0
0.800538665652697   0.500787078841397   0.0551099606882044   0.026082776619214   0
0.773125178896665   0.502585729389524   -0.0274134867560318   0.00179865054812678   0
0.792070931857747   0.481706372881084   0.0189457529610823   -0.02087935650844   0
0.824167172936413   0.506145952357124   0.0320962410786663   0.0244395794760399   0
0.806319148338299   0.47383751320917   -0.0178480245981143   -0.0323084391479544   0
0.864512678170193   0.494147709194579   0.0581935298318941   0.0203101959854092   0
0.843553274785298   0.471923058688861   -0.0209594033848953   -0.022224650505718   0
0.90642767529958   0.479821248189886   0.0628744005142818   0.00789818950102494   0
0.797671701757684   0.436549418286464   -0.108755973541895   -0.0432718299034219   0
0.890649281521071   0.465037995481283   0.0929775797633867   0.0284885771948194   0
0.840506082491376   0.461641523131856   -0.0501431990296949   -0.00339647234942719   0
0.927689963539544   0.523632924787489   0.0871838810481675   0.0619914016556328   0
0.798250127471515   0.438248827133057   -0.129439836068029   -0.085384097654432   0
0.893396361840751   0.574468078556807   0.0951462343692359   0.13621925142375   0
0.749401360438857   0.510341461497594   -0.143995001401894   -0.0641266170592133   0
0.743396549158953   0.505561089587599   -0.00600481127990393   -0.00478037190999514   0
0.754031140517161   0.502515213477413   0.0106345913582073   -0.0030458761101857   0
0.790712429761921   0.507722713167581   0.0366812892447599   0.00520749969016809   0
0.770975435643056   0.486892089833312   -0.0197369941188645   -0.020830623334269   0
0.836169880579897   0.509922145207972   0.0651944449368415   0.0230300553746599   0
0.830261336732597   0.521361957403156   -0.0059085438473   0.0114398121951838   0
0.875489481208655   0.567902165481652   0.0452281444760575   0.0465402080784967   0
0.823224508336578   0.540308965569469   -0.0522649728720773   -0.0275931999121831   0
0.861658314685119   0.540703166551436   0.0384338063485415   0.000394200981966741   0
1.00590399400859   0.68512077063409   0.144245679323474   0.144417604082654   0
1.08810750238908   0.82545464880831   0.0822035083804904   0.140333878174219   0
0.898405861460003   0.766370979682327   -0.189701640929081   -0.0590836691259824   0
0.895963350853795   0.719153324332162   -0.00244251060620815   -0.0472176553501651   0
0.947795997179245   0.709417883788004   0.0518326463254506   -0.0097354405441582   0
