0   0   0   0   0
0   0   -0.520612194026187   -0.160289125774302   0
0.0609588714887341   0.0553614555975094   0.0609588714887341   0.0553614555975094   0
0.0609588714887341   0.0553614555975094   0.0609588714887341   0.0553614555975094   0
0.0644777123889333   0.0483913661447473   0.00351884090019918   -0.00697008945276201   0
0.0644777123889333   0.0483913661447473   0.00351884090019918   -0.00697008945276201   0
0.0896349571665542   0.0223684339104239   0.0251572447776209   -0.0260229322343235   0
0.0896349571665542   0.0223684339104239   0.0251572447776209   -0.0260229322343235   0
0.0616575849891966   0.0402048924029153   -0.0279773721773576   0.0178364584924915   0
0.0616575849891966   0.0402048924029153   -0.0279773721773576   0.0178364584924915   0
0.0534902665880438   0.0557112227006597   -0.00816731840115274   0.0155063302977443   0
0.0534902665880438   0.0557112227006597   -0.00816731840115274   0.0155063302977443   0
0.0938568333715239   0.0794641170615706   0.0403665667834801   0.023752894360911   0
0.0938568333715239   0.0794641170615706   0.0403665667834801   0.023752894360911   0
0.0809950729838032   0.077540650735598   -0.0128617603877207   -0.00192346632597261   0
0.0809950729838032   0.077540650735598   -0.0128617603877207   -0.00192346632597261   0
0.0513417439112551   0.0402721231771336   -0.0296533290725481   -0.0372685275584644   0
0.0513417439112551   0.0402721231771336   -0.0296533290725481   -0.0372685275584644   0
0.066058898775411   0.0798454896926871   0.0147171548641559   0.0395733665155534   0
0.066058898775411   0.0798454896926871   0.0147171548641559   0.0395733665155534   0
0.107109844738287   0.0595984996007869   0.0410509459628762   -0.0202469900919002   0
0.107109844738287   0.0595984996007869   0.0410509459628762   -0.0202469900919002   0
0.0613175902249102   0.0590202300527751   -0.0457922545133771   -0.000578269548011809   0
0.0613175902249102   0.0590202300527751   -0.0457922545133771   -0.000578269548011809   0
0.0670341095479011   0.0719302465030011   0.00571651932299087   0.012910016450226   0
0.0670341095479011   0.0719302465030011   0.00571651932299087   0.012910016450226   0
0.0687384446557383   0.0595501816208817   0.00170433510783727   -0.0123800648821194   0
0.0687384446557383   0.0595501816208817   0.00170433510783727   -0.0123800648821194   0
0.0783885963157907   0.0728944826467168   0.00965015166005241   0.0133443010258351   0
0.0783885963157907   0.0728944826467168   0.00965015166005241   0.0133443010258351   0
0.0752235183709856   0.052716849709296   -0.00316507794480518   -0.0201776329374208   0
0.0752235183709856   0.052716849709296   -0.00316507794480518   -0.0201776329374208   0
0.0781122429316301   0.0383386881818484   0.00288872456064457   -0.0143781615274476   0
0.0781122429316301   0.0383386881818484   0.00288872456064457   -0.0143781615274476   0
0.0885483316301894   0.0124892521093138   0.0104360886985593   -0.0258494360725345   0
0.0885483316301894   0.0124892521093138   0.0104360886985593   -0.0258494360725345   0
0.0695469283966589   0.0298684628642223   -0.0190014032335305   0.0173792107549085   0
0.0695469283966589   0.0298684628642223   -0.0190014032335305   0.0173792107549085   0
0.10220906836563   0.0357490898263858   0.032662139968971   0.00588062696216345   0
0.10220906836563   0.0357490898263858   0.032662139968971   0.00588062696216345   0
0.105451148571365   0.0325204767339364   0.00324208020573467   -0.00322861309244937   0
0.105451148571365   0.0325204767339364   0.00324208020573467   -0.00322861309244937   0
0.125313162826337   0.0262501242986581   0.0198620142549722   -0.00627035243527833   0
0.125313162826337   0.0262501242986581   0.0198620142549722   -0.00627035243527833   0
0.136564375053855   0.0383699269203761   0.0112512122275183   0.012119802621718   0
0.136564375053855   0.0383699269203761   0.0112512122275183   0.012119802621718   0
0.119650718980372   0.0315871575350648   -0.0169136560734829   -0.00678276938531128   0
0.119650718980372   0.0315871575350648   -0.0169136560734829   -0.00678276938531128   0
0.159645241711114   0.0466322467316609   0.0399945227307418   0.0150450891965961   0
0.159645241711114   0.0466322467316609   0.0399945227307418   0.0150450891965961   0
0.129116825691813   0.0363851076079898   -0.030528416019301   -0.0102471391236711   0
0.129116825691813   0.0363851076079898   -0.030528416019301   -0.0102471391236711   0
0.155878528734268   0.0409149982119638   0.026761703042455   0.00452989060397395   0
0.155878528734268   0.0409149982119638   0.026761703042455   0.00452989060397395   0
0.13939647879448   0.0481572114305584   -0.0164820499397876   0.00724221321859457   0
0.13939647879448   0.0481572114305584   -0.0164820499397876   0.00724221321859457   0
0.0902145752548888   0.0322397823414644   -0.0491819035395915   -0.015917429089094   0
0.0902145752548888   0.0322397823414644   -0.0491819035395915   -0.015917429089094   0
0.101281420543207   0.0618122076950419   0.0110668452883184   0.0295724253535775   0
0.101281420543207   0.0618122076950419   0.0110668452883184   0.0295724253535775   0
0.0885300602728813   0.0294410119815879   -0.0127513602703259   -0.0323711957134541   0
0.0885300602728813   0.0294410119815879   -0.0127513602703259   -0.0323711957134541   0
0.0952105015330242   0.0371555774407087   0.00668044126014286   0.00771456545912082   0
0.0952105015330242   0.0371555774407087   0.00668044126014286   0.00771456545912082   0
0.0865012093347833   0.0570308305122983   -0.00870929219824089   0.0198752530715897   0
0.0865012093347833   0.0570308305122983   -0.00870929219824089   0.0198752530715897   0
0.0639591526139145   0.0516059005832725   -0.0225420567208688   -0.00542492992902589   0
0.0639591526139145   0.0516059005832725   -0.0225420567208688   -0.00542492992902589   0
0.103455468990769   0.0460436156653938   0.0394963163768547   -0.00556228491787863   0
0.103455468990769   0.0460436156653938   0.0394963163768547   -0.00556228491787863   0
0.0997459836781913   0.0327814702228637   -0.00370948531257789   -0.0132621454425301   0
0.0997459836781913   0.0327814702228637   -0.00370948531257789   -0.0132621454425301   0
0.108856934056632   0.0328727391649601   0.00911095037844106   9.12689420963647e-05   0
0.108856934056632   0.0328727391649601   0.00911095037844106   9.12689420963647e-05   0
0.240590959191093   0.0616681131394508   0.13173402513446   0.0287953739744907   0
0.240590959191093   0.0616681131394508   0.13173402513446   0.0287953739744907   0
0.17658327500964   0.0434562198047932   -0.0640076841814531   -0.0182118933346576   0
0.17658327500964   0.0434562198047932   -0.0640076841814531   -0.0182118933346576   0
0.169353035761748   0.0538388315592122   -0.00723023924789126   0.010382611754419   0
0.169353035761748   0.0538388315592122   -0.00723023924789126   0.010382611754419   0
0.187394013662577   0.0490567700296809   0.0180409779008284   -0.0047820615295313   0
0.187394013662577   0.0490567700296809   0.0180409779008284   -0.0047820615295313   0
0.0803308726773213   0.123260328447447   -0.107063140985255   0.074203558417766   0
0.0803308726773213   0.123260328447447   -0.107063140985255   0.074203558417766   0
0.124356607814824   0.0805745326794546   0.044025735137503   -0.0426857957679923   0
0.124356607814824   0.0805745326794546   0.044025735137503   -0.0426857957679923   0
0.113056716220621   0.0709023832422084   -0.0112998915942033   -0.00967214943724617   0
0.113056716220621   0.0709023832422084   -0.0112998915942033   -0.00967214943724617   0
0.059195712986131   0.0934594148683802   -0.0538610032344899   0.0225570316261717   0
0.059195712986131   0.0934594148683802   -0.0538610032344899   0.0225570316261717   0
0.0522708849518544   0.0996587202707821   -0.00692482803427661   0.00619930540240196   0
0.0522708849518544   0.0996587202707821   -0.00692482803427661   0.00619930540240196   0
0.0872303526175952   0.111483236922732   0.0349594676657408   0.0118245166519499   0
0.0872303526175952   0.111483236922732   0.0349594676657408   0.0118245166519499   0
0.114556300228883   0.0965516498943571   0.0273259476112879   -0.014931587028375   0
0.114556300228883   0.0965516498943571   0.0273259476112879   -0.014931587028375   0
0.0997708102250854   0.0909423172029941   -0.0147854900037978   -0.00560933269136296   0
0.0997708102250854   0.0909423172029941   -0.0147854900037978   -0.00560933269136296   0
0.136686546766278   0.10432049362092   0.036915736541193   0.0133781764179263   0
0.136686546766278   0.10432049362092   0.036915736541193   0.0133781764179263   0
0.144874009032573   0.12185632728049   0.00818746226629449   0.01753583365957   0
0.144874009032573   0.12185632728049   0.00818746226629449   0.01753583365957   0
0.148236070145275   0.109650867502964   0.00336206111270218   -0.0122054597775267   0
0.148236070145275   0.109650867502964   0.00336206111270218   -0.0122054597775267   0
0.158017483837739   0.0952671903989511   0.0097814136924636   -0.0143836771040126   0
0.158017483837739   0.0952671903989511   0.0097814136924636   -0.0143836771040126   0
0.182392234551282   0.10745166679489   0.0243747507135437   0.0121844763959386   0
0.182392234551282   0.10745166679489   0.0243747507135437   0.0121844763959386   0
0.172138022475132   0.0947329422158681   -0.0102542120761508   -0.0127187245790216   0
0.172138022475132   0.0947329422158681   -0.0102542120761508   -0.0127187245790216   0
0.177365120995235   0.106493372135758   0.00522709852010358   0.0117604299198898   0
0.177365120995235   0.106493372135758   0.00522709852010358   0.0117604299198898   0
0.156348375750246   0.125733377501571   -0.0210167452449895   0.0192400053658129   0
0.156348375750246   0.125733377501571   -0.0210167452449895   0.0192400053658129   0
0.188871470290282   0.112673821015232   0.0325230945400364   -0.0130595564863389   0
0.188871470290282   0.112673821015232   0.0325230945400364   -0.0130595564863389   0
0.207298033161871   0.132975637034685   0.0184265628715888   0.0203018160194529   0
0.207298033161871   0.132975637034685   0.0184265628715888   0.0203018160194529   0
0.20698240274507   0.151663181402359   -0.000315630416800522   0.0186875443676747   0
0.20698240274507   0.151663181402359   -0.000315630416800522   0.0186875443676747   0
0.173735572354754   0.126716924400937   -0.0332468303903158   -0.0249462570014227   0
0.173735572354754   0.126716924400937   -0.0332468303903158   -0.0249462570014227   0
0.192485261397044   0.135004517151215   0.0187496890422896   0.00828759275027827   0
0.192485261397044   0.135004517151215   0.0187496890422896   0.00828759275027827   0
0.230674706860923   0.161564140229787   0.0381894454638786   0.0265596230785718   0
0.230674706860923   0.161564140229787   0.0381894454638786   0.0265596230785718   0
0.173200248643806   0.122379444999692   -0.0574744582171171   -0.0391846952300945   0
0.173200248643806   0.122379444999692   -0.0574744582171171   -0.0391846952300945   0
0.199625697484576   0.157882051622279   0.0264254488407707   0.0355026066225868   0
0.199625697484576   0.157882051622279   0.0264254488407707   0.0355026066225868   0
0.203946631562036   0.144835652507912   0.00432093407745976   -0.0130463991143676   0
0.203946631562036   0.144835652507912   0.00432093407745976   -0.0130463991143676   0
0.267932849206395   0.178173046391626   0.0639862176443591   0.0333373938837144   0
0.267932849206395   0.178173046391626   0.0639862176443591   0.0333373938837144   0
0.243159260292176   0.162248538115479   -0.0247735889142188   -0.0159245082761471   0
0.243159260292176   0.162248538115479   -0.0247735889142188   -0.0159245082761471   0
0.212441211727264   0.121619621596651   -0.0307180485649127   -0.0406289165188282   0
0.212441211727264   0.121619621596651   -0.0307180485649127   -0.0406289165188282   0
0.27405672234397   0.171596543255546   0.0616155106167067   0.0499769216588954   0
0.27405672234397   0.171596543255546   0.0616155106167067   0.0499769216588954   0
0.278982443111478   0.20190944508539   0.0049257207675073   0.0303129018298436   0
0.278982443111478   0.20190944508539   0.0049257207675073   0.0303129018298436   0
0.290715728801501   0.198441239829338   0.0117332856900228   -0.00346820525605129   0
0.290715728801501   0.198441239829338   0.0117332856900228   -0.00346820525605129   0
0.335015031610124   0.202137468967934   0.0442993028086238   0.00369622913859566   0
0.335015031610124   0.202137468967934   0.0442993028086238   0.00369622913859566   0
0.322475383575658   0.209895208775486   -0.0125396480344666   0.00775773980755232   0
0.322475383575658   0.209895208775486   -0.0125396480344666   0.00775773980755232   0
0.33938215947292   0.23245888421993   0.0169067758972622   0.022563675444444   0
0.33938215947292   0.23245888421993   0.0169067758972622   0.022563675444444   0
0.364769243862155   0.266065289170896   0.0253870843892351   0.0336064049509661   0
0.364769243862155   0.266065289170896   0.0253870843892351   0.0336064049509661   0
0.320783625573439   0.259014453555709   -0.0439856182887166   -0.00705083561518755   0
0.320783625573439   0.259014453555709   -0.0439856182887166   -0.00705083561518755   0
0.357005335930165   0.278804195913091   0.0362217103567266   0.0197897423573817   0
0.357005335930165   0.278804195913091   0.0362217103567266   0.0197897423573817   0
0.386551001790549   0.258425317677632   0.0295456658603842   -0.0203788782354586   0
0.386551001790549   0.258425317677632   0.0295456658603842   -0.0203788782354586   0
0.312760312924367   0.278851342166546   -0.0737906888661821   0.0204260244889137   0
0.312760312924367   0.278851342166546   -0.0737906888661821   0.0204260244889137   0
0.140669092665304   0.244518175424497   -0.172091220259063   -0.0343331667420488   0
0.140669092665304   0.244518175424497   -0.172091220259063   -0.0343331667420488   0
0.287574394359529   0.154628665431898   0.146905301694225   -0.0898895099925984   0
0.287574394359529   0.154628665431898   0.146905301694225   -0.0898895099925984   0
0.24105158948584   0.219474927936541   -0.046522804873689   0.0648462625046428   0
0.24105158948584   0.219474927936541   -0.046522804873689   0.0648462625046428   0
0.195705544637984   0.183901173333268   -0.045346044847856   -0.0355737546032738   0
0.195705544637984   0.183901173333268   -0.045346044847856   -0.0355737546032738   0
0.451170465525216   0.179071443332682   0.255464920887232   -0.00482973000058537   0
0.451170465525216   0.179071443332682   0.255464920887232   -0.00482973000058537   0
0.443548512418698   0.213152710643097   -0.0076219531065177   0.0340812673104152   0
0.443548512418698   0.213152710643097   -0.0076219531065177   0.0340812673104152   0
0.475169370121107   0.197878040100013   0.0316208577024093   -0.015274670543084   0
0.475169370121107   0.197878040100013   0.0316208577024093   -0.015274670543084   0
0.38194194714218   0.182430074530736   -0.0932274229789272   -0.0154479655692771   0
0.38194194714218   0.182430074530736   -0.0932274229789272   -0.0154479655692771   0
0.384972770313382   0.186799742976998   0.00303082317120179   0.00436966844626166   0
0.384972770313382   0.186799742976998   0.00303082317120179   0.00436966844626166   0
0.429783446004718   0.200747445926492   0.0448106756913356   0.0139477029494945   0
0.429783446004718   0.200747445926492   0.0448106756913356   0.0139477029494945   0
0.330330469014349   0.222162386691942   -0.0994529769903683   0.0214149407654496   0
0.330330469014349   0.222162386691942   -0.0994529769903683   0.0214149407654496   0
0.296934918343414   0.200240206780282   -0.0333955506709352   -0.0219221799116603   0
0.296934918343414   0.200240206780282   -0.0333955506709352   -0.0219221799116603   0
0.303153960872376   0.211499232657379   0.00621904252896177   0.0112590258770969   0
0.303153960872376   0.211499232657379   0.00621904252896177   0.0112590258770969   0
0.303566547037466   0.186716685781989   0.000412586165090045   -0.0247825468753897   0
0.303566547037466   0.186716685781989   0.000412586165090045   -0.0247825468753897   0
0.277130745914722   0.163831441371917   -0.0264358011227443   -0.0228852444100716   0
0.277130745914722   0.163831441371917   -0.0264358011227443   -0.0228852444100716   0
0.267689549386972   0.22031134095795   -0.00944119652774988   0.0564798995860324   0
0.267689549386972   0.22031134095795   -0.00944119652774988   0.0564798995860324   0
0.267709474055832   0.191825037836801   1.99246688599164e-05   -0.0284863031211492   0
0.267709474055832   0.191825037836801   1.99246688599164e-05   -0.0284863031211492   0
0.234492420518894   0.18906708776599   -0.0332170535369373   -0.00275795007081084   0
0.234492420518894   0.18906708776599   -0.0332170535369373   -0.00275795007081084   0
0.212560934795555   0.214460744586533   -0.0219314857233399   0.0253936568205428   0
0.212560934795555   0.214460744586533   -0.0219314857233399   0.0253936568205428   0
0.19191332629656   0.19348379248806   -0.0206476084989943   -0.0209769520984731   0
0.19191332629656   0.19348379248806   -0.0206476084989943   -0.0209769520984731   0
0.203604972046878   0.180516286989159   0.0116916457503178   -0.0129675054989003   0
0.203604972046878   0.180516286989159   0.0116916457503178   -0.0129675054989003   0
0.203136892326849   0.204794117012386   -0.000468079720028686   0.0242778300232269   0
0.203136892326849   0.204794117012386   -0.000468079720028686   0.0242778300232269   0
0.110151973535838   0.209063183726863   -0.0929849187910112   0.00426906671447677   0
0.110151973535838   0.209063183726863   -0.0929849187910112   0.00426906671447677   0
0.099639673399806   0.247833821305418   -0.0105123001360322   0.0387706375785547   0
0.099639673399806   0.247833821305418   -0.0105123001360322   0.0387706375785547   0
0.0623411977608708   0.209536307378387   -0.0372984756389352   -0.0382975139270303   0
0.0623411977608708   0.209536307378387   -0.0372984756389352   -0.0382975139270303   0
0.087545070133903   0.228008346082605   0.0252038723730322   0.0184720387042175   0
0.087545070133903   0.228008346082605   0.0252038723730322   0.0184720387042175   0
0.0486505280673869   0.207831218303847   -0.0388945420665161   -0.0201771277787576   0
0.0486505280673869   0.207831218303847   -0.0388945420665161   -0.0201771277787576   0
0.0792018055028419   0.249516232145125   0.030551277435455   0.041685013841278   0
0.0792018055028419   0.249516232145125   0.030551277435455   0.041685013841278   0
0.0654884105462363   0.20287458218469   -0.0137133949566056   -0.0466416499604353   0
0.0654884105462363   0.20287458218469   -0.0137133949566056   -0.0466416499604353   0
0.0723788521934411   0.227894986079149   0.00689044164720479   0.0250204038944594   0
0.0723788521934411   0.227894986079149   0.00689044164720479   0.0250204038944594   0
0.080713093289441   0.216067867909325   0.00833424109599984   -0.0118271181698246   0
0.080713093289441   0.216067867909325   0.00833424109599984   -0.0118271181698246   0
0.0959938088943761   0.1930885749501   0.0152807156049351   -0.0229792929592244   0
0.0959938088943761   0.1930885749501   0.0152807156049351   -0.0229792929592244   0
0.0907017621227394   0.215026452281533   -0.00529204677163671   0.0219378773314329   0
0.0907017621227394   0.215026452281533   -0.00529204677163671   0.0219378773314329   0
0.0591946656698895   0.16862876398674   -0.0315070964528498   -0.0463976882947934   0
0.0591946656698895   0.16862876398674   -0.0315070964528498   -0.0463976882947934   0
0.0103343498261995   0.195963386624319   -0.0488603158436901   0.0273346226375793   0
0.0103343498261995   0.195963386624319   -0.0488603158436901   0.0273346226375793   0
0.0638048909893278   0.207530590815896   0.0534705411631283   0.0115672041915771   0
0.0638048909893278   0.207530590815896   0.0534705411631283   0.0115672041915771   0
0.0592401470947701   0.204637681095996   -0.00456474389455765   -0.00289290971990058   0
0.0592401470947701   0.204637681095996   -0.00456474389455765   -0.00289290971990058   0
0.0554631281213024   0.19101795178779   -0.00377701897346776   -0.0136197293082056   0
0.0554631281213024   0.19101795178779   -0.00377701897346776   -0.0136197293082056   0
0.0121795734938667   0.190914510127891   -0.0432835546274357   -0.000103441659899367   0
0.0121795734938667   0.190914510127891   -0.0432835546274357   -0.000103441659899367   0
0.0234099167447922   0.207317073899191   0.0112303432509255   0.0164025637713   0
0.0234099167447922   0.207317073899191   0.0112303432509255   0.0164025637713   0
0.0414276737745435   0.192398812496374   0.0180177570297513   -0.0149182614028164   0
0.0414276737745435   0.192398812496374   0.0180177570297513   -0.0149182614028164   0
0.0399483564128739   0.156517387451134   -0.00147931736166965   -0.0358814250452399   0
0.0399483564128739   0.156517387451134   -0.00147931736166965   -0.0358814250452399   0
0.0427846975936491   0.168921617534317   0.00283634118077521   0.0124042300831827   0
0.0427846975936491   0.168921617534317   0.00283634118077521   0.0124042300831827   0
0.0452180866247965   0.179926675119311   0.00243338903114743   0.0110050575849937   0
0.0452180866247965   0.179926675119311   0.00243338903114743   0.0110050575849937   0
0.0636698943886355   0.156814718925242   0.018451807763839   -0.0231119561940692   0
0.0636698943886355   0.156814718925242   0.018451807763839   -0.0231119561940692   0
0.206498858371905   0.140867595252279   0.142828963983269   -0.0159471236729621   0
0.206498858371905   0.140867595252279   0.142828963983269   -0.0159471236729621   0
0.043265093527346   0.179065264407283   -0.163233764844559   0.0381976691550031   0
0.043265093527346   0.179065264407283   -0.163233764844559   0.0381976691550031   0
0.0703567491730566   0.167592523186783   0.0270916556457106   -0.0114727412204992   0
0.0703567491730566   0.167592523186783   0.0270916556457106   -0.0114727412204992   0
0.0775755025870925   0.202610659060487   0.00721875341403591   0.0350181358737039   0
0.0775755025870925   0.202610659060487   0.00721875341403591   0.0350181358737039   0
0.0862583801987378   0.17496891268594   0.00868287761164525   -0.0276417463745476   0
0.0862583801987378   0.17496891268594   0.00868287761164525   -0.0276417463745476   0
0.0686273546102019   0.163434438172697   -0.0176310255885359   -0.0115344745132431   0
0.0686273546102019   0.163434438172697   -0.0176310255885359   -0.0115344745132431   0
0.0868055845776762   0.154152113454892   0.0181782299674743   -0.00928232471780427   0
0.0868055845776762   0.154152113454892   0.0181782299674743   -0.00928232471780427   0
0.0703165479216663   0.161745331061271   -0.0164890366560099   0.00759321760637818   0
0.0703165479216663   0.161745331061271   -0.0164890366560099   0.00759321760637818   0
0.0892241521267644   0.154999542635019   0.0189076042050981   -0.00674578842625176   0
0.0892241521267644   0.154999542635019   0.0189076042050981   -0.00674578842625176   0
0.0586026189062605   0.165239289868315   -0.0306215332205039   0.0102397472332961   0
0.0586026189062605   0.165239289868315   -0.0306215332205039   0.0102397472332961   0
0.0892881101090733   0.13886014011699   0.0306854912028128   -0.0263791497513253   0
0.0892881101090733   0.13886014011699   0.0306854912028128   -0.0263791497513253   0
0.0814387125668131   0.128313110182913   -0.00784939754226022   -0.0105470299340761   0
0.0814387125668131   0.128313110182913   -0.00784939754226022   -0.0105470299340761   0
0.0382428846058924   0.1706302216186   -0.0431958279609207   0.0423171114356863   0
0.0382428846058924   0.1706302216186   -0.0431958279609207   0.0423171114356863   0
0.0610266494126951   0.171676010781654   0.0227837648068027   0.00104578916305392   0
0.0610266494126951   0.171676010781654   0.0227837648068027   0.00104578916305392   0
0.109908076983086   0.109341143491654   0.0488814275703911   -0.0623348672899996   0
0.109908076983086   0.109341143491654   0.0488814275703911   -0.0623348672899996   0
0.228797870751128   0.0679091540107996   0.118889793768042   -0.0414319894808545   0
0.228797870751128   0.0679091540107996   0.118889793768042   -0.0414319894808545   0
0.230244229036582   0.085195734526046   0.00144635828545367   0.0172865805152464   0
0.230244229036582   0.085195734526046   0.00144635828545367   0.0172865805152464   0
0.209218881689189   0.0828497493934351   -0.0210253473473933   -0.00234598513261086   0
0.209218881689189   0.0828497493934351   -0.0210253473473933   -0.00234598513261086   0
0.177526204805227   0.0817222690015549   -0.0316926768839613   -0.00112748039188021   0
0.177526204805227   0.0817222690015549   -0.0316926768839613   -0.00112748039188021   0
0.180702252944063   0.0776363988296244   0.00317604813883526   -0.00408587017193053   0
0.180702252944063   0.0776363988296244   0.00317604813883526   -0.00408587017193053   0
0.218688253695264   0.0688188800174959   0.0379860007512012   -0.00881751881212843   0
0.218688253695264   0.0688188800174959   0.0379860007512012   -0.00881751881212843   0
0.205665969501272   0.0710883947287108   -0.0130222841939924   0.00226951471121489   0
0.205665969501272   0.0710883947287108   -0.0130222841939924   0.00226951471121489   0
0.196262462329565   0.0668272113275909   -0.00940350717170602   -0.00426118340111989   0
0.196262462329565   0.0668272113275909   -0.00940350717170602   -0.00426118340111989   0
0.192334901606053   0.0749743293038691   -0.00392756072351272   0.00814711797627812   0
0.192334901606053   0.0749743293038691   -0.00392756072351272   0.00814711797627812   0
0.166730412851972   0.0894905919573393   -0.0256044887540812   0.0145162626534702   0
0.166730412851972   0.0894905919573393   -0.0256044887540812   0.0145162626534702   0
0.15398263370495   0.0946061102199007   -0.0127477791470213   0.00511551826256142   0
0.15398263370495   0.0946061102199007   -0.0127477791470213   0.00511551826256142   0
0.136254975208834   0.10504349970767   -0.0177276584961162   0.0104373894877691   0
0.136254975208834   0.10504349970767   -0.0177276584961162   0.0104373894877691   0
0.114150473056795   0.109658103912171   -0.0221045021520395   0.00461460420450123   0
0.114150473056795   0.109658103912171   -0.0221045021520395   0.00461460420450123   0
0.0898750437582091   0.138396142998505   -0.0242754292985855   0.0287380390863335   0
0.0898750437582091   0.138396142998505   -0.0242754292985855   0.0287380390863335   0
0.124239102719595   0.126341008719358   0.0343640589613856   -0.0120551342791461   0
0.124239102719595   0.126341008719358   0.0343640589613856   -0.0120551342791461   0
0.12402111159605   0.0880449654298302   -0.000217991123544217   -0.0382960432895282   0
0.12402111159605   0.0880449654298302   -0.000217991123544217   -0.0382960432895282   0
0.22432917315989   0.0694072368549023   0.10030806156384   -0.018637728574928   0
0.22432917315989   0.0694072368549023   0.10030806156384   -0.018637728574928   0
0.189582073062117   0.0509119129510226   -0.0347471000977728   -0.0184953239038797   0
0.189582073062117   0.0509119129510226   -0.0347471000977728   -0.0184953239038797   0
0.207735381771811   0.069496341688322   0.0181533087096935   0.0185844287372994   0
0.207735381771811   0.069496341688322   0.0181533087096935   0.0185844287372994   0
0.212451972134245   0.0881452752252496   0.0047165903624341   0.0186489335369276   0
0.212451972134245   0.0881452752252496   0.0047165903624341   0.0186489335369276   0
0.341298558339918   0.0697367289287664   0.128846586205673   -0.0184085462964832   0
0.341298558339918   0.0697367289287664   0.128846586205673   -0.0184085462964832   0
0.275421768752907   0.067526393682341   -0.0658767895870106   -0.00221033524642544   0
0.275421768752907   0.067526393682341   -0.0658767895870106   -0.00221033524642544   0
0.25734658540597   0.053754043712372   -0.0180751833469376   -0.013772349969969   0
0.25734658540597   0.053754043712372   -0.0180751833469376   -0.013772349969969   0
0.31333273552299   0.068285705296679   0.0559861501170202   0.014531661584307   0
0.31333273552299   0.068285705296679   0.0559861501170202   0.014531661584307   0
0.359781928050159   0.0479922294383806   0.0464491925271693   -0.0202934758582985   0
0.359781928050159   0.0479922294383806   0.0464491925271693   -0.0202934758582985   0
0.354338164645667   0.0620238348904776   -0.00544376340449199   0.014031605452097   0
0.354338164645667   0.0620238348904776   -0.00544376340449199   0.014031605452097   0
0.389406422810731   0.0595776072545048   0.035068258165064   -0.00244622763597276   0
0.389406422810731   0.0595776072545048   0.035068258165064   -0.00244622763597276   0
0.25707179810763   0.0606211276765164   -0.132334624703101   0.00104352042201156   0
0.25707179810763   0.0606211276765164   -0.132334624703101   0.00104352042201156   0
0.322436511225714   0.0526619823550396   0.0653647131180842   -0.0079591453214768   0
0.322436511225714   0.0526619823550396   0.0653647131180842   -0.0079591453214768   0
0.324115534422527   0.0487028696897431   0.00167902319681251   -0.00395911266529645   0
0.324115534422527   0.0487028696897431   0.00167902319681251   -0.00395911266529645   0
0.299862336675232   0.0502715277773612   -0.0242531977472948   0.00156865808761808   0
0.299862336675232   0.0502715277773612   -0.0242531977472948   0.00156865808761808   0
0.341536332064423   0.0553317180705832   0.0416739953891916   0.00506019029322196   0
0.341536332064423   0.0553317180705832   0.0416739953891916   0.00506019029322196   0
0.363569714977527   0.0476689352274886   0.0220333829131034   -0.00766278284309461   0
0.363569714977527   0.0476689352274886   0.0220333829131034   -0.00766278284309461   0
0.333476358796437   0.0460139320287345   -0.0300933561810896   -0.00165500319875404   0
0.333476358796437   0.0460139320287345   -0.0300933561810896   -0.00165500319875404   0
0.305292428704939   0.0373538665029341   -0.0281839300914985   -0.00866006552580038   0
0.305292428704939   0.0373538665029341   -0.0281839300914985   -0.00866006552580038   0
0.28401498000933   0.0550880950058404   -0.0212774486956088   0.0177342285029063   0
0.28401498000933   0.0550880950058404   -0.0212774486956088   0.0177342285029063   0
0.306614796642318   0.0544316539234525   0.0225998166329882   -0.00065644108238793   0
0.306614796642318   0.0544316539234525   0.0225998166329882   -0.00065644108238793   0
0.283098067452076   0.0363610861111742   -0.0235167291902423   -0.0180705678122783   0
0.283098067452076   0.0363610861111742   -0.0235167291902423   -0.0180705678122783   0
0.233978577767325   0.0879267566459437   -0.0491194896847511   0.0515656705347695   0
0.233978577767325   0.0879267566459437   -0.0491194896847511   0.0515656705347695   0
0.337007825978656   0.0596517210053258   0.103029248211331   -0.0282750356406179   0
0.337007825978656   0.0596517210053258   0.103029248211331   -0.0282750356406179   0
0.26937025409048   0.0532977126163966   -0.0676375718881755   -0.0063540083889292   0
0.26937025409048   0.0532977126163966   -0.0676375718881755   -0.0063540083889292   0
0.28856765375324   0.0626627437499047   0.0191973996627599   0.00936503113350816   0
0.28856765375324   0.0626627437499047   0.0191973996627599   0.00936503113350816   0
0.282344691462847   0.0631541032507984   -0.00622296229039382   0.000491359500893629   0
0.282344691462847   0.0631541032507984   -0.00622296229039382   0.000491359500893629   0
0.308040615985441   0.0443890537363943   0.0256959245225946   -0.0187650495144041   0
0.308040615985441   0.0443890537363943   0.0256959245225946   -0.0187650495144041   0
0.310867597949111   0.0350019639395977   0.00282698196366976   -0.00938708979679657   0
0.310867597949111   0.0350019639395977   0.00282698196366976   -0.00938708979679657   0
0.335390076173297   0.0494186646516526   0.0245224782241862   0.0144167007120549   0
0.335390076173297   0.0494186646516526   0.0245224782241862   0.0144167007120549   0
0.318628733263104   0.0624147614597479   -0.0167613429101934   0.0129960968080952   0
0.318628733263104   0.0624147614597479   -0.0167613429101934   0.0129960968080952   0
0.245882609843079   0.092369525573806   -0.072746123420025   0.0299547641140581   0
0.245882609843079   0.092369525573806   -0.072746123420025   0.0299547641140581   0
0.313911459719989   0.06664827547919   0.0680288498769106   -0.025721250094616   0
0.313911459719989   0.06664827547919   0.0680288498769106   -0.025721250094616   0
0.276567314620383   0.0880353535130205   -0.0373441450996061   0.0213870780338305   0
0.276567314620383   0.0880353535130205   -0.0373441450996061   0.0213870780338305   0
0.232452749789457   0.0694625396883277   -0.0441145648309259   -0.0185728138246928   0
0.232452749789457   0.0694625396883277   -0.0441145648309259   -0.0185728138246928   0
0.289487366304809   0.0648777894827074   0.0570346165153513   -0.0045847502056203   0
0.289487366304809   0.0648777894827074   0.0570346165153513   -0.0045847502056203   0
0.250112841627694   0.0754929906092612   -0.0393745246771144   0.0106152011265538   0
0.250112841627694   0.0754929906092612   -0.0393745246771144   0.0106152011265538   0
0.253639992900035   0.089786895035857   0.00352715127234121   0.0142939044265958   0
0.253639992900035   0.089786895035857   0.00352715127234121   0.0142939044265958   0
0.283818381212286   0.0851553533418775   0.0301783883122507   -0.00463154169397952   0
0.283818381212286   0.0851553533418775   0.0301783883122507   -0.00463154169397952   0
0.295339416665385   0.0821818074640154   0.0115210354530991   -0.00297354587786205   0
0.295339416665385   0.0821818074640154   0.0115210354530991   -0.00297354587786205   0
0.301736074919805   0.0949278532817028   0.00639665825441954   0.0127460458176874   0
0.301736074919805   0.0949278532817028   0.00639665825441954   0.0127460458176874   0
0.237814725132875   0.0690533632942125   -0.0639213497869297   -0.0258744899874903   0
0.237814725132875   0.0690533632942125   -0.0639213497869297   -0.0258744899874903   0
0.217885254593284   0.078577347545269   -0.0199294705395914   0.00952398425105651   0
0.217885254593284   0.078577347545269   -0.0199294705395914   0.00952398425105651   0
0.224172669043597   0.0884862288378395   0.00628741445031325   0.00990888129257046   0
0.224172669043597   0.0884862288378395   0.00628741445031325   0.00990888129257046   0
0.244737756263659   0.075854501843414   0.0205650872200618   -0.0126317269944255   0
0.244737756263659   0.075854501843414   0.0205650872200618   -0.0126317269944255   0
0.22881856019176   0.0715659374984706   -0.0159191960718987   -0.0042885643449434   0
0.22881856019176   0.0715659374984706   -0.0159191960718987   -0.0042885643449434   0
0.225095352663355   0.125970315710686   -0.00372320752840541   0.0544043782122158   0
0.225095352663355   0.125970315710686   -0.00372320752840541   0.0544043782122158   0
0.192725723654741   0.0918406209555173   -0.0323696290086136   -0.0341296947551691   0
0.192725723654741   0.0918406209555173   -0.0323696290086136   -0.0341296947551691   0
0.209196695132141   0.105914341777035   0.0164709714774001   0.0140737208215173   0
0.209196695132141   0.105914341777035   0.0164709714774001   0.0140737208215173   0
0.215550388680453   0.0757555296263085   0.00635369354831197   -0.0301588121507261   0
0.215550388680453   0.0757555296263085   0.00635369354831197   -0.0301588121507261   0
0.234891071997745   0.0917744924260685   0.0193406833172923   0.01601896279976   0
0.234891071997745   0.0917744924260685   0.0193406833172923   0.01601896279976   0
0.215222223302877   0.090467907964292   -0.019668848694868   -0.00130658446177655   0
0.215222223302877   0.090467907964292   -0.019668848694868   -0.00130658446177655   0
0.187867170659996   0.0783108301408081   -0.0273550526428811   -0.0121570778234839   0
0.187867170659996   0.0783108301408081   -0.0273550526428811   -0.0121570778234839   0
0.243132914034248   0.085279812977574   0.0552657433742515   0.00696898283676591   0
0.243132914034248   0.085279812977574   0.0552657433742515   0.00696898283676591   0
0.346529507113088   0.090049886546059   0.103396593078841   0.00477007356848501   0
0.346529507113088   0.090049886546059   0.103396593078841   0.00477007356848501   0
0.269675556337982   0.0799559377124326   -0.0768539507751066   -0.0100939488336264   0
0.269675556337982   0.0799559377124326   -0.0768539507751066   -0.0100939488336264   0
0.338417174830061   0.124349669165221   0.0687416184920792   0.0443937314527888   0
0.338417174830061   0.124349669165221   0.0687416184920792   0.0443937314527888   0
0.522238914677076   0.181656047116484   0.183821739847015   0.057306377951263   0
0.522238914677076   0.181656047116484   0.183821739847015   0.057306377951263   0
0.342227611570875   0.108142036261634   -0.180011303106201   -0.0735140108548507   0
0.342227611570875   0.108142036261634   -0.180011303106201   -0.0735140108548507   0
0.345879162938807   0.119597397482021   0.00365155136793244   0.0114553612203872   0
0.345879162938807   0.119597397482021   0.00365155136793244   0.0114553612203872   0
0.338245610877436   0.109187026990517   -0.00763355206137112   -0.0104103704915039   0
0.338245610877436   0.109187026990517   -0.00763355206137112   -0.0104103704915039   0
0.377766711523408   0.0985179150350839   0.0395211006459721   -0.0106691119554332   0
0.377766711523408   0.0985179150350839   0.0395211006459721   -0.0106691119554332   0
0.365684201144282   0.124788245627583   -0.0120825103791264   0.0262703305924992   0
0.365684201144282   0.124788245627583   -0.0120825103791264   0.0262703305924992   0
0.37578073845102   0.116213255874588   0.0100965373067377   -0.00857498975299488   0
0.37578073845102   0.116213255874588   0.0100965373067377   -0.00857498975299488   0
0.366940282185916   0.109310962697206   -0.00884045626510316   -0.00690229317738199   0
0.366940282185916   0.109310962697206   -0.00884045626510316   -0.00690229317738199   0
0.347661953135082   0.122912769883605   -0.0192783290508344   0.0136018071863987   0
0.347661953135082   0.122912769883605   -0.0192783290508344   0.0136018071863987   0
0.357832642125897   0.134417953726948   0.0101706889908145   0.0115051838433434   0
0.357832642125897   0.134417953726948   0.0101706889908145   0.0115051838433434   0
0.448140277468216   0.134726419644137   0.0903076353423198   0.000308465917188722   0
0.448140277468216   0.134726419644137   0.0903076353423198   0.000308465917188722   0
0.319993719074062   0.144050567954009   -0.128146558394154   0.00932414830987177   0
0.319993719074062   0.144050567954009   -0.128146558394154   0.00932414830987177   0
0.237752829748144   0.124087903078191   -0.0822408893259183   -0.0199626648758178   0
0.237752829748144   0.124087903078191   -0.0822408893259183   -0.0199626648758178   0
0.237917637368481   0.119074430101775   0.000164807620336854   -0.00501347297641591   0
0.237917637368481   0.119074430101775   0.000164807620336854   -0.00501347297641591   0
0.291079851195097   0.124797362206936   0.0531622138266163   0.0057229321051612   0
0.291079851195097   0.124797362206936   0.0531622138266163   0.0057229321051612   0
0.25197535076124   0.128348478672562   -0.0391045004338572   0.00355111646562629   0
0.25197535076124   0.128348478672562   -0.0391045004338572   0.00355111646562629   0
0.322199726390325   0.112605078749762   0.0702243756290845   -0.015743399922801   0
0.322199726390325   0.112605078749762   0.0702243756290845   -0.015743399922801   0
0.330900298989496   0.11742397873464   0.00870057259917184   0.00481889998487819   0
0.330900298989496   0.11742397873464   0.00870057259917184   0.00481889998487819   0
0.329917014764213   0.135364170952166   -0.000983284225283265   0.0179401922175263   0
0.329917014764213   0.135364170952166   -0.000983284225283265   0.0179401922175263   0
0.282310650735143   0.130939129032444   -0.04760636402907   -0.00442504191972212   0
0.282310650735143   0.130939129032444   -0.04760636402907   -0.00442504191972212   0
0.349345190841623   0.124819786249961   0.0670345401064798   -0.00611934278248265   0
0.349345190841623   0.124819786249961   0.0670345401064798   -0.00611934278248265   0
0.538780739074709   0.129050750299301   0.189435548233086   0.00423096404933961   0
0.538780739074709   0.129050750299301   0.189435548233086   0.00423096404933961   0
0.749983404480559   0.170161805357438   0.21120266540585   0.0411110550581368   0
0.749983404480559   0.170161805357438   0.21120266540585   0.0411110550581368   0
0.724452088396355   0.15565556992461   -0.0255313160842041   -0.0145062354328281   0
0.724452088396355   0.15565556992461   -0.0255313160842041   -0.0145062354328281   0
0.647277509700468   0.15984164350088   -0.0771745786958866   0.00418607357627077   0
0.647277509700468   0.15984164350088   -0.0771745786958866   0.00418607357627077   0
0.67631892681882   0.174070833119603   0.0290414171183513   0.0142291896187222   0
0.67631892681882   0.174070833119603   0.0290414171183513   0.0142291896187222   0
0.709352387979973   0.150172490325159   0.0330334611611532   -0.0238983427944434   0
0.709352387979973   0.150172490325159   0.0330334611611532   -0.0238983427944434   0
0.695075262104644   0.137068769801193   -0.0142771258753287   -0.0131037205239659   0
0.695075262104644   0.137068769801193   -0.0142771258753287   -0.0131037205239659   0
0.652296116680331   0.134692618636824   -0.0427791454243132   -0.00237615116436887   0
0.652296116680331   0.134692618636824   -0.0427791454243132   -0.00237615116436887   0
0.561155029727909   0.107986769157673   -0.0911410869524224   -0.0267058494791516   0
0.561155029727909   0.107986769157673   -0.0911410869524224   -0.0267058494791516   0
0.508839975329582   0.102758149389046   -0.0523150543983263   -0.00522861976862719   0
0.508839975329582   0.102758149389046   -0.0523150543983263   -0.00522861976862719   0
0.53616392787032   0.0902762345472079   0.0273239525407379   -0.0124819148418376   0
0.53616392787032   0.0902762345472079   0.0273239525407379   -0.0124819148418376   0
0.565922961723502   0.0887472531619993   0.0297590338531815   -0.00152898138520861   0
0.565922961723502   0.0887472531619993   0.0297590338531815   -0.00152898138520861   0
0.493439523711316   0.107003808449279   -0.0724834380121862   0.0182565552872797   0
0.493439523711316   0.107003808449279   -0.0724834380121862   0.0182565552872797   0
0.513477309604037   0.118260665413759   0.0200377858927214   0.0112568569644797   0
0.513477309604037   0.118260665413759   0.0200377858927214   0.0112568569644797   0
0.471149911722172   0.128105717548018   -0.0423273978818655   0.00984505213425896   0
0.471149911722172   0.128105717548018   -0.0423273978818655   0.00984505213425896   0
0.486203467653985   0.126358260713042   0.0150535559318138   -0.00174745683497612   0
0.486203467653985   0.126358260713042   0.0150535559318138   -0.00174745683497612   0
0.4645536122255   0.122892048176174   -0.0216498554284856   -0.00346621253686781   0
0.4645536122255   0.122892048176174   -0.0216498554284856   -0.00346621253686781   0
0.434366996358149   0.143434870855207   -0.0301866158673511   0.0205428226790335   0
0.434366996358149   0.143434870855207   -0.0301866158673511   0.0205428226790335   0
0.445996913600453   0.11036831091782   0.0116299172423044   -0.0330665599373877   0
0.445996913600453   0.11036831091782   0.0116299172423044   -0.0330665599373877   0
0.412919571673879   0.118649467257667   -0.0330773419265737   0.00828115633984754   0
0.412919571673879   0.118649467257667   -0.0330773419265737   0.00828115633984754   0
0.379777216836345   0.142484584317973   -0.0331423548375346   0.0238351170603061   0
0.379777216836345   0.142484584317973   -0.0331423548375346   0.0238351170603061   0
0.405551621512786   0.119055108625036   0.0257744046764413   -0.0234294756929368   0
0.405551621512786   0.119055108625036   0.0257744046764413   -0.0234294756929368   0
0.393182833755163   0.107582400436933   -0.0123687877576232   -0.0114727081881039   0
0.393182833755163   0.107582400436933   -0.0123687877576232   -0.0114727081881039   0
0.412972355586582   0.140201863118394   0.0197895218314189   0.0326194626814615   0
0.412972355586582   0.140201863118394   0.0197895218314189   0.0326194626814615   0
0.486400808148054   0.117416654981645   0.0734284525614723   -0.0227852081367493   0
0.486400808148054   0.117416654981645   0.0734284525614723   -0.0227852081367493   0
0.412572493292178   0.129070583353266   -0.0738283148558757   0.0116539283716217   0
0.412572493292178   0.129070583353266   -0.0738283148558757   0.0116539283716217   0
0.461645781941116   0.0967472112744905   0.0490732886489377   -0.032323372078776   0
0.461645781941116   0.0967472112744905   0.0490732886489377   -0.032323372078776   0
0.425196034998223   0.112687235662171   -0.036449746942893   0.0159400243876802   0
0.425196034998223   0.112687235662171   -0.036449746942893   0.0159400243876802   0
0.455138147060791   0.099593765975082   0.0299421120625678   -0.0130934696870887   0
0.455138147060791   0.099593765975082   0.0299421120625678   -0.0130934696870887   0
0.451704871945037   0.119117403263584   -0.00343327511575364   0.0195236372885025   0
0.451704871945037   0.119117403263584   -0.00343327511575364   0.0195236372885025   0
0.43557180007434   0.111349409236612   -0.0161330718706976   -0.00776799402697244   0
0.43557180007434   0.111349409236612   -0.0161330718706976   -0.00776799402697244   0
0.462640262552507   0.092345760755895   0.0270684624781678   -0.019003648480717   0
0.462640262552507   0.092345760755895   0.0270684624781678   -0.019003648480717   0
0.478105508994306   0.0861465066381829   0.0154652464417983   -0.00619925411771206   0
0.478105508994306   0.0861465066381829   0.0154652464417983   -0.00619925411771206   0
0.451767743368614   0.104561874532905   -0.0263377656256915   0.0184153678947222   0
0.451767743368614   0.104561874532905   -0.0263377656256915   0.0184153678947222   0
0.467374321811639   0.101778103689922   0.0156065784430253   -0.00278377084298312   0
0.467374321811639   0.101778103689922   0.0156065784430253   -0.00278377084298312   0
0.43890306786252   0.0865107681770599   -0.0284712539491198   -0.0152673355128621   0
0.43890306786252   0.0865107681770599   -0.0284712539491198   -0.0152673355128621   0
0.475606769129036   0.081538791275886   0.0367037012665161   -0.00497197690117393   0
0.475606769129036   0.081538791275886   0.0367037012665161   -0.00497197690117393   0
0.467597837789483   0.0987712605848736   -0.00800893133955249   0.0172324693089876   0
0.467597837789483   0.0987712605848736   -0.00800893133955249   0.0172324693089876   0
0.499879966853414   0.113554759622329   0.0322821290639305   0.0147834990374558   0
0.499879966853414   0.113554759622329   0.0322821290639305   0.0147834990374558   0
0.642965335490406   0.186566563709022   0.143085368636992   0.0730118040866925   0
0.642965335490406   0.186566563709022   0.143085368636992   0.0730118040866925   0
0.519809896801552   0.150008574843874   -0.123155438688854   -0.0365579888651483   0
0.519809896801552   0.150008574843874   -0.123155438688854   -0.0365579888651483   0
0.520612194026187   0.160289125774302   0.000802297224635096   0.0102805509304285   0
0.520612194026187   0.160289125774302   0.000802297224635096   0.0102805509304285   0
