0.238045634875836   0.164976804675688   0   0   0
0.197249860444792   0.152109604084522   -0.0407957744310441   -0.0128672005911658   0
0.226642657209008   0.134627589610191   0.029392796764216   -0.017482014474331   0
0.183843917764391   0.124650636093804   -0.0427987394446177   -0.00997695351638676   0
0.246050304623282   0.118962589650108   0.0622063868588917   -0.00568804644369612   0
0.182346815621798   0.103533849912432   -0.0637034890014843   -0.015428739737676   0
0.186410538707875   0.135782920570335   0.00406372308607655   0.0322490706579033   0
0.159092912229584   0.112093544954661   -0.0273176264782909   -0.0236893756156748   0
0.182171564874022   0.132024517531783   0.0230786526444384   0.0199309725771222   0
0.0911408365711551   0.11317532959899   -0.0910307283028669   -0.0188491879327928   0
0.133245568547701   0.125720363065481   0.0421047319765456   0.0125450334664912   0
0.0615275339902389   0.114346214586415   -0.0717180345574618   -0.011374148479066   0
0.0579298674948424   0.105683270337126   -0.00359766649539645   -0.0086629442492894   0
0.0978275226852142   0.106561173821848   0.0398976551903718   0.000877903484721776   0
0.0354549081791562   0.103736323313208   -0.062372614506058   -0.00282485050863913   0
0.0905345701314481   0.0786365801188766   0.0550796619522919   -0.0250997431943318   0
0.0486825557370656   0.0940959850500541   -0.0418520143943825   0.0154594049311775   0
0.112133517466902   0.0815703889547702   0.0634509617298363   -0.0125255960952838   0
0.0632640779845087   0.0789972145656098   -0.0488694394823932   -0.00257317438916038   0
0.0984942878735107   0.08337437890008   0.035230209889002   0.00437716433447013   0
0.0428512124716443   0.057812233506445   -0.0556430754018665   -0.025562145393635   0
0.0658573790900801   0.107898320313664   0.0230061666184359   0.0500860868072188   0
0.0894050786176043   0.047235706458515   0.0235476995275242   -0.0606626138551488   0
0.0737242294501611   0.0713231890887003   -0.0156808491674432   0.0240874826301853   0
0.054959523445987   0.0601807169763081   -0.018764706004174   -0.0111424721123922   0
0.0739541387041327   0.07086162589759   0.0189946152581457   0.0106809089212819   0
0.0604274802060288   0.0589509592279888   -0.0135266584981039   -0.0119106666696012   0
0.122716919195073   0.0687449609784783   0.0622894389890439   0.00979400175048944   0
0.0725386677033705   0.0408838260390035   -0.0501782514917022   -0.0278611349394748   0
0.141859130150653   0.0601092674471458   0.0693204624472829   0.0192254414081423   0
0.145349937360494   0.0602104054500964   0.00349080720984088   0.00010113800295062   0
0.138538724222363   0.05812305363995   -0.00681121313813104   -0.00208735181014646   0
0.219545965721992   0.0748415590297979   0.0810072414996288   0.016718505389848   0
0.149249219965667   0.0618447749892624   -0.0702967457563251   -0.0129967840405355   0
0.207633304811367   0.097665982439806   0.0583840848457001   0.0358212074505436   0
0.159300142317702   0.0859129617247159   -0.0483331624936653   -0.0117530207150901   0
0.184685408135023   0.0806605541470482   0.0253852658173213   -0.00525240757766768   0
0.178348045427361   0.092421791420106   -0.00633736270766197   0.0117612372730578   0
0.156746952708561   0.0891676494518331   -0.0216010927187995   -0.00325414196827287   0
0.221215216701138   0.111965077929839   0.0644682639925769   0.0227974284780062   0
0.174300631296877   0.101416103800691   -0.046914585404261   -0.0105489741291485   0
0.232468727008267   0.134339884181476   0.0581680957113895   0.0329237803807856   0
0.204957440047472   0.114939780803308   -0.0275112869607953   -0.0194001033781684   0
0.205105224121669   0.118016529029911   0.000147784074197244   0.00307674822660253   0
0.203676822422705   0.120495951608263   -0.00142840169896408   0.00247942257835262   0
0.173147549741716   0.0928503490060156   -0.0305292726809888   -0.0276456026022476   0
0.254964242477254   0.105622131993607   0.0818166927355381   0.0127717829875917   0
0.19001392889441   0.0839711932252662   -0.0649503135828438   -0.0216509387683411   0
0.254667681241437   0.128453910590433   0.0646537523470264   0.0444827173651669   0
0.189570118886944   0.0683509984989429   -0.0650975623544929   -0.0601029120914902   0
0.227447516513942   0.105370769616104   0.0378773976269984   0.0370197711171608   0
0.216701859935165   0.079035161343354   -0.0107456565787769   -0.0263356082727497   0
0.249518553078443   0.0940921043317796   0.0328166931432782   0.0150569429884256   0
0.225053944251706   0.0898001244261944   -0.0244646088267374   -0.00429197990558519   0
0.31189062713594   0.110980071579586   0.086836682884234   0.0211799471533914   0
0.287470086618156   0.095975947702849   -0.0244205405177843   -0.0150041238767369   0
0.319691631600459   0.0860568393551057   0.0322215449823032   -0.00991910834774325   0
0.33155254540547   0.102221217790254   0.0118609138050113   0.0161643784351481   0
0.243668236944327   0.105952626722984   -0.0878843084611428   0.00373140893273029   0
0.312256016594232   0.137041762919411   0.068587779649905   0.0310891361964268   0
0.326690679103889   0.126766333614341   0.0144346625096563   -0.0102754293050694   0
0.357258896143959   0.158829343970187   0.0305682170400701   0.0320630103558457   0
0.28105134419691   0.128411007279906   -0.0762075519470488   -0.0304183366902814   0
0.331439598967097   0.156310009388946   0.0503882547701874   0.0278990021090406   0
0.232676716937063   0.138875044442378   -0.0987628820300347   -0.0174349649465682   0
0.309695470734907   0.180786587010071   0.0770187537978442   0.0419115425676929   0
0.267887138373626   0.158657683335066   -0.0418083323612814   -0.0221289036750053   0
0.379354403621798   0.179865687495559   0.111467265248172   0.021208004160493   0
0.272941692184173   0.168583964468333   -0.106412711437625   -0.0112817230272262   0
0.355672714849706   0.195972205022166   0.0827310226655324   0.0273882405538338   0
0.268144070592359   0.178183045700903   -0.0875286442573467   -0.0177891593212636   0
0.29233044046038   0.181109115139362   0.0241863698680214   0.00292606943845877   0
0.342671510792245   0.207690561900992   0.0503410703318651   0.026581446761631   0
0.309933312619938   0.227068291195622   -0.0327381981723077   0.01937772929463   0
0.289540717054113   0.179765668462279   -0.0203925955658246   -0.0473026227333435   0
0.319004981167395   0.211793846764702   0.0294642641132818   0.0320281783024228   0
0.230033905505275   0.193083645009384   -0.0889710756621195   -0.0187102017553173   0
0.336926854239744   0.172716723957134   0.106892948734469   -0.02036692105225   0
0.32322805411774   0.189471185762064   -0.0136988001220041   0.0167544618049293   0
0.278734631662255   0.17019252058173   -0.0444934224554855   -0.0192786651803341   0
0.267810416801307   0.167995202140753   -0.0109242148609475   -0.00219731844097665   0
0.250036718199728   0.172971494020409   -0.0177736986015798   0.0049762918796562   0
0.306584469460555   0.184713749849598   0.0565477512608274   0.0117422558291891   0
0.253663370991734   0.182491216307799   -0.0529210984688211   -0.00222253354179905   0
0.281495038673793   0.21183077914399   0.0278316676820587   0.029339562836191   0
0.186577094130041   0.209479342262047   -0.0949179445437521   -0.00235143688194292   0
0.267392172722688   0.240046646853273   0.0808150785926479   0.0305673045912257   0
0.309166594533126   0.29377856011714   0.0417744218104371   0.0537319132638668   0
0.160611748900664   0.248470904532603   -0.148554845632461   -0.0453076555845368   0
0.219636748829152   0.230236511223242   0.0590249999284878   -0.0182343933093613   0
0.259062439417604   0.225577003865642   0.0394256905884525   -0.00465950735759962   0
0.323204262180188   0.257316808099471   0.064141822762584   0.0317398042338288   0
0.282128631987698   0.259520708251769   -0.0410756301924903   0.00220390015229832   0
0.32381479458618   0.287828110886081   0.041686162598482   0.0283074026343114   0
0.316524992330779   0.296154419140167   -0.0072898022554006   0.00832630825408676   0
0.230501587865268   0.255070152611492   -0.0860234044655112   -0.0410842665286751   0
0.343261266806335   0.292153272061944   0.112759678941067   0.0370831194504512   0
0.20765504022838   0.255247313346781   -0.135606226577955   -0.0369059587151622   0
0.257280415097691   0.274344606072819   0.049625374869311   0.0190972927260372   0
0.278547151926341   0.289276432485434   0.0212667368286503   0.0149318264126158   0
0.254926429190486   0.273754991422531   -0.0236207227358545   -0.0155214410629034   0
0.300827074498849   0.274404845067466   0.0459006453083626   0.000649853644935083   0
0.320539264138046   0.295808269028268   0.0197121896391968   0.0214034239608017   0
0.271740779980805   0.279606231844446   -0.0487984841572412   -0.0162020371838218   0
0.444743542502688   0.35231916133445   0.173002762521883   0.0727129294900039   0
0.304598478673827   0.326767228637206   -0.14014506382886   -0.0255519326972439   0
0.309466752952058   0.37738511271174   0.00486827427823056   0.0506178840745339   0
0.18961016554789   0.331803242710981   -0.119856587404168   -0.0455818700007583   0
0.248934741958972   0.332089049637104   0.0593245764110825   0.000285806926122623   0
0.247686662221122   0.329105112432217   -0.0012480797378504   -0.00298393720488666   0
0.272753913916574   0.348860312156847   0.0250672516954525   0.0197551997246292   0
0.29231054254503   0.360825912308831   0.0195566286284561   0.011965600151984   0
0.263707312758084   0.353814336762323   -0.0286032297869462   -0.00701157554650778   0
0.352670370588755   0.382605807237031   0.0889630578306712   0.0287914704747079   0
0.367893203917713   0.378134866334751   0.0152228333289578   -0.0044709409022799   0
0.283253610834814   0.362763995909875   -0.0846395930828995   -0.0153708704248757   0
0.313775423030613   0.374001721901451   0.0305218121957992   0.0112377259915754   0
0.296985849031136   0.38802565114907   -0.0167895739994764   0.0140239292476195   0
0.283171776610554   0.382859980316972   -0.0138140724205821   -0.00516567083209779   0
0.387642864614333   0.426190432711684   0.104471088003779   0.0433304523947117   0
0.308995032978283   0.412101501831138   -0.0786478316360507   -0.0140889308805462   0
0.399242952088838   0.417297840654909   0.090247919110555   0.0051963388237713   0
0.315181607204914   0.398526851341227   -0.0840613448839242   -0.018770989313682   0
0.352813361486792   0.407704041130009   0.0376317542818789   0.00917718978878179   0
0.357286782241157   0.428045337503798   0.00447342075436469   0.0203412963737887   0
0.334084728164593   0.400059151521997   -0.023202054076564   -0.0279861859818008   0
0.332190226436478   0.407630470185007   -0.00189450172811523   0.00757131866301036   0
0.289080246896174   0.403521104416485   -0.0431099795403039   -0.00410936576852194   0
0.411247870984369   0.434215501727253   0.122167624088195   0.0306943973107676   0
0.298399500343013   0.410100677810449   -0.112848370641356   -0.0241148239168034   0
0.39310876956761   0.452913133897108   0.0947092692245964   0.0428124560866589   0
0.19124031616793   0.491121897325626   -0.201868453399679   0.0382087634285174   0
0.286905905147237   0.503625537917213   0.095665588979307   0.0125036405915876   0
0.1926793835076   0.499495532984847   -0.0942265216396371   -0.00413000493236637   0
0.18359944730584   0.501571059764227   -0.00907993620176004   0.00207552677938017   0
0.267057275032398   0.521561589472816   0.083457827726558   0.0199905297085887   0
0.202151186158509   0.49987576864258   -0.0649060888738894   -0.021685820830236   0
0.165295986144809   0.51312632203703   -0.0368552000136998   0.0132505533944504   0
0.0648014586220874   0.464887984386048   -0.100494527522722   -0.0482383376509822   0
0.184902058512067   0.486221207750035   0.12010059988998   0.0213332233639868   0
0.0804799632324096   0.452968809527941   -0.104422095279658   -0.033252398222094   0
0.153977905041535   0.465863785203682   0.0734979418091255   0.0128949756757413   0
0.179224577362425   0.430822700640879   0.0252466723208903   -0.0350410845628036   0
0.0751631202948627   0.48942632926358   -0.104061457067563   0.0586036286227016   0
0.157303286845158   0.589785388920623   0.0821401665502951   0.100359059657042   0
0.262100859828807   0.554090184463233   0.104797572983649   -0.0356952044573892   0
0.224888676286735   0.493036705576268   -0.0372121835420719   -0.061053478886965   0
0.223179963908053   0.474332619187738   -0.00170871237868195   -0.0187040863885301   0
0.20595310433873   0.510734029296561   -0.0172268595693229   0.0364014101088222   0
0.3252879133291   0.498834871841625   0.119334808990369   -0.0118991574549359   0
0.372827207204625   0.486992636064191   0.0475392938755246   -0.0118422357774333   0
0.336026741169509   0.437988351133338   -0.0368004660351158   -0.0490042849308536   0
0.295259042620628   0.407100490846241   -0.0407676985488804   -0.0308878602870972   0
0.23184569486857   0.418540144564413   -0.0634133477520584   0.0114396537181728   0
0.273537739288841   0.417861818167501   0.0416920444202712   -0.00067832639691201   0
0.220649796755515   0.39989760620095   -0.0528879425333262   -0.0179642119665515   0
0.212033558092133   0.361132744087614   -0.00861623866338168   -0.038764862113336   0
0.205510708401387   0.298757282089073   -0.00652284969074593   -0.0623754619985408   0
0.207737846688489   0.282976827172301   0.00222713828710139   -0.0157804549167717   0
0.142507783128589   0.311108614439556   -0.0652300635598998   0.0281317872672541   0
0.203949164274556   0.32780297432528   0.0614413811459676   0.0166943598857242   0
0.18916896049828   0.290513698597416   -0.014780203776276   -0.0372892757278642   0
0.1316762086344   0.323289004934439   -0.0574927518638806   0.0327753063370239   0
0.213094297617862   0.319130232794544   0.0814180889834623   -0.00415877213989524   0
0.147073969263743   0.372190535175198   -0.0660203283541192   0.0530603023806534   0
0.176720360323874   0.369637125726705   0.0296463910601314   -0.00255340944849258   0
0.184978649457444   0.332382367556554   0.0082582891335698   -0.0372547581701513   0
0.151524840779067   0.364811226869802   -0.0334538086783772   0.0324288593132481   0
0.179840722388034   0.335300576272991   0.0283158816089673   -0.0295106505968106   0
0.141758111203073   0.374374153860146   -0.038082611184961   0.0390735775871545   0
0.20550790984495   0.357029213554717   0.0637497986418765   -0.0173449403054282   0
0.202640661899728   0.327438972550611   -0.00286724794522147   -0.0295902410041061   0
0.156757367621723   0.413603514390896   -0.045883294278005   0.0861645418402845   0
0.186023938537087   0.374505291249002   0.0292665709153639   -0.0390982231418937   0
0.142420911007092   0.372023753000396   -0.0436030275299953   -0.00248153824860581   0
0.198929393997594   0.391341535869246   0.0565084829905021   0.0193177828688491   0
0.23117279823779   0.362183331366865   0.0322434042401961   -0.029158204502381   0
0.283331679979931   0.398574909449278   0.0521588817421409   0.0363915780824133   0
0.159523895868958   0.334319887045327   -0.123807784110973   -0.0642550224039511   0
0.200823450870485   0.359369307340304   0.0412995550015272   0.0250494202949775   0
0.175684549419976   0.380788724552408   -0.0251389014505087   0.0214194172121042   0
0.187343657755073   0.386506947547842   0.0116591083350972   0.00571822299543318   0
0.21005522359563   0.410429774427063   0.0227115658405565   0.0239228268792216   0
0.230882316294341   0.404410442384902   0.020827092698711   -0.00601933204216076   0
0.199234393966654   0.411541030763945   -0.0316479223276865   0.00713058837904218   0
0.225064261205572   0.377104693717951   0.0258298672389179   -0.0344363370459932   0
0.179177069956873   0.395046299353   -0.0458871912486996   0.0179416056350485   0
0.215300896864458   0.368970320833571   0.0361238269075855   -0.026075978519429   0
0.174625826765849   0.383616053075207   -0.0406750700986088   0.014645732241636   0
0.210765792092075   0.386513164967896   0.0361399653262262   0.00289711189268904   0
0.189137358017659   0.390830099097101   -0.0216284340744168   0.00431693412920525   0
0.213336107911905   0.369119549436561   0.0241987498942464   -0.02171054966054   0
0.163705999329446   0.39619332932547   -0.0496301085824593   0.0270737798889083   0
0.214795715974993   0.37244888296381   0.0510897166455476   -0.0237444463616594   0
0.167061907860589   0.388968074610565   -0.0477338081144041   0.0165191916467547   0
0.197486916775517   0.398045046404578   0.0304250089149278   0.00907697179401284   0
0.191950989423368   0.382000012367176   -0.00553592735214886   -0.0160450340374019   0
0.142425022015774   0.367107543168623   -0.0495259674075946   -0.0148924691985527   0
0.253247648108645   0.365554017304557   0.110822626092871   -0.00155352586406665   0
0.212541272731792   0.426756843017777   -0.0407063753768528   0.061202825713221   0
0.321723848487317   0.403542857204164   0.109182575755525   -0.0232139858136138   0
0.27484644181115   0.382926068000078   -0.0468774066761666   -0.0206167892040862   0
0.255317304136559   0.387061722130011   -0.0195291376745916   0.00413565412993372   0
0.209242689113598   0.415385375235154   -0.0460746150229603   0.0283236531051431   0
0.360728185493025   0.446415594992211   0.151485496379426   0.0310302197570569   0
0.323477049055741   0.387715572868179   -0.0372511364372841   -0.0587000221240326   0
0.262106061397385   0.440934841260305   -0.0613709876583551   0.0532192683921259   0
0.364077267460151   0.411549650239494   0.101971206062765   -0.0293851910208104   0
0.278401923471732   0.448416646744409   -0.0856753439884188   0.0368669965049147   0
0.356263605292486   0.409626224662496   0.0778616818207539   -0.0387904220819125   0
0.2852317333678   0.433287150872548   -0.0710318719246852   0.0236609262100513   0
0.329582901219769   0.425484105572993   0.0443511678519686   -0.00780304529955467   0
0.340439259579209   0.364673834052431   0.0108563583594399   -0.0608102715205621   0
0.354124430992328   0.375342435331555   0.0136851714131189   0.0106686012791239   0
0.269677765543787   0.40939013983859   -0.0844466654485404   0.0340477045070347   0
0.280163717216577   0.39630728029302   0.0104859516727893   -0.01308285954557   0
0.289976823771504   0.388525485631895   0.00981310655492751   -0.00778179466112439   0
0.222015751799033   0.439588835525597   -0.0679610719724709   0.0510633498937014   0
0.356242798779091   0.393607913828597   0.134227046980058   -0.045980921697   0
0.293378291779896   0.417678566970464   -0.0628645069991947   0.0240706531418669   0
0.296383934200034   0.41842191564795   0.00300564242013746   0.000743348677486155   0
0.292754973546753   0.406092275061038   -0.00362896065328094   -0.0123296405869114   0
0.299080974543701   0.420555048716871   0.00632600099694819   0.014462773655833   0
0.307412665289249   0.399338457536336   0.00833169074554818   -0.0212165911805353   0
0.281586753785916   0.429732455907452   -0.0258259115033334   0.0303939983711158   0
0.314694014287466   0.397129285083007   0.0331072605015503   -0.032603170824445   0
0.270255947170992   0.431424926985855   -0.0444380671164742   0.0342956419028479   0
0.24773430553577   0.414614044510373   -0.0225216416352224   -0.0168108824754811   0
0.253848013183795   0.406782269855266   0.00611370764802519   -0.00783177465510743   0
0.270208518933453   0.361754221597283   0.0163605057496579   -0.0450280482579832   0
0.285933696956567   0.39310914653994   0.0157251780231146   0.0313549249426571   0
0.273810023882691   0.376777434054327   -0.0121236730738758   -0.0163317124856133   0
0.236663743626374   0.416287054082276   -0.0371462802563176   0.0395096200279496   0
0.27398792575068   0.400748397567667   0.0373241821243059   -0.0155386565146098   0
0.224272324404551   0.412217687290041   -0.0497156013461291   0.0114692897223744   0
0.272393683519442   0.404228026423824   0.0481213591148915   -0.00798966086621666   0
0.226920246695816   0.37116887236607   -0.0454734368236261   -0.0330591540577542   0
0.37472462002217   0.427535034400983   0.147804373326354   0.0563661620349133   0
0.303432087032667   0.448613993524778   -0.0712925329895034   0.0210789591237951   0
0.300780138187763   0.442508381051139   -0.00265194884490366   -0.00610561247363944   0
0.319840142249859   0.415920311501494   0.0190600040620956   -0.0265880695496448   0
0.265801622681202   0.42132599314456   -0.054038519568657   0.00540568164306598   0
0.33078867273486   0.413806782478852   0.0649870500536576   -0.00751921066570815   0
0.308892054314141   0.424870778930194   -0.0218966184207189   0.0110639964513422   0
0.281082911819627   0.490791216557764   -0.027809142494514   0.0659204376275698   0
0.314788996338833   0.438734229642787   0.0337060845192066   -0.0520569869149767   0
0.254758893138198   0.464671763020952   -0.0600301032006349   0.025937533378165   0
0.304179492217687   0.431050257503113   0.0494205990794888   -0.0336215055178393   0
0.325227863317398   0.464524682705343   0.0210483710997106   0.0334744252022305   0
0.384314256385318   0.420708944852317   0.0590863930679203   -0.0438157378530264   0
0.285995869498145   0.453517745278231   -0.098318386887173   0.0328088004259134   0
0.356379803146867   0.436501861893509   0.0703839336487224   -0.0170158833847215   0
0.257024155117763   0.446329814808791   -0.0993556480291042   0.00982795291528238   0
0.292527217280717   0.451172917895401   0.0355030621629541   0.00484310308660929   0
0.263067099090707   0.430010568748025   -0.02946011819001   -0.0211623491473756   0
0.172143964068131   0.473638816927255   -0.0909231350225762   0.0436282481792301   0
0.282808675871604   0.399399818807545   0.110664711803473   -0.0742389981197099   0
0.20461962696242   0.398020778284878   -0.0781890489091838   -0.0013790405226673   0
0.244050224599692   0.391700388615138   0.0394305976372716   -0.00632038966974013   0
0.19704899697253   0.427573483051744   -0.0470012276271621   0.0358730944366061   0
0.244295422713177   0.39479391079714   0.0472464257406477   -0.0327795722546041   0
0.181706868133623   0.418950255721667   -0.062588554579554   0.024156344924527   0
0.259260503340482   0.380414215201338   0.0775536352068585   -0.0385360405203287   0
0.165294438841904   0.389034820070453   -0.0939660644985777   0.0086206048691152   0
0.233987355611366   0.399889191542482   0.0686929167694621   0.0108543714720289   0
0.195006832677345   0.418740628547374   -0.0389805229340214   0.018851437004892   0
0.212238310126165   0.391207794984328   0.0172314774488196   -0.0275328335630462   0
0.201881779874906   0.432776164494707   -0.0103565302512586   0.0415683695103793   0
0.190489981625203   0.416431588076001   -0.0113917982497034   -0.0163445764187065   0
0.196240692694278   0.39623252797095   0.00575071106907532   -0.0201990601050504   0
0.203866325069272   0.397892471736083   0.00762563237499392   0.00165994376513307   0
0.185420664347019   0.443072919269786   -0.0184456607222525   0.0451804475337023   0
0.214045252418828   0.421317314879474   0.0286245880718092   -0.0217556043903116   0
0.18756515614807   0.447718087308018   -0.0264800962707582   0.0264007724285438   0
0.233480373569172   0.418640409184899   0.0459152174211014   -0.0290776781231186   0
0.181292414980467   0.458090058232549   -0.0521879585887043   0.0394496490476494   0
0.221239175164007   0.425916820864415   0.0399467601835392   -0.032173237368134   0
0.190051250933005   0.445193569932226   -0.0311879242310017   0.0192767490678113   0
0.255979042776943   0.433558230709844   0.0659277918439381   -0.0116353392223826   0
0.204982685770482   0.467361796644473   -0.0509963570064614   0.0338035659346297   0
0.251654465429664   0.451707215622576   0.0466717796591825   -0.0156545810218977   0
0.183226800665787   0.454637759594108   -0.0684276647638772   0.00293054397153253   0
0.255555257786041   0.429963835600449   0.0723284571202544   -0.0246739239936591   0
0.19109697381   0.44324781564662   -0.0644582839760408   0.0132839800461709   0
0.235782718483968   0.424436919964263   0.0446857446739674   -0.0188108956823572   0
0.197632518851934   0.440004137217197   -0.0381501996320339   0.0155672172529344   0
0.208829486263051   0.435049839299189   0.0111969674111175   -0.00495429791800828   0
0.212609848276697   0.426541275132314   0.00378036201364526   -0.00850856416687529   0
0.230083545749886   0.44556006590526   0.0174736974731896   0.0190187907729469   0
0.275114391383384   0.39061922224335   0.0450308456334981   -0.05494084366191   0
0.541952719305845   0.435636844607409   0.266838327922461   0.0450176223640588   0
0.456247197991396   0.43610451335603   -0.0857055213144491   0.000467668748621031   0
0.335184306611691   0.419084824722275   -0.121062891379705   -0.0170196886337552   0
0.362345002697829   0.390532186936301   0.0271606960861385   -0.0285526377859741   0
0.342751339189229   0.403748745377258   -0.0195936635086003   0.0132165584409571   0
0.40493018812136   0.453243538713184   0.0621788489321309   0.0494947933359263   0
0.416687021051772   0.435806929640262   0.0117568329304121   -0.0174366090729222   0
0.313599679070308   0.417763933623404   -0.103087341981464   -0.0180429960168581   0
0.38768970891294   0.409036769862136   0.0740900298426321   -0.00872716376126809   0
0.332954021328411   0.417857894555972   -0.0547356875845288   0.00882112469383622   0
0.346498892157551   0.403907092108136   0.0135448708291397   -0.0139508024478366   0
0.304442976708217   0.430773039434341   -0.0420559154493337   0.026865947326205   0
0.316473203292554   0.40167137419444   0.0120302265843366   -0.0291016652399005   0
