0.122788862865159   0.416954818485768   0   0   0
0.120909809843716   0.419259011128562   -0.00187905302144319   0.00230419264279408   0
0.142782610310754   0.409507545177131   0.0218728004670374   -0.00975146595143134   0
0.144807051453875   0.409041737511284   0.00202444114312128   -0.000465807665847306   0
0.15053718696315   0.410519610139394   0.00573013550927526   0.00147787262811022   0
0.216298726028426   0.496986280576486   0.0657615390652757   0.0864666704370923   1
0.0858915656503594   0.248802917382032   -0.130407160378066   -0.248183363194455   1
0.0589411914614898   0.239333387145969   -0.0269503741888696   -0.00946953023606203   0
0.0521908858717688   0.196782378055411   -0.00675030558972098   -0.0425510090905589   0
0.041635319402882   0.162552148454004   -0.0105555664688869   -0.0342302296014067   0
0.0443425187409331   0.144192537625634   0.00270719933805108   -0.0183596108283694   0
0.0541478219142746   0.137180661893814   0.00980530317334157   -0.00701187573182013   0
0.0628718057988635   0.15409191745666   0.00872398388458884   0.0169112555628453   0
0.0642234514671238   0.120599386244012   0.00135164566826029   -0.0334925312126472   0
0.0714344103166674   0.120693591573838   0.00721095884954365   9.42053298258749e-05   0
0.0654673839671328   0.140530032753946   -0.00596702634953458   0.0198364411801072   0
0.0571179725748385   0.13448760441655   -0.00834941139229435   -0.00604242833739529   0
0.0481218764302682   0.119677446214968   -0.00899609614457029   -0.014810158201582   0
0.0385196280497567   0.121646635955644   -0.00960224838051153   0.00196918974067591   0
0.0841635772588713   0.0424236256362952   0.0456439492091147   -0.0792230103193489   0
0.0703870752209523   0.0296104241175648   -0.013776502037919   -0.0128132015187304   0
0.0867622797352628   0.0270894298709963   0.0163752045143105   -0.00252099424656851   0
0.0813192107463544   0.0274357674739563   -0.00544306898890845   0.000346337602960056   0
0.0781690418839197   0.0187727380190664   -0.00315016886243465   -0.00866302945488996   0
0.0956882143428855   0.0315626177609387   0.0175191724589658   0.0127898797418724   0
0.112659639029867   0.0471446793649347   0.0169714246869818   0.015582061603996   0
0.126634174488919   0.0399334838294257   0.0139745354590518   -0.00721119553550906   0
0.105359072624858   0.0779211718747864   -0.0212751018640615   0.0379876880453607   0
0.130202012739089   0.0389413140160935   0.0248429401142319   -0.0389798578586929   0
0.133430445198425   0.0342355326405549   0.00322843245933599   -0.0047057813755386   0
0.119320681403267   0.0510827673458477   -0.0141097637951581   0.0168472347052928   0
0.122671893387402   0.0385895497505801   0.00335121198413425   -0.0124932175952675   0
0.130403371335905   0.0457790942873218   0.00773147794850376   0.00718954453674166   0
0.124361593060317   0.0645998989944063   -0.00604177827558781   0.0188208047070845   0
0.12659069206166   0.0592021827091071   0.00222909900134242   -0.00539771628529924   0
0.111097427442853   0.0638639592550642   -0.0154932646188068   0.00466177654595711   0
0.085988733877119   0.0805149997602465   -0.025108693565734   0.0166510405051823   0
0.0794178546960946   0.0983909142936481   -0.00657087918102441   0.0178759145334016   0
0.094235321369166   0.0887883343055973   0.0148174666730714   -0.00960257998805082   0
0.0956698128605884   0.0998202236723601   0.00143449149142234   0.0110318893667628   0
0.0838516801197209   0.111126598901883   -0.0118181327408675   0.011306375229523   0
0.0751424907564954   0.140151928510634   -0.0087091893632255   0.0290253296087514   0
0.102672839420608   0.135467900391532   0.0275303486641128   -0.00468402811910262   0
0.0747853495503631   0.133771592475056   -0.0278874898702451   -0.00169630791647568   0
0.0930676048765627   0.115673102930154   0.0182822553261996   -0.0180984895449022   0
0.0949635672539322   0.120375110730998   0.00189596237736947   0.00470200780084389   0
0.129426082020818   0.13482225729568   0.0344625147668862   0.014447146564682   0
0.113208523621015   0.17383908149418   -0.0162175583998029   0.0390168241984997   0
0.0822876018460254   0.185845722926948   -0.03092092177499   0.0120066414327686   0
0.155993308655884   0.170132323491158   0.073705706809859   -0.0157133994357903   0
0.187693892356944   0.197703131187268   0.0317005837010594   0.0275708076961098   0
0.0790247660274929   0.22209187274977   -0.108669126329451   0.0243887415625021   0
0.173553729308822   0.225845658397638   0.0945289632813295   0.00375378564786794   0
0.268151074206015   0.248807721889459   0.094597344897193   0.0229620634918214   0
0.262891126398363   0.240748178568915   -0.0052599478076526   -0.00805954332054459   0
0.244016178993197   0.254827396459839   -0.0188749474051658   0.0140792178909244   0
0.22117231825753   0.272481161265784   -0.0228438607356674   0.0176537648059446   0
0.248567096780004   0.28050654447713   0.0273947785224746   0.00802538321134616   0
0.282272951127025   0.332014245204178   0.033705854347021   0.0515077007270481   0
0.269367274560144   0.317293929817843   -0.0129056765668813   -0.0147203153863353   0
0.2585525255428   0.334196144118241   -0.0108147490173445   0.0169022143003983   0
0.283129310459656   0.369035363762743   0.0245767849168561   0.034839219644502   0
0.276545153757935   0.394193299941158   -0.00658415670172036   0.0251579361784153   0
0.225103593471561   0.391599380150812   -0.0514415602863737   -0.00259391979034651   0
0.260413335877869   0.395581710861675   0.0353097424063079   0.00398233071086346   0
0.236590600829809   0.40541496809257   -0.0238227350480604   0.00983325723089534   0
0.232314230889995   0.419462341922073   -0.00427636993981373   0.0140473738295023   0
0.251986128372496   0.412817297097336   0.0196718974825007   -0.00664504482473699   0
0.212069057528084   0.432734993169607   -0.0399170708444115   0.0199176960722715   0
0.200136752293251   0.450865600033147   -0.0119323052348337   0.0181306068635401   0
0.240354604842699   0.446061538123105   0.0402178525494483   -0.00480406191004262   0
0.258192801760622   0.47767298310141   0.0178381969179233   0.0316114449783054   0
0.239587710047907   0.437260575132266   -0.0186050917127152   -0.0404124079691443   0
0.262383221439558   0.466592459817183   0.0227955113916507   0.0293318846849175   0
0.244840414151749   0.52091115328288   -0.0175428072878087   0.0543186934656966   0
0.267352572046726   0.521778499758279   0.0225121578949772   0.000867346475398656   0
0.243314470519121   0.52389504392149   -0.0240381015276057   0.0021165441632115   0
0.24489596984434   0.521391146224694   0.00158149932521964   -0.00250389769679649   0
0.205041002741622   0.527458236606464   -0.0398549671027178   0.00606709038176989   0
0.211237515589348   0.517416902836098   0.00619651284772549   -0.0100413337703655   0
0.184243277573701   0.518730658123751   -0.0269942380156464   0.0013137552876531   0
0.199257808774186   0.516922719128788   0.0150145312004843   -0.0018079389949629   0
0.152286636044139   0.465964647578279   -0.046971172730047   -0.050958071550509   0
0.225676605367061   0.482376833346348   0.0733899693229218   0.0164121857680684   0
0.202829411264146   0.500817493167671   -0.0228471941029148   0.0184406598213234   0
0.194063561472111   0.515361425157627   -0.00876584979203435   0.0145439319899557   0
0.186775229509965   0.553314136571848   -0.00728833196214676   0.0379527114142217   0
0.22257947907433   0.538437662931142   0.035804249564365   -0.0148764736407064   0
0.218874553454713   0.538168877056728   -0.00370492561961677   -0.000268785874413591   0
0.239785609303394   0.589804767876837   0.0209110558486812   0.051635890820109   0
0.235171244683528   0.613714284496662   -0.00461436461986572   0.0239095166198249   0
0.267937935660481   0.663071058914691   0.0327666909769525   0.0493567744180291   0
0.186051541557709   0.671764422665602   -0.0818863941027717   0.00869336375091112   0
0.15503217438178   0.645905767787376   -0.0310193671759297   -0.0258586548782264   0
0.161112117090987   0.63426164652886   0.00607994270920773   -0.0116441212585165   0
0.169836615978563   0.637975150391063   0.00872449888757607   0.00371350386220393   0
0.175535224428888   0.630481677653086   0.00569860845032444   -0.0074934727379774   0
0.218158164967765   0.643631527414755   0.0426229405388771   0.0131498497616686   0
0.195558657755876   0.655967898510476   -0.0225995072118884   0.0123363710957213   0
0.302274613492433   0.684215575428717   0.106715955736557   0.0282476769182409   0
0.692476245973824   0.512369011090152   0.390201632481391   -0.171846564338565   1
0.661360367497932   0.370162031468315   -0.0311158784758919   -0.142206979621836   0
0.50222657911146   0.387581189277163   -0.159133788386472   0.0174191578088477   0
0.497763790699966   0.430893860847715   -0.00446278841149395   0.0433126715705521   0
0.561778339516575   0.492364240688233   0.0640145488166084   0.0614703798405177   0
0.528581542040582   0.386467706617901   -0.0331967974759925   -0.105896534070332   0
0.519097952460805   0.427354169261281   -0.00948358957977757   0.0408864626433804   0
0.534685551394462   0.444973337877956   0.0155875989336572   0.017619168616675   0
0.534030442774567   0.447847596805264   -0.000655108619895151   0.00287425892730719   0
0.55498501963026   0.478136634895821   0.020954576855693   0.0302890380905577   0
0.567644439779868   0.513976335169724   0.012659420149608   0.0358397002739023   0
0.564950348839613   0.515127803059105   -0.00269409094025519   0.00115146788938136   0
0.53270041373928   0.536818067086047   -0.0322499351003328   0.0216902640269423   0
0.549009323735035   0.517581686526871   0.0163089099957547   -0.0192363805591764   0
0.549760113216883   0.544764851042402   0.000750789481848368   0.0271831645155307   0
0.551122235720897   0.545872612871126   0.00136212250401402   0.00110776182872419   0
0.554384396337054   0.545850561958811   0.00326216061615725   -2.20509123146639e-05   0
0.531134551332334   0.561334760789629   -0.02324984500472   0.0154841988308179   0
0.528551434364717   0.570000048240568   -0.00258311696761704   0.0086652874509392   0
0.524289571794061   0.557340568463529   -0.00426186257065608   -0.0126594797770387   0
0.51803888414481   0.599331694432432   -0.00625068764925096   0.0419911259689025   0
0.520109150687622   0.631440422222873   0.00207026654281228   0.032108727790441   0
0.49263695043206   0.598597435894786   -0.0274722002555624   -0.0328429863280869   0
0.503107192321875   0.66982171442281   0.0104702418898148   0.0712242785280239   0
0.485388126992204   0.682425773561023   -0.0177190653296708   0.0126040591382125   0
0.480836759191558   0.695858203892144   -0.00455136780064647   0.0134324303311211   0
0.573015377026655   0.593268909103191   0.0921786178350977   -0.102589294788953   0
0.57411352064988   0.614570656086629   0.00109814362322458   0.0213017469834387   0
0.58941287694281   0.728257871029007   0.01529935629293   0.113687214942378   0
0.581161138154471   0.758418869294503   -0.00825173878833907   0.0301609982654957   0
0.569415740706208   0.741704316445604   -0.0117453974482623   -0.0167145528488994   0
0.579855319069335   0.758204508468032   0.0104395783631263   0.0165001920224284   0
0.613258311945301   0.746132860148997   0.0334029928759662   -0.0120716483190352   0
0.610764349232173   0.766676868914969   -0.00249396271312763   0.0205440087659718   0
0.600570434323902   0.743954385571322   -0.0101939149082715   -0.0227224833436471   0
0.611322550717704   0.760004485304528   0.0107521163938025   0.0160500997332061   0
0.592183781239405   0.757998702191673   -0.0191387694782988   -0.00200578311285515   0
0.611767858820648   0.786027015941564   0.0195840775812423   0.0280283137498917   0
0.598591065123762   0.767778219583014   -0.0131767936968855   -0.0182487963585505   0
0.591046623386007   0.742717446850584   -0.00754444173775548   -0.0250607727324297   0
0.61160359385553   0.763660313654081   0.0205569704695232   0.0209428668034974   0
0.60762260702018   0.754508812586043   -0.00398098683535009   -0.00915150106803886   0
0.606007017171419   0.785228294801104   -0.0016155898487612   0.0307194822150616   0
0.844538828475044   0.74421947867165   0.238531811303626   -0.0410088161294544   0
0.627554845499579   0.612586535227473   -0.216983982975466   -0.131632943444177   0
0.695841258416027   0.701725613598962   0.0682864129164483   0.0891390783714894   0
0.694781241682589   0.749058445360741   -0.00106001673343814   0.0473328317617786   0
0.693810546982388   0.761015155179744   -0.000970694700201169   0.0119567098190032   0
0.698317689790256   0.776709534577277   0.00450714280786824   0.0156943793975327   0
0.705459425660328   0.789408767253221   0.00714173587007227   0.0126992326759441   0
0.707329927241171   0.826790850635153   0.00187050158084257   0.0373820833819323   0
0.705559505163101   0.828139219112493   -0.00177042207806966   0.0013483684773401   0
0.694140034130643   0.827931125020675   -0.0114194710324582   -0.000208094091818434   0
0.568332505032045   0.861122329807444   -0.125807529098597   0.033191204786769   0
0.563480274676497   0.796769226002249   -0.00485223035554894   -0.064353103805195   0
0.572871115769186   0.808575320449185   0.00939084109268951   0.0118060944469364   0
0.736351715567364   0.858615273685574   0.163480599798178   0.0500399532363885   0
0.733338996102076   0.883458471883319   -0.00301271946528825   0.0248431981977458   0
0.727421210273663   0.878978082731932   -0.00591778582841307   -0.00448038915138782   0
0.74807311365267   0.89784469324558   0.0206519033790071   0.0188666105136486   0
0.751944543721809   0.915746234293163   0.00387143006913959   0.0179015410475823   0
0.737586554792724   0.904763122325566   -0.0143579889290855   -0.0109831119675963   0
0.734676847579261   0.884519486421782   -0.00290970721346329   -0.0202436359037845   0
0.728607857515962   0.896089536609378   -0.00606899006329886   0.0115700501875964   0
0.750828937238703   0.905974528850017   0.0222210797227411   0.00988499224063855   0
0.714455141357384   0.901082210192255   -0.0363737958813185   -0.00489231865776141   0
0.725409816853894   0.887878458186164   0.0109546754965096   -0.0132037520060911   0
0.736979788613636   0.899845429817462   0.0115699717597423   0.0119669716312976   0
0.723328734602048   0.907736200180963   -0.0136510540115884   0.00789077036350083   0
0.737098950592795   0.921435891869581   0.0137702159907475   0.0136996916886184   0
1.12879276888896   0.822557869460259   0.391693818296162   -0.0988780224093222   1
0.788939759289009   0.711750225020864   -0.339853009599948   -0.110807644439395   0
0.788309392881374   0.752653755080814   -0.000630366407635585   0.0409035300599504   0
0.762854938515836   0.752229086384759   -0.0254544543655376   -0.000424668696054509   0
0.693713098629397   0.747067763125608   -0.0691418398864387   -0.0051613232591512   0
0.675300265370154   0.773727758355612   -0.0184128332592436   0.0266599952300034   0
0.615726893127952   0.809873396988999   -0.059573372242202   0.0361456386333868   0
0.739453882756727   0.844110544852539   0.123726989628776   0.0342371478635404   0
0.856932475333384   0.95414328833999   0.117478592576656   0.110032743487451   0
0.855687452333502   0.985623068433871   -0.00124502299988116   0.0314797800938813   0
0.875231064596658   1.0113494767916   0.0195436122631559   0.025726408357727   0
0.860352065597567   1.01882286770628   -0.0148789989990915   0.00747339091468247   0
0.853372947277449   1.02777813397539   -0.00697911832011766   0.00895526626911147   0
0.800668398882459   1.00364885055449   -0.0527045483949904   -0.0241292834209008   0
0.806496352009109   1.02657301032211   0.00582795312664985   0.0229241597676202   0
0.817790778716048   1.03852233129905   0.0112944267069394   0.0119493209769375   0
0.831289693236359   1.03063867124321   0.013498914520311   -0.00788366005584384   0
0.819588731795405   1.03184881933156   -0.0117009614409541   0.00121014808835729   0
0.794577434581426   1.03541311236156   -0.0250112972139791   0.00356429302999617   0
0.784814616796859   1.03775488193151   -0.00976281778456711   0.0023417695699548   0
0.806607963269022   1.04763276969855   0.0217933464721632   0.0098778877670338   0
0.800872719259434   1.04874587835007   -0.00573524400958814   0.00111310865151792   0
0.786074759697193   1.05974120158898   -0.0147979595622406   0.0109953232389122   0
0.779218280644775   1.0614433200454   -0.00685647905241782   0.00170211845642187   0
0.788480061164517   1.07641047348642   0.00926178051974125   0.0149671534410165   0
0.471379323979362   0.525729577633609   -0.317100737185155   -0.550680895852807   1
0.492413195129862   0.635116972736125   0.0210338711505008   0.109387395102517   0
0.471860817854163   0.676972726887871   -0.020552377275699   0.0418557541517458   0
0.478747973766992   0.717655671792713   0.00688715591282812   0.0406829449048418   0
0.564158328999936   0.776341954619226   0.0854103552329444   0.0586862828265128   0
0.692422354631911   0.881409600290637   0.128264025631975   0.105067645671411   0
0.69812080288801   0.951592349794543   0.00569844825609922   0.0701827495039065   0
0.659298857230922   0.945165555377601   -0.0388219456570879   -0.00642679441694183   0
0.626616986850022   0.938880049214222   -0.0326818703809008   -0.00628550616337931   0
0.646312148326178   0.953493060872102   0.0196951614761568   0.01461301165788   0
0.654052665038527   0.963040128065804   0.00774051671234899   0.0095470671937018   0
0.684553106103537   0.952010871319887   0.0305004410650094   -0.0110292567459171   0
0.720965733250895   0.944890548581818   0.0364126271473578   -0.00712032273806829   0
0.728146317006411   0.992377011964833   0.007180583755516   0.0474864633830143   0
0.683541842921119   0.983537268731719   -0.0446044740852913   -0.00883974323311354   0
0.641540451677055   0.963167954929461   -0.042001391244064   -0.0203693138022585   0
0.600626372233188   0.944154751809787   -0.0409140794438673   -0.019013203119674   0
0.593062942544044   0.944366329666221   -0.00756342968914392   0.000211577856434664   0
0.596933605850768   0.944810816755397   0.00387066330672392   0.000444487089175438   0
0.600237470294883   0.95031586659818   0.00330386444411457   0.00550504984278322   0
0.510711673751286   0.873654865651334   -0.0895257965435966   -0.0766610009468461   0
0.544193937462556   0.896904421429201   0.0334822637112698   0.023249555777867   0
0.513901167770185   0.883101021738878   -0.0302927696923705   -0.0138033996903231   0
0.560662631438016   0.885149044340133   0.0467614636678303   0.00204802260125481   0
0.570690417548779   0.895662256927939   0.0100277861107637   0.0105132125878066   0
0.675056175021013   0.982425739967149   0.104365757472233   0.0867634830392098   0
0.764312628625224   0.971620338443725   0.0892564536042116   -0.0108054015234236   0
0.746612721488859   0.98863559773154   -0.0176999071363656   0.0170152592878148   0
0.756056346220968   0.988458820432344   0.00944362473210925   -0.000176777299196518   0
0.736518165394446   1.02894510144917   -0.0195381808265221   0.0404862810168298   0
1.11845988402803   0.917896052759924   0.381941718633587   -0.111049048689249   1
1.27076885414815   0.854896716602801   0.152308970120117   -0.0629993361571234   0
0.964183440357176   0.808433369942755   -0.306585413790973   -0.0464633466600456   0
0.884488987579834   0.837850973428598   -0.0796944527773417   0.0294176034858429   0
0.914237671688276   0.892860852162306   0.0297486841084417   0.0550098787337081   0
0.960803748328971   0.977702393845131   0.0465660766406948   0.0848415416828247   0
1.0108546393493   1.05208093072919   0.0500508910203276   0.0743785368840594   0
1.03957085727188   1.06184087855479   0.0287162179225859   0.00975994782559564   0
1.00757958519712   1.06895104428044   -0.0319912720747644   0.00711016572565715   0
0.97251895884142   1.066292563891   -0.0350606263556996   -0.00265848038943961   0
0.974533543895232   1.0941604312273   0.00201458505381169   0.0278678673362913   0
0.967283427421353   1.09511021496537   -0.00725011647387885   0.000949783738075416   0
0.960001830685754   1.08936622534125   -0.00728159673559869   -0.00574398962411737   0
0.937734446347152   1.1112603918666   -0.0222673843386022   0.0218941665253429   0
0.930505127436706   1.12100554494447   -0.00722931891044654   0.00974515307787471   0
0.917044496362636   1.13602476876662   -0.01346063107407   0.0150192238221483   0
0.939121555251502   1.12260566620753   0.0220770588888664   -0.01341910255909   0
0.947567722257359   1.13527577578016   0.00844616700585732   0.0126701095726336   0
0.91482392871798   1.13794321151014   -0.0327437935393792   0.00266743572997252   0
0.875329964288325   1.13786389339235   -0.0394939644296554   -7.93181177840552e-05   0
0.940816092931025   1.16854872621941   0.0654861286427006   0.0306848328270564   0
0.930707097526392   1.16498521011352   -0.0101089954046338   -0.00356351610588379   0
0.827566579864726   1.1611723589163   -0.103140517661666   -0.0038128511972213   0
0.888420899634289   1.14736733506558   0.0608543197695632   -0.0138050238507184   0
0.907196901929234   1.13932747959147   0.0187760022949446   -0.00803985547411479   0
0.926240217303265   1.17678636184568   0.0190433153740315   0.0374588822542141   0
0.882870257098403   1.18145794935093   -0.0433699602048626   0.00467158750524477   0
0.891632730041916   1.18557752489715   0.00876247294351307   0.00411957554622089   0
0.899123578180441   1.17171960730085   0.0074908481385253   -0.0138579175963023   0
0.922182308185318   1.14032630875881   0.0230587300048766   -0.0313932985420335   0
0.890752866225532   1.16808846108557   -0.0314294419597859   0.0277621523267548   0
0.875464659862978   1.17963168493359   -0.0152882063625536   0.0115432238480175   0
0.864352903194638   1.21209823997985   -0.0111117566683397   0.0324665550462644   0
0.878495456863608   1.21800189512045   0.0141425536689699   0.00590365514059665   0
0.917945818092767   1.24843859066686   0.039450361229159   0.0304366955464113   0
0.934172639023965   1.26252472683389   0.0162268209311981   0.0140861361670366   0
0.942294044864977   1.27123434655584   0.00812140584101195   0.00870961972194428   0
0.942684926209176   1.26906805681029   0.000390881344198846   -0.002166289745547   0
0.924709131457563   1.24240415699904   -0.0179757947516135   -0.0266638998112498   0
0.925724458160202   1.25361917616515   0.00101532670263949   0.0112150191661124   0
0.932190186893748   1.24734742229922   0.00646572873354545   -0.00627175386593781   0
0.917337443736491   1.23487788232612   -0.0148527431572566   -0.0124695399730934   0
0.876087074027462   1.24661235041903   -0.0412503697090288   0.0117344680929037   0
0.918947331488046   1.25724073427218   0.0428602574605834   0.0106283838531529   0
0.922211263191358   1.2652237936387   0.00326393170331218   0.00798305936651889   0
0.91460037979546   1.278819150946   -0.00761088339589766   0.0135953573073022   0
0.913714169143174   1.2937081148587   -0.000886210652286556   0.0148889639126988   0
0.929059977123651   1.30268752716883   0.0153458079804778   0.00897941231013388   0
0.928381053773718   1.28063508923395   -0.000678923349932914   -0.0220524379348821   0
0.921351288369968   1.28526243270159   -0.00702976540375055   0.00462734346763516   0
0.915458312725926   1.29367881766496   -0.00589297564404156   0.00841638496337005   0
0.671717401112253   1.07215707582017   -0.243740911613673   -0.22152174184479   1
0.58866634916788   0.501989770957786   -0.0830510519443737   -0.570167304862381   1
0.485018813393501   0.510873871494961   -0.103647535774378   0.00888410053717537   1
0.515473662398924   0.623112374214315   0.0304548490054228   0.112238502719354   0
0.535532578573526   0.67159763520448   0.020058916174602   0.0484852609901656   0
0.568198243083838   0.705426176210878   0.0326656645103117   0.0338285410063975   0
0.588327586160542   0.732737993870251   0.0201293430767041   0.0273118176593733   0
0.681773271574942   0.779847109640088   0.0934456854144005   0.0471091157698372   0
0.837625494510524   0.821268096245221   0.155852222935582   0.041420986605133   0
0.845037213991195   0.856541875302953   0.00741171948067054   0.0352737790577321   0
0.853033475597529   0.881296540131924   0.00799626160633438   0.0247546648289706   0
0.835926531802287   0.863800009012648   -0.017106943795242   -0.0174965311192764   0
0.851381843876765   0.893384415480956   0.0154553120744779   0.0295844064683087   0
0.84504871529516   0.906492543170792   -0.00633312858160506   0.0131081276898355   0
0.760738364051663   0.864864672272634   -0.0843103512434972   -0.0416278708981582   0
0.783067612764696   0.874574958589171   0.0223292487130334   0.00971028631653736   0
0.843180715586522   0.877752818664514   0.0601131028218264   0.00317786007534349   0
0.892920936303433   0.900127185298556   0.0497402207169109   0.0223743666340411   0
0.802323372513228   0.824938518025434   -0.0905975637902053   -0.0751886672731211   0
0.790854655451304   0.822170384468147   -0.0114687170619244   -0.00276813355728778   0
0.838409170418597   0.827408398154896   0.0475545149672935   0.00523801368674892   0
0.866048398437986   0.825065518890621   0.0276392280193887   -0.00234287926427423   0
0.776746582340727   0.809734870321299   -0.0893018160972585   -0.0153306485693228   0
0.727513976221763   0.817248024375862   -0.0492326061189641   0.00751315405456376   0
0.700351826842052   0.842542568887323   -0.0271621493797107   0.0252945445114611   0
0.71082229203156   0.846590814857745   0.0104704651895074   0.0040482459704213   0
0.702087076310339   0.828591614899191   -0.0087352157212206   -0.0179991999585533   0
0.70340450928893   0.842846117258216   0.00131743297859055   0.0142545023590244   0
0.678735999605885   0.837975825607308   -0.0246685096830447   -0.00487029165090747   0
0.716206157796064   0.80399695229584   0.0374701581901786   -0.0339788733114679   0
0.720959382013994   0.826817867285474   0.00475322421793023   0.0228209149896338   0
0.718889429142619   0.811758776985657   -0.00206995287137535   -0.0150590902998171   0
0.719972700099802   0.787351586701424   0.00108327095718386   -0.0244071902842331   0
0.723807405141036   0.842275339333433   0.00383470504123373   0.0549237526320093   0
0.734138996423702   0.865810154551216   0.0103315912826656   0.0235348152177823   0
0.742984395866427   0.868347645412395   0.00884539944272555   0.00253749086117916   0
0.745889648262395   0.858089680416622   0.00290525239596817   -0.010257964995773   0
0.76065755819291   0.889863417695238   0.0147679099305144   0.0317737372786164   0
0.753140935915716   0.898401795119116   -0.0075166222771943   0.00853837742387786   0
