0.0781547935978978   2.8903673486171   0   0   0
0.100758968980047   2.87339685009931   0.0226041753821489   -0.0169704985177992   0
0.0772506912721278   2.88679257970806   -0.0235082777079189   0.0133957296087517   0
0.0576803278149006   2.89312573780266   -0.0195703634572272   0.006333158094598   0
0.0878349862145489   2.91908939908824   0.0301546583996483   0.0259636612855809   0
0.0716478997792427   2.91853626043972   -0.0161870864353063   -0.000553138648512252   0
0.020244226738011   2.92782508593222   -0.0514036730412316   0.0092888254924941   0
0.0495219300541689   2.94263676359632   0.0292777033161579   0.0148116776640981   0
0.0775499268782434   2.93014196367163   0.0280279968240745   -0.0124947999246836   0
0.0334401502187116   2.94608096013498   -0.0441097766595318   0.0159389964633521   0
0.0367437163768936   2.96491291761077   0.00330356615818198   0.0188319574757854   0
0.0395716222994926   2.93756662705398   0.00282790592259899   -0.0273462905567889   0
0.0463961184619673   2.93864660161224   0.00682449616247466   0.00107997455825881   0
0.0382823310744004   2.97454615187511   -0.00811378738756689   0.0358995502628661   0
0.0245846339721969   2.96477646699792   -0.0136976971022034   -0.00976968487718866   0
0.0382327940389726   2.95765172488772   0.0136481600667757   -0.00712474211019964   0
0.0455563432099197   2.9562406687244   0.00732354917094712   -0.00141105616332249   0
0.057607908276642   2.6581944878222   0.0120515650667223   -0.298046180902198   1
0.253824138743264   1.11990409102061   0.196216230466622   -1.53829039680159   1
0.181239469998729   1.27037351469368   -0.072584668744536   0.150469423673078   1
0.12799524470702   0.398465804105324   -0.0532442252917082   -0.87190771058836   1
0.167495899325267   0.445978712016823   0.0395006546182468   0.0475129079114986   1
0.160483049130835   0.593461263440271   -0.00701285019443204   0.147482551423448   0
0.0620676918829402   0.739957614293327   -0.0984153572478948   0.146496350853056   0
0.0498003355913683   0.748449179587815   -0.0122673562915719   0.00849156529448725   0
0.0290767492242513   0.778124111881331   -0.0207235863671169   0.0296749322935161   0
0.0623431182023517   0.864389116724496   0.0332663689781004   0.0862650048431657   0
0.0524271183556754   0.901442845690215   -0.00991599984667629   0.0370537289657185   0
0.0303359865181602   0.9467845132421   -0.0220911318375152   0.0453416675518851   0
0.0481050099513554   0.980143450051197   0.0177690234331951   0.0333589368090966   0
0.0358905596024916   0.988163284753945   -0.0122144503488638   0.00801983470274859   0
0.0507156265110666   0.997697602646489   0.014825066908575   0.009534317892544   0
0.0612190493769709   1.03321494533472   0.0105034228659043   0.035517342688234   0
0.019697634284515   1.06350501181162   -0.0415214150924559   0.0302900664768961   0
0.0689164501902848   1.08193006924803   0.0492188159057698   0.018425057436412   0
0.0358316174824693   1.1071743385353   -0.0330848327078155   0.025244269287269   0
0.0372019712983398   1.12836736358215   0.00137035381587052   0.0211930250468542   0
0.0312935691634176   1.10396348314856   -0.00590840213492224   -0.0244038804335984   0
0.0334107574824951   1.1223542514429   0.00211718831907748   0.0183907682943441   0
0.0835090639831803   1.11834467667425   0.0500983065006852   -0.00400957476864572   0
0.0500001436902935   1.10921855273747   -0.0335089202928867   -0.00912612393678902   0
0.0269744634659783   1.11354339526982   -0.0230256802243152   0.00432484253235188   0
0.0549736244668296   1.1424348600784   0.0279991610008512   0.0288914648085821   0
0.0254658574383919   1.15529426713184   -0.0295077670284377   0.01285940705344   0
0.211236294247485   0.609326135948199   0.185770436809093   -0.545968131183641   1
0.0939899780186297   0.313325826162535   -0.117246316228855   -0.296000309785664   1
0.262310592187601   0.133945887176968   0.168320614168971   -0.179379938985567   0
0.0783413257211033   0.296473732658312   -0.183969266466498   0.162527845481345   0
0.0819384110469565   0.344338562980205   0.00359708532585321   0.0478648303218924   0
0.0861185270241543   0.402068585552953   0.00418011597719785   0.0577300225727483   0
0.116766079458463   0.430020528337279   0.0306475524343083   0.0279519427843257   0
0.153148285958218   0.460466164831294   0.036382206499755   0.0304456364940147   0
0.14731805277063   0.477054697865771   -0.00583023318758805   0.0165885330344779   0
0.13123907937539   0.504874237164566   -0.0160789733952393   0.0278195392987945   0
0.174473632645853   0.550249668716904   0.0432345532704625   0.045375431552338   0
0.121468113149995   0.553784532036071   -0.0530055194958578   0.00353486331916686   0
0.101142394601423   0.554931567601529   -0.0203257185485718   0.0011470355654577   0
0.138151528900262   0.569785973818845   0.0370091342988391   0.0148544062173167   0
0.125060286442379   0.556306450112705   -0.0130912424578828   -0.0134795237061399   0
0.152850541497144   0.556990289199015   0.0277902550547641   0.000683839086309757   0
0.173031731212081   0.562403785743635   0.0201811897149379   0.00541349654461987   0
0.153216082314782   0.576035955441909   -0.0198156488972996   0.0136321696982735   0
0.218753084292542   0.589762362700614   0.0655370019777602   0.013726407258705   0
0.181748731625973   0.60230828694573   -0.0370043526665689   0.0125459242451168   0
0.20068948146881   0.627384200001156   0.0189407498428373   0.0250759130554252   0
0.193781115496557   0.623127460127412   -0.00690836597225336   -0.0042567398737432   0
0.189593867853789   0.462977825892799   -0.00418724764276809   -0.160149634234614   0
0.17724110975702   0.508228519630591   -0.012352758096769   0.0452506937377928   0
0.212939634094478   0.515078976696683   0.0356985243374576   0.006850457066092   0
0.160545091882779   0.518553424471532   -0.0523945422116984   0.00347444777484807   0
0.241964273045506   0.51641525026683   0.0814191811627265   -0.00213817420470175   0
0.192628747859944   0.508279517612485   -0.0493355251855613   -0.00813573265434475   0
0.181552314835422   0.562730515145891   -0.0110764330245228   0.054450997533406   0
0.149337209544875   0.626107732268377   -0.0322151052905462   0.0633772171224863   0
0.164273103937559   0.699275626803496   0.0149358943926834   0.0731678945351188   0
0.238131202614798   0.676164937880019   0.0738580986772393   -0.0231106889234771   0
0.199911809756202   0.72334163758926   -0.0382193928585958   0.0471766997092411   0
0.24484296773524   0.731092212317851   0.0449311579790382   0.00775057472859098   0
0.242031516044832   0.736344227020732   -0.002811451690408   0.00525201470288128   0
0.151301137891458   0.743923681126801   -0.0907303781533744   0.00757945410606842   0
0.236629882802764   0.732718454713548   0.0853287449113063   -0.0112052264132526   0
0.226332749993566   0.736674933617434   -0.0102971328091985   0.00395647890388529   0
0.226858231288397   0.754861010436069   0.000525481294831487   0.018186076818635   0
0.181305535862119   0.749890236143806   -0.0455526954262787   -0.004970774292263   0
0.301588523460708   0.786692506130294   0.120282987598589   0.0368022699864881   0
0.223360714966285   0.809204679616667   -0.078227808494423   0.022512173486373   0
0.345016746308581   0.818616647266985   0.121656031342296   0.00941196765031882   0
0.246354924008269   0.852338659840924   -0.0986618223003123   0.0337220125739387   0
0.326157862199825   0.888211427258741   0.0798029381915559   0.035872767417817   0
0.232759995869866   0.8838913802199   -0.093397866329959   -0.00432004703884092   0
0.300389085759187   0.926077670275253   0.0676290898893207   0.0421862900553528   0
0.30181196790096   0.899637462201904   0.00142288214177316   -0.0264402080733489   0
0.246870501746158   0.900350460116533   -0.0549414661548014   0.000712997914628866   0
0.318398737820111   0.908562569160044   0.0715282360739529   0.00821210904351122   0
0.800536925152544   0.879881436644875   0.482138187332433   -0.0286811325151688   1
0.88844134634348   0.940366275727708   0.0879044211909364   0.0604848390828329   0
0.91643445278992   0.969828049479907   0.0279931064464396   0.0294617737521984   0
0.946591521784365   1.04160137359116   0.030157068994445   0.0717733241112576   0
0.934137455373865   1.09276072778903   -0.0124540664104998   0.0511593541978612   0
0.917182241041163   1.02378663898475   -0.0169552143327024   -0.0689740888042796   0
0.972391558576199   1.09480698821322   0.0552093175350364   0.0710203492284733   0
0.948552417524387   1.13389198763299   -0.0238391410518118   0.0390849994197697   0
0.95870498603149   1.1606757759364   0.0101525685071028   0.026783788303409   0
0.938950420561602   1.15475922697776   -0.019754565469888   -0.00591654895863858   0
0.765630096635444   1.17511574042528   -0.173320323926158   0.020356513447519   0
0.752862568962682   1.21618625550499   -0.012767527672762   0.0410705150797119   0
0.781709622405916   1.16956483806339   0.0288470534432337   -0.0466214174415978   0
0.805699457310231   1.1166432095814   0.0239898349043144   -0.0529216284819927   0
0.692363538279566   1.17389123962252   -0.113335919030665   0.0572480300411216   0
0.7982953857677   1.18641300411155   0.105931847488134   0.0125217644890314   0
0.727058399846257   1.13562710424648   -0.0712369859214423   -0.050785899865071   0
0.888337371885119   1.27923006481291   0.161278972038862   0.143602960566431   0
0.899232032595042   1.25359028055442   0.0108946607099227   -0.0256397842584968   0
0.904210764454969   1.33617416078893   0.0049787318599277   0.0825838802345134   0
0.920346495169618   1.32892383795969   0.0161357307146489   -0.0072503228292442   0
0.864819796726671   1.30887438190738   -0.0555266984429477   -0.0200494560523039   0
0.928361439604942   1.35654368773248   0.0635416428782714   0.0476693058250997   0
0.889041935827866   1.36887469529674   -0.0393195037770756   0.0123310075642578   0
0.877078474756392   1.35351068873476   -0.0119634610714738   -0.0153640065619771   0
0.932581098718369   1.38485421733923   0.0555026239619765   0.0313435286044677   0
0.871425057146052   1.34836390711299   -0.0611560415723169   -0.0364903102262424   0
0.952765936710591   1.38145420347817   0.0813408795645391   0.0330902963651811   0
0.892161776564654   1.37784290516599   -0.0606041601459368   -0.00361129831218032   0
1.01446693664259   1.39858640344036   0.122305160077936   0.020743498274375   0
0.950279518372358   1.39059577632799   -0.0641874182702321   -0.00799062711237131   0
0.993522030018459   1.44914760692709   0.0432425116461014   0.058551830599094   0
0.896274254871242   1.34160847786068   -0.0972477751472173   -0.10753912906641   0
0.97101493752671   1.36578932854458   0.074740682655468   0.0241808506839023   0
0.980013125075884   1.37336145175146   0.00899818754917403   0.00757212320688638   0
1.00148284828997   1.38319035824427   0.0214697232140907   0.00982890649280188   0
0.94999412367972   1.37151496097404   -0.0514887246102541   -0.0116753972702313   0
1.01495680024373   1.39274898543548   0.0649626765640142   0.0212340244614457   0
0.945509066656687   1.37654631945878   -0.0694477335870473   -0.0162026659767058   0
1.06530804306736   1.3977726665167   0.119798976410669   0.0212263470579295   0
0.97789098483062   1.40448889124664   -0.0874170582367363   0.00671622472993771   0
1.01103275833526   1.42236828668575   0.0331417735046381   0.0178793954391065   0
1.00459464123994   1.43243330382474   -0.00643811709531983   0.0100650171389873   0
0.94885448505764   1.4792465468246   -0.0557401561822979   0.0468132429998627   0
0.954724217994914   1.57569128184157   0.00586973293727355   0.096444735016975   0
0.927987669873905   1.53803559289557   -0.0267365481210087   -0.0376556889459998   0
1.02553688110228   1.57243767340049   0.0975492112283786   0.0344020805049112   0
0.931416933786905   1.55519951853256   -0.094119947315379   -0.0172381548679206   0
1.00585582524932   1.6128126186914   0.07443889146242   0.0576131001588345   0
0.973158794644533   1.61308735679544   -0.032697030604792   0.00027473810404488   0
0.938285753890573   1.57898251125334   -0.0348730407539602   -0.0341048455421087   0
1.00641070270591   1.6118865727257   0.0681249488153358   0.0329040614723666   0
0.960023094559709   1.61654408212319   -0.0463876081461992   0.0046575093974861   0
0.915687940273323   0.944727480277381   -0.0443351542863866   -0.671816601845807   1
1.07982964410179   0.315853060185365   0.164141703828468   -0.628874420092016   1
0.871982031832016   1.40050612347432   -0.207847612269775   1.08465306328895   1
0.908299046951498   1.40231924814047   0.0363170151194826   0.00181312466615036   0
1.00262552105242   1.36035244555124   0.0943264741009234   -0.0419668025892248   0
0.951406045589416   1.35825903287628   -0.0512194754630055   -0.00209341267496654   0
0.963240913457734   1.40545519974784   0.0118348678683182   0.0471961668715657   0
1.03365383470725   1.41285969955451   0.0704129212495144   0.00740449980666336   0
0.94550055322776   1.40646671145863   -0.0881532814794888   -0.00639298809587774   0
1.0572309580585   1.44299442064107   0.111730404830738   0.0365277091824385   0
0.940755508389167   1.44104115023938   -0.116475449669331   -0.00195327040168247   0
0.960888843893637   1.45311779847755   0.0201333355044701   0.0120766482381678   0
0.962578448420886   1.43288841643592   0.00168960452724887   -0.0202293820416286   0
0.909848546711484   1.44189819512804   -0.0527299017094017   0.00900977869211639   0
0.991973170881148   1.4688556676248   0.0821246241696643   0.0269574724967607   0
0.896008308745516   1.48479940472215   -0.0959648621356323   0.0159437370973483   0
1.04038715687286   1.51407003114057   0.144378848127347   0.0292706264184182   0
1.10314269441809   1.4852374688751   0.0627555375452249   -0.0288325622654722   0
1.08249579813503   1.54934602821424   -0.0206468962830562   0.0641085593391473   0
1.044206490632   1.49181601417149   -0.0382893075030306   -0.0575300140427566   0
1.08599065715088   1.51950125102811   0.0417841665188785   0.0276852368566267   0
1.010720935967   1.53414227636659   -0.0752697211838842   0.0146410253384728   0
1.04042683229673   1.53686324633757   0.0297058963297305   0.00272096997098314   0
1.01841887006722   1.50426438706017   -0.0220079622295029   -0.0325988592774022   0
0.958760544784254   1.55119234416666   -0.0596583252829692   0.0469279571064911   0
1.08614605246854   1.56894673220548   0.127385507684289   0.0177543880388211   0
0.975185398211027   1.53611940979779   -0.110960654257516   -0.0328273224076925   0
1.0661927304634   1.54120670326769   0.0910073322523723   0.00508729346989978   0
0.976935211322634   1.51822101957307   -0.0892575191407655   -0.0229856836946136   0
1.07776786213823   1.54734285905565   0.100832650815591   0.029121839482573   0
0.976944042979945   1.53560517176657   -0.10082381915828   -0.0117376872890711   0
1.07594302226466   1.54685623956785   0.0989989792847104   0.0112510678012792   0
0.986325456279518   1.54717305111242   -0.0896175659851367   0.000316811544561757   0
1.19513295194008   1.04038321221197   0.208807495660558   -0.506789838900444   1
0.947675010805392   1.31735798119921   -0.247457941134684   0.276974768987236   1
0.989182094307716   1.32964565981665   0.0415070835023242   0.0122876786174411   0
1.02907402669633   1.34976752605078   0.0398919323886141   0.0201218662341345   0
0.966926521765744   1.35502114510411   -0.0621475049305864   0.00525361905332589   0
1.07952126754455   1.39300312244481   0.11259474577881   0.0379819773407049   0
1.01798260042743   1.41233077185525   -0.0615386671171201   0.019327649410438   0
1.07683448113858   1.41484595851324   0.0588518807111489   0.00251518665798911   0
1.01512192032189   1.43659486774003   -0.0617125608166935   0.0217489092267915   0
1.13518134304304   1.47398212832729   0.120059422721151   0.0373872605872587   0
0.991797115416757   1.42059787810705   -0.143384227626283   -0.053384250220242   0
1.03310218767506   1.49002517857317   0.0413050722583054   0.069427300466119   0
0.982556516014728   1.51969388111595   -0.0505456716603346   0.0296687025427793   0
1.02831908395449   1.49970836841034   0.0457625679397616   -0.0199855127056083   0
1.03610797672878   1.48885686187424   0.00778889277428774   -0.0108515065361023   0
0.978848513279251   1.50008389765614   -0.0572594634495261   0.011227035781908   0
1.10150061113147   1.58952251420403   0.122652097852218   0.0894386165478853   0
1.00842833829479   1.63190136584966   -0.0930722728366749   0.0423788516456345   0
1.12292140121025   1.56283423139636   0.11449306291546   -0.0690671344533045   0
1.06843876443856   1.62944307646731   -0.054482636771692   0.0666088450709501   0
1.13450333982893   1.64251011671405   0.0660645753903697   0.0130670402467399   0
1.12995976009989   1.60907839375277   -0.00454357972904185   -0.0334317229612779   0
1.04839108569179   1.63281422027033   -0.0815686744081046   0.0237358265175565   0
1.12322600638518   1.67355479117304   0.0748349206933947   0.0407405709027155   0
1.04763808643348   1.66290690606555   -0.0755879199517013   -0.0106478851074936   0
1.14464327419594   1.72435303948829   0.0970051877624607   0.0614461334227385   0
1.04854458125632   1.70026644620145   -0.096098692939615   -0.024086593286841   0
1.19635901199807   1.72308335669411   0.147814430741747   0.0228169104926648   0
1.06352792422108   1.713000010304   -0.13283108777699   -0.0100833463901135   0
1.16314886394863   1.74372071766044   0.0996209397275545   0.0307207073564442   0
1.06322005964993   1.7241098518126   -0.0999288042987054   -0.0196108658478475   0
1.15599732383124   1.73300716326167   0.0927772641813154   0.00889731144907158   0
1.06690023477127   1.74979358669423   -0.0890970890599707   0.0167864234325608   0
1.19813689061142   1.74580621560957   0.131236655840145   -0.0039873710846603   0
1.06948032691069   1.76532919783004   -0.128656563700728   0.0195229822204719   0
1.11347592144509   1.78476402241508   0.0439955945344019   0.0194348245850389   0
1.12533653448557   1.78764788079371   0.0118606130404799   0.0028838583786337   0
1.11397678393807   1.83813053442791   -0.0113597505475058   0.0504826536342025   0
1.0971995222005   1.93871086927789   -0.0167772617375701   0.10058033484998   0
1.09252172033145   1.9248442493748   -0.00467780186904343   -0.0138666199030908   0
1.19559708077011   1.95234146880329   0.103075360438652   0.0274972194284893   0
1.1075213258177   1.89232325144734   -0.0880757549524045   -0.0600182173559483   0
1.21237696609677   1.86992694710903   0.104855640279065   -0.0223963043383137   0
1.08749619103425   1.91630023604242   -0.124880775062517   0.0463732889333932   0
1.18637586747961   1.91034698451773   0.0988796764453621   -0.00595325152468984   0
1.14382292224409   1.94643897830146   -0.0425529452355253   0.0360919937837303   0
1.1598227428228   1.93636698487044   0.0159998205787129   -0.0100719934310214   0
1.07710269780277   1.94978539751257   -0.0827200450200312   0.0134184126421266   0
1.10788115275692   1.95665683062545   0.0307784549541517   0.00687143311288496   0
1.25680782153239   1.94330933955958   0.148926668775474   -0.0133474910658724   0
1.15215787669008   1.98993989694224   -0.10464994484231   0.0466305573826595   0
1.24459202484429   2.00019397561024   0.092434148154203   0.0102540786679985   0
1.12988226082898   2.01516784913925   -0.114709764015309   0.0149738735290068   0
1.22600413512557   2.04689816554268   0.0961218742965946   0.0317303164034355   0
1.12905833488044   1.99828685703461   -0.0969458002451276   -0.0486113085080753   0
1.22067350974165   2.04086775871889   0.0916151748612068   0.0425809016842784   0
1.11733922394276   2.00999588187402   -0.103334285798895   -0.0308718768448708   0
1.22998209813477   2.00819074381749   0.11264287419201   -0.0018051380565236   0
1.20047455388692   1.99321206568224   -0.0295075442478454   -0.0149786781352546   0
1.30483569386187   1.77745754363131   0.104361139974955   -0.21575452205093   1
1.24210952558299   1.77844305329917   -0.0627261682788851   0.000985509667859708   1
1.20096942640352   1.76762704930355   -0.0411400991794695   -0.0108160039956211   0
1.22713679215481   1.78890522467163   0.0261673657512909   0.02127817536808   0
1.24815768553416   1.81198380463555   0.0210208933793525   0.0230785799639244   0
1.22620612378262   1.85191479560875   -0.0219515617515429   0.0399309909732009   0
1.24545576100237   1.83658040018782   0.0192496372197524   -0.0153343954209313   0
1.17487188470658   1.84583555874955   -0.0705838762957893   0.00925515856172643   0
1.18591639040195   1.8561674073714   0.0110445056953705   0.0103318486218504   0
1.26429482397303   1.88273083724123   0.0783784335710778   0.0265634298698332   0
1.22021488105497   1.86195358965432   -0.0440799429180598   -0.0207772475869117   0
1.17252134315798   1.91692342898448   -0.0476935378969894   0.0549698393301581   0
1.17131600624426   1.93634335082156   -0.00120533691372415   0.0194199218370799   0
1.13263794937924   1.90458670478968   -0.0386780568650229   -0.0317566460318786   0
1.21534440666751   1.94483267779251   0.0827064572882732   0.0402459730028373   0
1.15257678822237   1.94196247389646   -0.0627676184451365   -0.00287020389605686   0
1.1704664235103   1.95497608467259   0.0178896352879305   0.0130136107761294   0
1.19302584318363   1.96034835077334   0.0225594196733223   0.00537226610074915   0
1.16367663684032   1.96094366349922   -0.0293492063433045   0.000595312725887975   0
1.23905926190477   1.95290243192792   0.0753826250644516   -0.00804123157130032   0
1.14908879635736   1.92426657292727   -0.0899704655474149   -0.0286358590006566   0
1.19335345488166   1.95862156234756   0.0442646585243052   0.0343549894202964   0
1.17052399983939   1.95729975832242   -0.0228294550422745   -0.00132180402514526   0
1.13186318850115   1.93930806772963   -0.0386608113382336   -0.0179916905927842   0
1.23661587326583   1.851733944157   0.104752684764671   -0.0875741235726317   0
1.14931175081872   1.95730281298813   -0.0873041224471016   0.105568868831128   0
1.1178803160379   1.90252241303729   -0.0314314347808218   -0.0547803999508365   0
1.20285545832822   1.98520266629915   0.0849751422903211   0.0826802532618545   0
1.26444305923043   1.50577289000898   0.0615876009022036   -0.479429776290168   1
1.19725077368486   1.42391059071216   -0.0671922855455651   -0.0818622992968223   0
1.21979765947841   1.48286646978074   0.0225468857935454   0.0589558790685829   0
1.22205174943658   1.5159009474085   0.00225408995817067   0.0330344776277618   0
1.20125316904015   1.54680003941072   -0.020798580396429   0.0308990920022143   0
1.31603469962802   1.59316349734137   0.114781530587866   0.0463634579306562   0
1.20973731463074   1.60744663335404   -0.106297384997273   0.0142831360126694   0
1.42849785306279   1.59563986962949   0.218760538432047   -0.0118067637245558   0
1.34929531776146   1.58960259750519   -0.0792025353013297   -0.00603727212429717   0
1.38500554648456   1.59397754131166   0.0357102287231019   0.00437494380647152   0
1.31416904671355   1.61746165016216   -0.0708364997710125   0.0234841088505022   0
1.40642357631156   1.63334795161388   0.0922545295980111   0.015886301451713   0
1.34742681292084   1.61874348415353   -0.0589967633907253   -0.0146044674603505   0
1.34938155541418   1.60824139267711   0.00195474249334771   -0.0105020914764204   0
1.3705358424018   1.66502555295016   0.0211542869876129   0.0567841602730572   0
1.30237007178183   1.6154008369948   -0.0681657706199694   -0.049624715955364   0
1.33632704828758   1.63891923125798   0.033956976505755   0.0235183942631807   0
