0.0980826794154809   0.137456182605622   0   0   0
0.210497691859198   0.128875829710206   0.112415012443717   -0.00858035289541528   0
0.278197627767456   0.0727651668318063   0.0676999359082577   -0.0561106628784001   0
0.280712066404011   0.0817516197013246   0.00251443863655526   0.0089864528695183   0
0.185218687024933   0.0680273529753657   -0.0954933793790785   -0.0137242667259588   0
0.140647468619844   0.0681149802964443   -0.0445712184050888   8.76273210786149e-05   0
0.21423207547753   0.0730683930785056   0.0735846068576858   0.00495341278206123   0
0.072120691586465   0.112657848016472   -0.142111383891065   0.0395894549379664   0
0.0762051876594396   0.117262941787329   0.00408449607297459   0.00460509377085726   0
0.0612717978499081   0.112953342899192   -0.0149333898095315   -0.00430959888813701   0
0.100112917944739   0.0866203216301031   0.0388411200948307   -0.0263330212690892   0
0.100211457371151   0.0906189645055051   9.85394264121364e-05   0.00399864287540209   0
0.0967895982126178   0.083097239188375   -0.00342185915853307   -0.00752172531713018   0
0.110185637626342   0.0829097954749769   0.0133960394137244   -0.000187443713398072   0
0.107152243066749   0.0926998185439028   -0.00303339455959349   0.00979002306892586   0
0.128741086296372   0.0471067915316998   0.0215888432296236   -0.045593027012203   0
0.0790129571445621   0.0824110856111148   -0.0497281291518103   0.0353042940794151   0
0.0827347462602624   0.04446691983042   0.00372178911570031   -0.0379441657806948   0
0.0715508387118006   0.0565973231443634   -0.0111839075484618   0.0121304033139434   0
0.0806203678888282   0.038565355681557   0.00906952917702761   -0.0180319674628065   0
0.0792892736988428   0.0309836034567479   -0.00133109418998542   -0.00758175222480909   0
0.0725243165724435   0.0320446167047213   -0.0067649571263993   0.00106101324797336   0
0.0821442384479277   0.0356683365660988   0.00961992187548422   0.00362371986137754   0
0.0744739617099829   0.0386429417728438   -0.00767027673794479   0.00297460520674505   0
0.0894027940910685   0.0362760866797361   0.0149288323810857   -0.00236685509310777   0
0.0869855399341753   0.0541152647007238   -0.0024172541568933   0.0178391780209877   0
0.0866573731963415   0.0537916416219565   -0.000328166737833785   -0.000323623078767293   0
0.0858926492364743   0.0600992284246206   -0.000764723959867208   0.00630758680266413   0
0.0839687085053117   0.0726282290086644   -0.00192394073116259   0.0125290005840438   0
0.0909031839027105   0.0587479933820297   0.0069344753973988   -0.0138802356266347   0
0.0868522364157078   0.0621488283961371   -0.00405094748700267   0.00340083501410748   0
0.0773203568642825   0.079285750172099   -0.00953187955142529   0.0171369217759619   0
0.0639493439394807   0.0745574938530662   -0.0133710129248018   -0.00472825631903287   0
0.0867300949993138   0.0661149194301861   0.0227807510598331   -0.00844257442288006   0
0.0725506979836555   0.0950875961548745   -0.0141793970156583   0.0289726767246884   0
0.0724141940393594   0.0983643817897769   -0.00013650394429611   0.00327678563490245   0
0.0781708351677913   0.0891035475680402   0.00575664112843188   -0.00926083422173675   0
0.0711326705863768   0.0765765391362296   -0.00703816458141449   -0.0125270084318106   0
0.0631647075941938   0.0766743202569478   -0.00796796299218307   9.77811207182738e-05   0
0.0688715058376104   0.0852037819574636   0.00570679824341661   0.00852946170051576   0
0.0716963393550884   0.0821691697938162   0.00282483351747805   -0.00303461216364739   0
0.087895413706632   0.0743636599781271   0.0161990743515436   -0.0078055098156891   0
0.0730563920933685   0.085844586542047   -0.0148390216132635   0.0114809265639199   0
0.0725768038123063   0.099575650057381   -0.000479588281062218   0.013731063515334   0
0.074814486670022   0.100682667543537   0.00223768285771568   0.00110701748615651   0
0.0814573683906496   0.097863141054536   0.0066428817206276   -0.00281952648900154   0
0.0805926784596467   0.104422806083166   -0.000864689931002915   0.00655966502863008   0
0.089559742328515   0.105901309449529   0.00896706386886831   0.00147850336636343   0
0.0760282932540906   0.113783335006417   -0.0135314490744244   0.00788202555688745   0
0.0826658516994775   0.107920332644328   0.00663755844538685   -0.00586300236208849   0
0.0863396481499664   0.0991972466838798   0.00367379645048896   -0.00872308596044866   0
0.0889724855203   0.114506351797368   0.00263283737033361   0.0153091051134878   0
0.0891725979213906   0.130182965820917   0.000200112401090594   0.0156766140235493   0
0.0911891965898373   0.131860499508391   0.0020165986684467   0.00167753368747464   0
0.0944899735143364   0.112214467157604   0.00330077692449911   -0.0196460323507874   0
0.113099765015627   0.104506097480841   0.0186097915012904   -0.00770836967676326   0
0.0935254587397998   0.131106491122618   -0.019574306275827   0.0266003936417768   0
0.0959658960827231   0.128374965536665   0.00244043734292322   -0.00273152558595227   0
0.10144405402181   0.121130184086184   0.00547815793908742   -0.00724478145048099   0
0.10370475319179   0.137516471892243   0.00226069916997913   0.0163862878060585   0
0.0813334935579433   0.136024308776079   -0.0223712596338463   -0.00149216311616412   0
0.108300736880365   0.128576873843686   0.0269672433224215   -0.00744743493239239   0
0.113433732362787   0.13814180341334   0.00513299548242228   0.00956492956965416   0
0.10093998595101   0.135085966586097   -0.0124937464117775   -0.00305583682724386   0
0.104748585042902   0.146403322149542   0.00380859909189213   0.0113173555634452   0
0.142817595695699   0.128235863082736   0.0380690106527969   -0.0181674590668057   0
0.135971856137254   0.123340277956645   -0.00684573955844489   -0.00489558512609084   0
0.129614309650478   0.157142235141448   -0.00635754648677561   0.0338019571848024   0
0.112753068114804   0.156311041920429   -0.0168612415356742   -0.000831193221018905   0
0.0952913883125857   0.176674781756622   -0.0174616798022181   0.0203637398361933   0
0.109087921820246   0.172363577611803   0.0137965335076598   -0.00431120414481903   0
0.0999165112802103   0.169338100942641   -0.00917141054003523   -0.00302547666916211   0
0.0988919055457164   0.177431083471647   -0.00102460573449389   0.008092982529006   0
0.100261368157665   0.18317233591689   0.00136946261194885   0.00574125244524323   0
0.104094604972112   0.180978323499667   0.00383323681444651   -0.00219401241722336   0
0.115183960617006   0.18158131352854   0.0110893556448943   0.000602990028873485   0
0.116392272454403   0.183240271263579   0.00120831183739704   0.0016589577350388   0
0.129300802069051   0.184506660696166   0.0129085296146483   0.0012663894325867   0
0.132531553147845   0.181369379848143   0.00323075107879336   -0.00313728084802259   0
0.124789087712388   0.177568146446653   -0.00774246543545705   -0.00380123340149008   0
0.119776158574501   0.18286627565314   -0.00501292913788633   0.00529812920648653   0
0.121240891962778   0.18634384039592   0.00146473338827657   0.00347756474278019   0
0.132365314925097   0.189974897508855   0.0111244229623186   0.0036310571129354   0
0.126510156635401   0.194617324795995   -0.00585515828969593   0.0046424272871404   0
0.133862116734683   0.198464692700616   0.00735196009928277   0.00384736790462065   0
0.115620494973307   0.205541225883033   -0.0182416217613764   0.00707653318241688   0
0.146850287231759   0.194078011607446   0.0312297922584516   -0.0114632142755869   0
0.118302661364316   0.20331576091206   -0.0285476258674427   0.00923774930461399   0
0.16068461701812   0.185207561873976   0.0423819556538044   -0.0181081990380846   0
0.115557764861439   0.199493702435691   -0.0451268521566814   0.0142861405617154   0
0.181509360189055   0.189773918287189   0.0659515953276158   -0.00971978414850241   0
0.149060420480757   0.195516827902747   -0.032448939708298   0.00574290961555873   0
0.124169845558614   0.206391084098853   -0.0248905749221429   0.0108742561961062   0
0.119146243202461   0.199468730951119   -0.00502360235615272   -0.00692235314773421   0
0.114805361283233   0.212918864170134   -0.00434088191922831   0.0134501332190148   0
0.130441892057881   0.209175098884284   0.0156365307746487   -0.00374376528585005   0
0.112280653387983   0.228657417735026   -0.0181612386698984   0.0194823188507416   0
0.107935259298155   0.231549779348308   -0.00434539408982788   0.0028923616132821   0
0.133813490410347   0.227123020995781   0.0258782311121917   -0.00442675835252668   0
0.149768533555617   0.21645159264242   0.0159550431452702   -0.0106714283533613   0
0.14951040330977   0.218760078504969   -0.000258130245847338   0.00230848586254878   0
0.153164119789721   0.207706204622443   0.00365371647995127   -0.0110538738825259   0
0.137961418404023   0.214946243582925   -0.0152027013856976   0.00724003896048211   0
0.139922887604173   0.224113458331517   0.0019614692001495   0.00916721474859203   0
0.135543402299321   0.220340603987327   -0.00437948530485177   -0.00377285434418989   0
0.144488670590119   0.220898212710493   0.00894526829079817   0.000557608723165653   0
0.159810914210889   0.223370712163457   0.0153222436207693   0.00247249945296454   0
0.14256164589019   0.22137579908495   -0.0172492683206984   -0.00199491307850738   0
0.1553320044505   0.236193994527274   0.0127703585603093   0.0148181954423244   0
0.15916641942712   0.226296908297484   0.00383441497662085   -0.00989708622978985   0
0.171446306177182   0.232086688569428   0.0122798867500615   0.00578978027194341   0
0.18882357087652   0.225312171533902   0.0173772646993376   -0.00677451703552562   0
0.176705117993594   0.23030478602268   -0.0121184528829255   0.00499261448877814   0
0.163260796056494   0.240018316940234   -0.0134443219371005   0.00971353091755359   0
0.199867303444285   0.236374333042576   0.0366065073877916   -0.00364398389765802   0
0.217249694320268   0.224997283732654   0.017382390875983   -0.0113770493099215   0
0.162696529582318   0.23391024269418   -0.0545531647379505   0.00891295896152541   0
0.183209176741505   0.235331858993316   0.0205126471591872   0.00142161629913648   0
0.210645749449164   0.235211938967689   0.0274365727076591   -0.000119920025626774   0
0.214295317399634   0.242277283299369   0.00364956795047022   0.00706534433167921   0
0.201369410320932   0.251767915172069   -0.012925907078702   0.00949063187270022   0
0.210184993701929   0.271406313772745   0.00881558338099692   0.0196383986006767   0
0.212907890727164   0.27366869776403   0.00272289702523476   0.00226238399128459   0
0.222804051836945   0.278352238637199   0.00989616110978084   0.00468354087316852   0
0.234484120515655   0.276721929983427   0.0116800686787097   -0.00163030865377195   0
0.263105321983061   0.283872449466499   0.0286212014674061   0.00715051948307233   0
0.238295806774458   0.293927659872714   -0.0248095152086023   0.0100552104062153   0
0.250169855844005   0.292213435195081   0.0118740490695461   -0.00171422467763288   0
0.26305855299201   0.293885725305075   0.0128886971480052   0.00167229010999365   0
0.261927133064236   0.28612509880879   -0.00113141992777371   -0.00776062649628473   0
0.254271840224198   0.29447492256812   -0.00765529284003819   0.00834982375932924   0
0.256252944501639   0.2898737062524   0.00198110427744097   -0.00460121631571986   0
0.273235544800526   0.28911879992849   0.0169826002988868   -0.000754906323910121   0
0.236076848804706   0.292577491600926   -0.0371586959958196   0.00345869167243656   0
0.221744109508889   0.296045010838301   -0.0143327392958173   0.00346751923737526   0
0.233684550670343   0.29182403063276   0.0119404411614541   -0.00422098020554146   0
0.262655344558225   0.282909829419799   0.0289707938878824   -0.00891420121296049   0
0.266252280632486   0.284200177317133   0.0035969360742607   0.00129034789733384   0
0.26129841739714   0.283988721619473   -0.00495386323534591   -0.00021145569766029   0
0.245812709954652   0.27144910735578   -0.0154857074424878   -0.0125396142636925   0
0.264877294195935   0.26970660877758   0.019064584241283   -0.00174249857820058   0
0.26311668579216   0.278620419676735   -0.00176060840377568   0.00891381089915522   0
0.269570378689425   0.278628952243553   0.00645369289726549   8.53256681770942e-06   0
0.24202147631293   0.275257453127976   -0.0275489023764953   -0.00337149911557666   0
0.23759672831144   0.295356312012288   -0.0044247480014902   0.0200988588843118   0
0.266006837838804   0.290742592219858   0.0284101095273649   -0.00461371979243019   0
0.26522107451332   0.288492730933298   -0.000785763325484523   -0.00224986128655935   0
0.251270370569234   0.302015794509161   -0.0139507039440862   0.013523063575863   0
0.248672318081708   0.2926990265012   -0.00259805248752598   -0.00931676800796166   0
0.264740163804456   0.295285528519008   0.0160678457227479   0.00258650201780852   0
0.26158534350397   0.300355270009717   -0.00315482030048558   0.00506974149070877   0
0.276460448124429   0.312315125000775   0.0148751046204587   0.0119598549910584   0
0.278058988982554   0.314542444887014   0.00159854085812505   0.0022273198862382   0
0.265395240287839   0.307901718006331   -0.0126637486947145   -0.0066407268806829   0
0.275144369145654   0.319442146098867   0.00974912885781481   0.0115404280925365   0
0.291150654485543   0.314803975093232   0.0160062853398888   -0.00463817100563557   0
0.271105740624281   0.310569834826243   -0.0200449138612618   -0.00423414026698843   0
0.274284918115251   0.325119370398781   0.00317917749096996   0.0145495355725381   0
0.286481619825444   0.318059380157621   0.0121967017101925   -0.0070599902411605   0
0.302192616577507   0.316402767086336   0.0157109967520631   -0.00165661307128517   0
0.368463913424856   0.300771865678827   0.0662712968473496   -0.0156309014075084   0
0.33510125276055   0.311017733044199   -0.0333626606643063   0.0102458673653716   0
0.363982928419727   0.303376911831145   0.0288816756591769   -0.00764082121305354   0
0.330901602603689   0.317449970140261   -0.0330813258160374   0.0140730583091155   0
0.3524410210917   0.32783484030675   0.0215394184880103   0.0103848701664895   0
0.390539912607969   0.320478320292812   0.0380988915162691   -0.00735652001393788   0
0.397051504623027   0.319032241041877   0.00651159201505863   -0.00144607925093521   0
0.380207716807747   0.320053947256224   -0.0168437878152803   0.001021706214347   0
0.345138603869518   0.319741096576515   -0.0350691129382292   -0.000312850679708931   0
0.390450071790235   0.318321373852939   0.0453114679207176   -0.00141972272357638   0
0.392760435279573   0.30877384697225   0.002310363489338   -0.00954752688068911   0
0.361337661214549   0.317707634054292   -0.0314227740650247   0.00893378708204168   0
0.372262509318357   0.327685786055621   0.0109248481038084   0.00997815200132918   0
0.40062111533218   0.324862936384597   0.0283586060138229   -0.00282284967102403   0
0.416186570955864   0.32009759280462   0.0155654556236834   -0.00476534357997638   0
0.418189931348185   0.326285600860534   0.00200336039232191   0.00618800805591418   0
0.41298015121916   0.325907705892871   -0.00520978012902573   -0.000377894967663051   0
0.428924040476866   0.332702098030915   0.0159438892577061   0.0067943921380435   0
0.451761331547976   0.334621596992693   0.0228372910711099   0.00191949896177768   0
0.443974357126625   0.333838804159657   -0.00778697442135062   -0.000782792833035395   0
0.435757471594005   0.334071423439285   -0.00821688553262012   0.000232619279627644   0
0.448806440744782   0.332841126711262   0.0130489691507776   -0.00123029672802272   0
0.447587424570888   0.331699390066895   -0.00121901617389492   -0.00114173664436734   0
0.423056495015453   0.333959555777122   -0.0245309295554346   0.00226016571022691   0
0.430807820873635   0.338989407189255   0.00775132585818206   0.00502985141213325   0
0.411206377504399   0.347566492746241   -0.0196014433692364   0.00857708555698566   0
0.456344002699992   0.344292013971516   0.045137625195593   -0.0032744787747247   0
0.462439053097476   0.347869339787944   0.00609505039748409   0.00357732581642795   0
0.484530418887287   0.357517391360952   0.0220913657898115   0.00964805157300797   0
0.458332587955177   0.364064735748675   -0.0261978309321103   0.00654734438772314   0
0.479801608857755   0.372629321328411   0.0214690209025779   0.00856458557973649   0
0.549620063654714   0.394667500697423   0.0698184547969594   0.022038179369011   0
0.591032247962503   0.418508541225266   0.0414121843077891   0.0238410405278433   0
0.59488300587276   0.419767403757426   0.00385075791025657   0.00125886253216023   0
0.590803924162162   0.42274832394168   -0.00407908171059768   0.00298092018425439   0
0.586667492593411   0.448530967947867   -0.00413643156875121   0.0257826440061861   0
0.63112124678293   0.480408607685426   0.0444537541895189   0.0318776397375599   0
0.628661318553957   0.502944154489591   -0.00245992822897279   0.022535546804165   0
0.614842362423256   0.504017181622809   -0.0138189561307015   0.00107302713321789   0
0.644127351782736   0.502046956666904   0.02928498935948   -0.0019702249559056   0
0.671527659019649   0.496661043255357   0.0274003072369134   -0.00538591341154632   0
0.657624717718464   0.484266147532532   -0.0139029413011846   -0.0123948957228255   0
0.640697264632244   0.489615700165446   -0.0169274530862201   0.0053495526329142   0
0.63680937987671   0.487143743396649   -0.00388788475553425   -0.0024719567687973   0
0.627038199551072   0.460097960341871   -0.00977118032563806   -0.0270457830547777   0
0.658383646571367   0.478129295128682   0.0313454470202946   0.0180313347868105   0
0.657739276971081   0.483535871549878   -0.00064436960028591   0.00540657642119624   0
0.657654269768463   0.478358228068411   -8.50072026179483e-05   -0.00517764348146671   0
0.684159746521534   0.496524630407697   0.0265054767530715   0.0181664023392857   0
0.704774570002927   0.497119743082841   0.0206148234813923   0.000595112675144283   0
0.6836017179037   0.493738670159124   -0.0211728520992265   -0.0033810729237172   0
0.668074703050819   0.48041801884947   -0.015527014852881   -0.0133206513096537   0
0.671087057971289   0.459620498038569   0.00301235492046981   -0.020797520810901   0
0.692236942941136   0.469866299447247   0.0211498849698474   0.0102458014086777   0
0.640711259215382   0.476837748942709   -0.0515256837257545   0.00697144949546213   0
0.64099057560142   0.473215470524263   0.000279316386038508   -0.00362227841844576   0
0.663457969449075   0.474438276287783   0.0224673938476549   0.00122280576351941   0
0.66373011443583   0.475132278807176   0.000272144986754763   0.000694002519393278   0
0.637687087939696   0.479802710476921   -0.0260430264961337   0.00467043166974496   0
0.648422428636425   0.483186294164839   0.010735340696729   0.00338358368791769   0
0.666242962184847   0.477991154307797   0.0178205335484222   -0.0051951398570419   0
0.682896331424734   0.47773743114419   0.0166533692398864   -0.00025372316360639   0
0.637164740926717   0.497026972131795   -0.0457315904980171   0.0192895409876045   0
0.635256525651835   0.498431865446271   -0.00190821527488216   0.00140489331447641   0
0.675938177514786   0.48829368144719   0.0406816518629513   -0.0101381839990813   0
0.611329221745738   0.4819082752301   -0.0646089557690476   -0.00638540621708983   0
0.657660536876442   0.489281028014831   0.0463313151307038   0.00737275278473098   0
0.642514444070489   0.475390893518955   -0.0151460928059526   -0.0138901344958766   0
0.595342552731526   0.44844467420101   -0.0471718913389633   -0.0269462193179447   0
0.615856014184192   0.457367300003782   0.0205134614526661   0.00892262580277253   0
0.694741252556727   0.449438502926707   0.0788852383725348   -0.00792879707707506   0
0.625897811653787   0.445922548242685   -0.0688434409029396   -0.0035159546840221   0
0.683550876670585   0.44930782797571   0.0576530650167972   0.00338527973302449   0
0.714115438156388   0.43489069013029   0.0305645614858033   -0.0144171378454196   0
0.717470808671935   0.449415739157798   0.0033553705155468   0.014525049027508   0
0.679961049509963   0.447145531260517   -0.0375097591619721   -0.00227020789728111   0
0.67204653748672   0.47422390718863   -0.00791451202324223   0.0270783759281125   0
0.682487805174569   0.463529846205452   0.0104412676878481   -0.0106940609831777   0
0.677565064932815   0.45891238844931   -0.00492274024175343   -0.00461745775614231   0
0.642481906285866   0.443800275813625   -0.0350831586469493   -0.0151121126356842   0
0.670158559212357   0.452250282323019   0.0276766529264914   0.0084500065093932   0
0.692619169768705   0.449687255794791   0.0224606105563476   -0.00256302652822754   0
0.716475473551949   0.444654694626628   0.0238563037832444   -0.00503256116816286   0
0.690750946767386   0.445799624235485   -0.0257245267845634   0.0011449296088572   0
0.68267900533879   0.449897401614524   -0.00807194142859569   0.00409777737903833   0
0.724799538147284   0.460682320575687   0.0421205328084943   0.0107849189611632   0
0.736174955294197   0.473640819476901   0.0113754171469125   0.0129584989012137   0
0.729541315600809   0.470041976441998   -0.00663363969338748   -0.00359884303490238   0
0.719813600165737   0.483064473250983   -0.00972771543507212   0.0130224968089851   0
0.739169835729442   0.483979950137658   0.0193562355637045   0.000915476886674704   0
0.792966162091422   0.484858924285199   0.0537963263619805   0.000878974147540623   0
0.771419425876224   0.462371302895465   -0.0215467362151986   -0.0224876213897335   0
0.766092253498761   0.47811181186753   -0.0053271723774625   0.0157405089720649   0
0.815048105008416   0.476834187433378   0.0489558515096549   -0.00127762443415197   0
0.830581527258613   0.46976223926099   0.0155334222501968   -0.00707194817238782   0
0.77317449808258   0.459494611996158   -0.0574070291760327   -0.010267627264832   0
0.812174047588836   0.465396886748558   0.0389995495062563   0.00590227475239968   0
0.828493034599785   0.444849628552728   0.0163189870109481   -0.02054725819583   0
0.803735776774812   0.435750787444211   -0.024757257824973   -0.00909884110851689   0
0.8249269147744   0.440986295778565   0.0211911379995882   0.00523550833435399   0
0.844188471153385   0.447223366417334   0.0192615563789854   0.00623707063876849   0
0.84657863644348   0.43943376285454   0.00239016529009517   -0.00778960356279362   0
0.850087874837551   0.449480040006784   0.00350923839407102   0.010046277152244   0
0.849573808381214   0.434834133596389   -0.000514066456337225   -0.0146459064103946   0
0.888378974628514   0.438757646773535   0.0388051662472998   0.00392351317714568   0
0.877286786744814   0.452848495608355   -0.0110921878837005   0.0140908488348197   0
0.853748266717866   0.451130207267259   -0.0235385200269478   -0.00171828834109572   0
0.843076547523959   0.449978425195031   -0.0106717191939067   -0.00115178207222805   0
0.852275109591005   0.46163418917174   0.00919856206704628   0.0116557639767093   0
0.862972016681893   0.467576825959649   0.0106969070908882   0.00594263678790885   0
