0.0713477211636083   0.133964860915241   0   0   0
0.0713477211636083   0.133964860915241   -0.524980553031906   -0.415387929769852   0
0.18370499117128   0.047704520494249   0.112357270007672   -0.0862603404209925   0
0.18370499117128   0.047704520494249   0.112357270007672   -0.0862603404209925   0
0.151004848920192   0.037997632719059   -0.0327001422510879   -0.00970688777519005   0
0.151004848920192   0.037997632719059   -0.0327001422510879   -0.00970688777519005   0
0.0477114829452292   0.119312636907727   -0.103293365974963   0.0813150041886676   0
0.0477114829452292   0.119312636907727   -0.103293365974963   0.0813150041886676   0
0.141584287584922   0.0464699711635912   0.0938728046396931   -0.0728426657441354   0
0.141584287584922   0.0464699711635912   0.0938728046396931   -0.0728426657441354   0
0.14724919435749   0.0388202924551387   0.00566490677256812   -0.0076496787084525   0
0.14724919435749   0.0388202924551387   0.00566490677256812   -0.0076496787084525   0
0.0641024114202422   0.112316072132899   -0.0831467829372483   0.07349577967776   0
0.0641024114202422   0.112316072132899   -0.0831467829372483   0.07349577967776   0
0.201514637324836   0.0422387809753371   0.137412225904593   -0.0700772911575616   0
0.201514637324836   0.0422387809753371   0.137412225904593   -0.0700772911575616   0
0.130357328704987   0.087317974703841   -0.0711573086198486   0.0450791937285039   0
0.130357328704987   0.087317974703841   -0.0711573086198486   0.0450791937285039   0
0.159518292899905   0.0333984585259788   0.0291609641949184   -0.0539195161778622   0
0.159518292899905   0.0333984585259788   0.0291609641949184   -0.0539195161778622   0
0.125791385947651   0.0482585032740863   -0.0337269069522543   0.0148600447481075   0
0.125791385947651   0.0482585032740863   -0.0337269069522543   0.0148600447481075   0
0.135233998068422   0.0351912020667581   0.00944261212077108   -0.0130673012073282   0
0.135233998068422   0.0351912020667581   0.00944261212077108   -0.0130673012073282   0
0.183782222162673   0.0475538290435873   0.0485482240942506   0.0123626269768292   0
0.183782222162673   0.0475538290435873   0.0485482240942506   0.0123626269768292   0
0.143432043040947   0.0487787824573861   -0.040350179121726   0.00122495341379884   0
0.143432043040947   0.0487787824573861   -0.040350179121726   0.00122495341379884   0
0.193252033505706   0.0630802283436736   0.049819990464759   0.0143014458862875   0
0.193252033505706   0.0630802283436736   0.049819990464759   0.0143014458862875   0
0.220195121258783   0.0568234393038867   0.026943087753077   -0.00625678903978685   0
0.220195121258783   0.0568234393038867   0.026943087753077   -0.00625678903978685   0
0.144567755195203   0.0304023219614165   -0.0756273660635802   -0.0264211173424703   0
0.144567755195203   0.0304023219614165   -0.0756273660635802   -0.0264211173424703   0
0.200812806095055   0.0394389069336677   0.0562450508998521   0.00903658497225122   0
0.200812806095055   0.0394389069336677   0.0562450508998521   0.00903658497225122   0
0.0982764325826391   0.041216520583681   -0.102536373512416   0.00177761365001333   0
0.0982764325826391   0.041216520583681   -0.102536373512416   0.00177761365001333   0
0.2166062384341   0.0457697088499588   0.118329805851461   0.00455318826627782   0
0.2166062384341   0.0457697088499588   0.118329805851461   0.00455318826627782   0
0.061391622689582   0.0370301537545015   -0.155214615744518   -0.00873955509545728   0
0.061391622689582   0.0370301537545015   -0.155214615744518   -0.00873955509545728   0
0.197140801633376   0.0496775770540062   0.135749178943794   0.0126474232995047   0
0.197140801633376   0.0496775770540062   0.135749178943794   0.0126474232995047   0
0.0873978189233576   0.0261556459854871   -0.109742982710018   -0.0235219310685192   0
0.0873978189233576   0.0261556459854871   -0.109742982710018   -0.0235219310685192   0
0.192314790526658   0.0556893060544394   0.104916971603301   0.0295336600689524   0
0.192314790526658   0.0556893060544394   0.104916971603301   0.0295336600689524   0
0.113655969711274   0.0195797279849976   -0.0786588208153845   -0.0361095780694418   0
0.113655969711274   0.0195797279849976   -0.0786588208153845   -0.0361095780694418   0
0.127272292805858   0.045358492812262   0.0136163230945839   0.0257787648272644   0
0.127272292805858   0.045358492812262   0.0136163230945839   0.0257787648272644   0
0.175213256468111   0.0243076600252369   0.0479409636622531   -0.0210508327870251   0
0.175213256468111   0.0243076600252369   0.0479409636622531   -0.0210508327870251   0
0.0990725189731744   0.0558638978605145   -0.0761407374949365   0.0315562378352776   0
0.0990725189731744   0.0558638978605145   -0.0761407374949365   0.0315562378352776   0
0.231901768571238   0.050350236971811   0.132829249598064   -0.00551366088870352   0
0.231901768571238   0.050350236971811   0.132829249598064   -0.00551366088870352   0
0.0903819264887068   0.0560269879008545   -0.141519842082531   0.00567675092904353   0
0.0903819264887068   0.0560269879008545   -0.141519842082531   0.00567675092904353   0
0.0857433707033378   0.0674064940996971   -0.00463855578536904   0.0113795061988426   0
0.0857433707033378   0.0674064940996971   -0.00463855578536904   0.0113795061988426   0
0.19717298758923   0.0478168257325831   0.111429616885892   -0.019589668367114   0
0.19717298758923   0.0478168257325831   0.111429616885892   -0.019589668367114   0
0.120151269779141   0.0677560363240128   -0.0770217178100883   0.0199392105914297   0
0.120151269779141   0.0677560363240128   -0.0770217178100883   0.0199392105914297   0
0.205607385986315   0.0583997918683791   0.0854561162071739   -0.00935624445563368   0
0.205607385986315   0.0583997918683791   0.0854561162071739   -0.00935624445563368   0
0.138052503264703   0.0562198999832132   -0.0675548827216119   -0.00217989188516589   0
0.138052503264703   0.0562198999832132   -0.0675548827216119   -0.00217989188516589   0
0.1915622046996   0.0626463201289589   0.0535097014348972   0.00642642014574564   0
0.1915622046996   0.0626463201289589   0.0535097014348972   0.00642642014574564   0
0.205542102929688   0.0645632119776317   0.0139798982300874   0.00191689184867277   0
0.205542102929688   0.0645632119776317   0.0139798982300874   0.00191689184867277   0
0.112344075980574   0.079580308811728   -0.0931980269491139   0.0150170968340964   0
0.112344075980574   0.079580308811728   -0.0931980269491139   0.0150170968340964   0
0.23155539138949   0.0834175215773654   0.119211315408916   0.00383721276563737   0
0.23155539138949   0.0834175215773654   0.119211315408916   0.00383721276563737   0
0.0671009267307837   0.0686366868573214   -0.164454464658707   -0.014780834720044   0
0.0671009267307837   0.0686366868573214   -0.164454464658707   -0.014780834720044   0
0.207965513004392   0.103996245384785   0.140864586273608   0.035359558527464   0
0.207965513004392   0.103996245384785   0.140864586273608   0.035359558527464   0
0.105546763671133   0.0500887099274138   -0.102418749333259   -0.0539075354573716   0
0.105546763671133   0.0500887099274138   -0.102418749333259   -0.0539075354573716   0
0.144282675674419   0.0728367452711626   0.0387359120032861   0.0227480353437488   0
0.144282675674419   0.0728367452711626   0.0387359120032861   0.0227480353437488   0
0.0935586593508586   0.0292075284439646   -0.0507240163235605   -0.043629216827198   0
0.0935586593508586   0.0292075284439646   -0.0507240163235605   -0.043629216827198   0
0.0918029573367874   0.0440701510665098   -0.00175570201407123   0.0148626226225453   0
0.0918029573367874   0.0440701510665098   -0.00175570201407123   0.0148626226225453   0
0.149505128711125   0.0462249790291461   0.0577021713743374   0.00215482796263628   0
0.149505128711125   0.0462249790291461   0.0577021713743374   0.00215482796263628   0
0.121565393147639   0.0386285685504912   -0.027939735563486   -0.00759641047865489   0
0.121565393147639   0.0386285685504912   -0.027939735563486   -0.00759641047865489   0
0.185865408449878   0.0587865639146396   0.0643000153022392   0.0201579953641483   0
0.185865408449878   0.0587865639146396   0.0643000153022392   0.0201579953641483   0
0.129731680848049   0.0684673999610216   -0.0561337276018292   0.00968083604638205   0
0.129731680848049   0.0684673999610216   -0.0561337276018292   0.00968083604638205   0
0.142844976795563   0.0905862459265892   0.013113295947514   0.0221188459655676   0
0.142844976795563   0.0905862459265892   0.013113295947514   0.0221188459655676   0
0.235312625702936   0.083736819709746   0.092467648907373   -0.00684942621684324   0
0.235312625702936   0.083736819709746   0.092467648907373   -0.00684942621684324   0
0.114687271707762   0.0828178494836862   -0.120625353995174   -0.000918970226059773   0
0.114687271707762   0.0828178494836862   -0.120625353995174   -0.000918970226059773   0
0.242791240900511   0.116625966807622   0.128103969192749   0.0338081173239356   0
0.242791240900511   0.116625966807622   0.128103969192749   0.0338081173239356   0
0.126210011268718   0.0744916792731913   -0.116581229631793   -0.0421342875344305   0
0.126210011268718   0.0744916792731913   -0.116581229631793   -0.0421342875344305   0
0.218642669066699   0.111691345014956   0.0924326577979806   0.037199665741765   0
0.218642669066699   0.111691345014956   0.0924326577979806   0.037199665741765   0
0.16016389364501   0.0796641611175471   -0.0584787754216891   -0.0320271838974092   0
0.16016389364501   0.0796641611175471   -0.0584787754216891   -0.0320271838974092   0
0.148728540426006   0.0799472954936876   -0.0114353532190041   0.000283134376140498   0
0.148728540426006   0.0799472954936876   -0.0114353532190041   0.000283134376140498   0
0.179803424546614   0.0760847043803794   0.0310748841206086   -0.00386259111330817   0
0.179803424546614   0.0760847043803794   0.0310748841206086   -0.00386259111330817   0
0.11060213064973   0.0731017513720602   -0.069201293896884   -0.00298295300831924   0
0.11060213064973   0.0731017513720602   -0.069201293896884   -0.00298295300831924   0
0.231090532755477   0.0684862817419117   0.120488402105746   -0.00461546963014851   0
0.231090532755477   0.0684862817419117   0.120488402105746   -0.00461546963014851   0
0.144291112332396   0.0695013902208078   -0.086799420423081   0.00101510847889616   0
0.144291112332396   0.0695013902208078   -0.086799420423081   0.00101510847889616   0
0.273140652928871   0.0936776481775076   0.128849540596475   0.0241762579566998   0
0.273140652928871   0.0936776481775076   0.128849540596475   0.0241762579566998   0
0.123079108314937   0.0903708644216293   -0.150061544613934   -0.00330678375587837   0
0.123079108314937   0.0903708644216293   -0.150061544613934   -0.00330678375587837   0
0.205317994239497   0.0861057501717256   0.0822388859245597   -0.00426511424990368   0
0.205317994239497   0.0861057501717256   0.0822388859245597   -0.00426511424990368   0
0.107353426733878   0.0939376158429925   -0.0979645675056188   0.00783186567126685   0
0.107353426733878   0.0939376158429925   -0.0979645675056188   0.00783186567126685   0
0.119344838356839   0.0835473742137453   0.011991411622961   -0.0103902416292471   0
0.119344838356839   0.0835473742137453   0.011991411622961   -0.0103902416292471   0
0.09049454939582   0.0802915447844448   -0.0288502889610189   -0.00325582942930058   0
0.09049454939582   0.0802915447844448   -0.0288502889610189   -0.00325582942930058   0
0.0578315461987149   0.0891600929184561   -0.032663003197105   0.00886854813401135   0
0.0578315461987149   0.0891600929184561   -0.032663003197105   0.00886854813401135   0
0.168411390162067   0.0578202716407844   0.110579843963352   -0.0313398212776717   0
0.168411390162067   0.0578202716407844   0.110579843963352   -0.0313398212776717   0
0.0777831495809986   0.0988666686731383   -0.0906282405810685   0.0410463970323538   0
0.0777831495809986   0.0988666686731383   -0.0906282405810685   0.0410463970323538   0
0.178995138383169   0.061138746179584   0.101211988802171   -0.0377279224935543   0
0.178995138383169   0.061138746179584   0.101211988802171   -0.0377279224935543   0
0.153140626671501   0.0496532577103114   -0.0258545117116686   -0.0114854884692726   0
0.153140626671501   0.0496532577103114   -0.0258545117116686   -0.0114854884692726   0
0.147482906031208   0.0496532577103114   -0.00565772064029332   0   0
0.147482906031208   0.0496532577103114   -0.00565772064029332   0   0
0.249998439338349   0.0704108037185459   0.102515533307141   0.0207575460082345   0
0.249998439338349   0.0704108037185459   0.102515533307141   0.0207575460082345   0
0.123617031021174   0.0297888725709215   -0.126381408317174   -0.0406219311476244   0
0.123617031021174   0.0297888725709215   -0.126381408317174   -0.0406219311476244   0
0.236320860761402   0.0464157326461635   0.112703829740228   0.016626860075242   0
0.236320860761402   0.0464157326461635   0.112703829740228   0.016626860075242   0
0.0734313168089583   0.0998380884560722   -0.162889543952444   0.0534223558099087   0
0.0734313168089583   0.0998380884560722   -0.162889543952444   0.0534223558099087   0
0.168919066327635   0.0438628419834488   0.0954877495186769   -0.0559752464726234   0
0.168919066327635   0.0438628419834488   0.0954877495186769   -0.0559752464726234   0
0.0712824611484452   0.0997945006070099   -0.09763660517919   0.0559316586235611   0
0.0712824611484452   0.0997945006070099   -0.09763660517919   0.0559316586235611   0
0.136019722021157   0.0566873066867707   0.0647372608727121   -0.0431071939202392   0
0.136019722021157   0.0566873066867707   0.0647372608727121   -0.0431071939202392   0
0.0527953960065648   0.112501913940708   -0.0832243260145925   0.0558146072539374   0
0.0527953960065648   0.112501913940708   -0.0832243260145925   0.0558146072539374   0
0.160302032811964   0.0647446562581847   0.1075066368054   -0.0477572576825234   0
0.160302032811964   0.0647446562581847   0.1075066368054   -0.0477572576825234   0
0.162016600733456   0.0700282483271037   0.00171456792149163   0.00528359206891896   0
0.162016600733456   0.0700282483271037   0.00171456792149163   0.00528359206891896   0
0.179446526726933   0.0740770053123883   0.0174299259934774   0.00404875698528459   0
0.179446526726933   0.0740770053123883   0.0174299259934774   0.00404875698528459   0
0.263308580140412   0.0581053959464655   0.083862053413479   -0.0159716093659228   0
0.263308580140412   0.0581053959464655   0.083862053413479   -0.0159716093659228   0
0.0356512726534411   0.125516283010662   -0.227657307486971   0.0674108870641962   0
0.0356512726534411   0.125516283010662   -0.227657307486971   0.0674108870641962   0
0.16012799341889   0.0653563112207017   0.124476720765449   -0.0601599717899599   0
0.16012799341889   0.0653563112207017   0.124476720765449   -0.0601599717899599   0
0.11775690538512   0.0886665719274412   -0.0423710880337702   0.0233102607067395   0
0.11775690538512   0.0886665719274412   -0.0423710880337702   0.0233102607067395   0
0.0736581378487129   0.121578804898099   -0.0440987675364066   0.0329122329706577   0
0.0736581378487129   0.121578804898099   -0.0440987675364066   0.0329122329706577   0
0.162961238883029   0.0836175698112095   0.0893031010343159   -0.0379612350868894   0
0.162961238883029   0.0836175698112095   0.0893031010343159   -0.0379612350868894   0
0.0627313034448002   0.127346146276595   -0.100229935438229   0.0437285764653857   0
0.0627313034448002   0.127346146276595   -0.100229935438229   0.0437285764653857   0
0.122380035195819   0.0814113120212726   0.0596487317510192   -0.0459348342553227   0
0.122380035195819   0.0814113120212726   0.0596487317510192   -0.0459348342553227   0
0.103442394246895   0.130885342537171   -0.0189376409489247   0.0494740305158981   0
0.103442394246895   0.130885342537171   -0.0189376409489247   0.0494740305158981   0
0.152036778740869   0.0880331546982868   0.0485943844939744   -0.0428521878388838   0
0.152036778740869   0.0880331546982868   0.0485943844939744   -0.0428521878388838   0
0.0856725561263349   0.14304539744554   -0.0663642226145342   0.0550122427472532   0
0.0856725561263349   0.14304539744554   -0.0663642226145342   0.0550122427472532   0
0.0393561779929149   0.137563413511042   -0.04631637813342   -0.00548198393449775   0
0.0393561779929149   0.137563413511042   -0.04631637813342   -0.00548198393449775   0
0.0906165790722095   0.133009515385372   0.0512604010792946   -0.00455389812566992   0
0.0906165790722095   0.133009515385372   0.0512604010792946   -0.00455389812566992   0
0.0589381172726954   0.147288968095959   -0.0316784617995141   0.0142794527105869   0
0.0589381172726954   0.147288968095959   -0.0316784617995141   0.0142794527105869   0
0.14719503812184   0.0915101314262525   0.0882569208491448   -0.0557788366697068   0
0.14719503812184   0.0915101314262525   0.0882569208491448   -0.0557788366697068   0
0.081356922828224   0.145090845121091   -0.0658381152936162   0.0535807136948388   0
0.081356922828224   0.145090845121091   -0.0658381152936162   0.0535807136948388   0
0.0472527134333046   0.143102824734883   -0.0341042093949195   -0.00198802038620877   0
0.0472527134333046   0.143102824734883   -0.0341042093949195   -0.00198802038620877   0
0.113404239031266   0.12906382324378   0.0661515255979619   -0.0140390014911028   0
0.113404239031266   0.12906382324378   0.0661515255979619   -0.0140390014911028   0
0.0716249150093038   0.151157969513891   -0.0417793240219626   0.0220941462701117   0
0.0716249150093038   0.151157969513891   -0.0417793240219626   0.0220941462701117   0
0.163006421439433   0.11442022749847   0.091381506430129   -0.0367377420154214   0
0.163006421439433   0.11442022749847   0.091381506430129   -0.0367377420154214   0
0.146365678343832   0.189958954781191   -0.0166407430956012   0.0755387272827209   0
0.146365678343832   0.189958954781191   -0.0166407430956012   0.0755387272827209   0
0.145788489910041   0.110020588998033   -0.000577188433791093   -0.0799383657831578   0
0.145788489910041   0.110020588998033   -0.000577188433791093   -0.0799383657831578   0
0.0542775866601491   0.178739407889815   -0.0915109032498914   0.0687188188917818   0
0.0542775866601491   0.178739407889815   -0.0915109032498914   0.0687188188917818   0
0.258962014610271   0.228703420508767   0.204684427950121   0.0499640126189524   0
0.258962014610271   0.228703420508767   0.204684427950121   0.0499640126189524   0
0.158212253195446   0.200735044161427   -0.100749761414824   -0.0279683763473403   0
0.158212253195446   0.200735044161427   -0.100749761414824   -0.0279683763473403   0
0.154374614566547   0.214947654820127   -0.00383763862889913   0.0142126106587002   0
0.154374614566547   0.214947654820127   -0.00383763862889913   0.0142126106587002   0
0.187229458379925   0.208370712218608   0.0328548438133777   -0.00657694260151898   0
0.187229458379925   0.208370712218608   0.0328548438133777   -0.00657694260151898   0
0.137784879598198   0.198765607435297   -0.0494445787817266   -0.00960510478331136   0
0.137784879598198   0.198765607435297   -0.0494445787817266   -0.00960510478331136   0
0.16685135474862   0.213543597217764   0.0290664751504222   0.0147779897824669   0
0.16685135474862   0.213543597217764   0.0290664751504222   0.0147779897824669   0
0.226245770948851   0.241003603691418   0.0593944162002306   0.0274600064736542   0
0.226245770948851   0.241003603691418   0.0593944162002306   0.0274600064736542   0
0.147030364375968   0.188797414902853   -0.0792154065728828   -0.0522061887885649   0
0.147030364375968   0.188797414902853   -0.0792154065728828   -0.0522061887885649   0
0.222238771171661   0.217019951422035   0.0752084067956929   0.0282225365191822   0
0.222238771171661   0.217019951422035   0.0752084067956929   0.0282225365191822   0
0.189850058525774   0.206357628593517   -0.0323887126458867   -0.0106623228285179   0
0.189850058525774   0.206357628593517   -0.0323887126458867   -0.0106623228285179   0
0.129696653130141   0.205060244540409   -0.0601534053956339   -0.00129738405310786   0
0.129696653130141   0.205060244540409   -0.0601534053956339   -0.00129738405310786   0
0.192768615500449   0.204955425502843   0.0630719623703086   -0.000104819037565956   0
0.192768615500449   0.204955425502843   0.0630719623703086   -0.000104819037565956   0
0.113096528696287   0.205071848424547   -0.0796720868041624   0.000116422921703635   0
0.113096528696287   0.205071848424547   -0.0796720868041624   0.000116422921703635   0
0.0576851011451831   0.197533031213267   -0.0554114275511036   -0.00753881721127989   0
0.0576851011451831   0.197533031213267   -0.0554114275511036   -0.00753881721127989   0
0.167501673408387   0.212164765718233   0.109816572263204   0.0146317345049654   0
0.167501673408387   0.212164765718233   0.109816572263204   0.0146317345049654   0
0.110858569687057   0.161120996818545   -0.0566431037213305   -0.0510437688996875   0
0.110858569687057   0.161120996818545   -0.0566431037213305   -0.0510437688996875   0
0.151898924343394   0.190621051914059   0.0410403546563369   0.0295000550955143   0
0.151898924343394   0.190621051914059   0.0410403546563369   0.0295000550955143   0
0.181461257928407   0.194828739504857   0.0295623335850139   0.00420768759079812   0
0.181461257928407   0.194828739504857   0.0295623335850139   0.00420768759079812   0
0.0914203127805304   0.204078923015867   -0.0900409451478771   0.00925018351100923   0
0.0914203127805304   0.204078923015867   -0.0900409451478771   0.00925018351100923   0
0.220771222566801   0.215383212889236   0.129350909786271   0.0113042898733694   0
0.220771222566801   0.215383212889236   0.129350909786271   0.0113042898733694   0
0.0738175474083906   0.185292028312803   -0.14695367515841   -0.0300911845764333   0
0.0738175474083906   0.185292028312803   -0.14695367515841   -0.0300911845764333   0
0.178528297670397   0.208842056517124   0.104710750262007   0.0235500282043212   0
0.178528297670397   0.208842056517124   0.104710750262007   0.0235500282043212   0
0.125292987702824   0.18650600189552   -0.0532353099675734   -0.0223360546216043   0
0.125292987702824   0.18650600189552   -0.0532353099675734   -0.0223360546216043   0
0.132919367494923   0.197244385631256   0.00762637979209943   0.0107383837357362   0
0.132919367494923   0.197244385631256   0.00762637979209943   0.0107383837357362   0
0.221088381528202   0.220365249067315   0.0881690140332791   0.0231208634360595   0
0.221088381528202   0.220365249067315   0.0881690140332791   0.0231208634360595   0
0.0883643488966501   0.208460870410306   -0.132724032631552   -0.0119043786570092   0
0.0883643488966501   0.208460870410306   -0.132724032631552   -0.0119043786570092   0
0.159700286234058   0.212705678656687   0.0713359373374078   0.00424480824638029   0
0.159700286234058   0.212705678656687   0.0713359373374078   0.00424480824638029   0
0.120535128810899   0.197900428884835   -0.0391651574231589   -0.0148052497718517   0
0.120535128810899   0.197900428884835   -0.0391651574231589   -0.0148052497718517   0
0.176664948143654   0.197881884371081   0.0561298193327552   -1.85445137535767e-05   0
0.176664948143654   0.197881884371081   0.0561298193327552   -1.85445137535767e-05   0
0.304656482855707   0.259260821585623   0.127991534712053   0.0613789372145421   0
0.304656482855707   0.259260821585623   0.127991534712053   0.0613789372145421   0
0.168632454423412   0.209155405218638   -0.136024028432296   -0.0501054163669858   0
0.168632454423412   0.209155405218638   -0.136024028432296   -0.0501054163669858   0
0.267079998388591   0.24713976889657   0.0984475439651796   0.0379843636779323   0
0.267079998388591   0.24713976889657   0.0984475439651796   0.0379843636779323   0
0.231175055935994   0.228239329212868   -0.0359049424525974   -0.0189004396837018   0
0.231175055935994   0.228239329212868   -0.0359049424525974   -0.0189004396837018   0
0.209163910446196   0.212139699538305   -0.0220111454897979   -0.0160996296745627   0
0.209163910446196   0.212139699538305   -0.0220111454897979   -0.0160996296745627   0
0.316539482418292   0.253748511207869   0.107375571972095   0.0416088116695635   0
0.316539482418292   0.253748511207869   0.107375571972095   0.0416088116695635   0
0.184724221238039   0.210600432181086   -0.131815261180253   -0.0431480790267834   0
0.184724221238039   0.210600432181086   -0.131815261180253   -0.0431480790267834   0
0.277972419773977   0.24929588232873   0.0932481985359378   0.0386954501476445   0
0.277972419773977   0.24929588232873   0.0932481985359378   0.0386954501476445   0
0.166488417981072   0.237790983928328   -0.111484001792905   -0.0115048984004016   0
0.166488417981072   0.237790983928328   -0.111484001792905   -0.0115048984004016   0
0.184535653285104   0.234266354039718   0.0180472353040321   -0.00352462988861035   0
0.184535653285104   0.234266354039718   0.0180472353040321   -0.00352462988861035   0
0.214383408948174   0.257893584335579   0.0298477556630703   0.0236272302958612   0
0.214383408948174   0.257893584335579   0.0298477556630703   0.0236272302958612   0
0.206234936860349   0.269320751321955   -0.00814847208782507   0.0114271669863761   0
0.206234936860349   0.269320751321955   -0.00814847208782507   0.0114271669863761   0
0.433378743226984   0.394258897173624   0.227143806366635   0.124938145851669   0
0.433378743226984   0.394258897173624   0.227143806366635   0.124938145851669   0
0.371481463065117   0.355462467303005   -0.0618972801618667   -0.0387964298706193   0
0.371481463065117   0.355462467303005   -0.0618972801618667   -0.0387964298706193   0
0.394680016404429   0.353769438995994   0.0231985533393114   -0.00169302830701162   0
0.394680016404429   0.353769438995994   0.0231985533393114   -0.00169302830701162   0
0.475476449315841   0.389030305515252   0.0807964329114129   0.0352608665192581   0
0.475476449315841   0.389030305515252   0.0807964329114129   0.0352608665192581   0
0.368438814354894   0.363791909602265   -0.107037634960948   -0.0252383959129867   0
0.368438814354894   0.363791909602265   -0.107037634960948   -0.0252383959129867   0
0.506664793027895   0.419226245036007   0.138225978673001   0.0554343354337419   0
0.506664793027895   0.419226245036007   0.138225978673001   0.0554343354337419   0
0.428827832959802   0.410754208281863   -0.0778369600680932   -0.00847203675414387   0
0.428827832959802   0.410754208281863   -0.0778369600680932   -0.00847203675414387   0
0.34311592613286   0.391957498340461   -0.0857119068269425   -0.018796709941402   0
0.34311592613286   0.391957498340461   -0.0857119068269425   -0.018796709941402   0
0.396967622565116   0.410547021604785   0.0538516964322558   0.0185895232643242   0
0.396967622565116   0.410547021604785   0.0538516964322558   0.0185895232643242   0
0.322625715159781   0.384534805988434   -0.0743419074053347   -0.0260122156163513   0
0.322625715159781   0.384534805988434   -0.0743419074053347   -0.0260122156163513   0
0.386484538144801   0.403364901075515   0.0638588229850199   0.018830095087081   0
0.386484538144801   0.403364901075515   0.0638588229850199   0.018830095087081   0
0.331437736609759   0.363332825278177   -0.0550468015350417   -0.0400320757973376   0
0.331437736609759   0.363332825278177   -0.0550468015350417   -0.0400320757973376   0
0.324427580261975   0.369672328686622   -0.0070101563477844   0.00633950340844491   0
0.324427580261975   0.369672328686622   -0.0070101563477844   0.00633950340844491   0
0.407378055155159   0.384785194137313   0.0829504748931846   0.0151128654506912   0
0.407378055155159   0.384785194137313   0.0829504748931846   0.0151128654506912   0
0.347266374829237   0.34444121592561   -0.0601116803259225   -0.0403439782117037   0
0.347266374829237   0.34444121592561   -0.0601116803259225   -0.0403439782117037   0
0.492604837181041   0.401353741452852   0.145338462351804   0.0569125255272419   0
0.492604837181041   0.401353741452852   0.145338462351804   0.0569125255272419   0
0.37486055028637   0.35725928253171   -0.117744286894671   -0.0440944589211412   0
0.37486055028637   0.35725928253171   -0.117744286894671   -0.0440944589211412   0
0.437218228549828   0.390291319596622   0.0623576782634586   0.0330320370649115   0
0.437218228549828   0.390291319596622   0.0623576782634586   0.0330320370649115   0
0.393657351307504   0.399506615747002   -0.043560877242324   0.0092152961503798   0
0.393657351307504   0.399506615747002   -0.043560877242324   0.0092152961503798   0
0.463988339909108   0.422942080774215   0.0703309886016036   0.0234354650272132   0
0.463988339909108   0.422942080774215   0.0703309886016036   0.0234354650272132   0
0.420114536459107   0.412083053751048   -0.0438738034500015   -0.0108590270231672   0
0.420114536459107   0.412083053751048   -0.0438738034500015   -0.0108590270231672   0
0.54208666027306   0.450384630788607   0.121972123813954   0.0383015770375594   0
0.54208666027306   0.450384630788607   0.121972123813954   0.0383015770375594   0
0.548315185976424   0.473454090236976   0.00622852570336352   0.0230694594483687   0
0.548315185976424   0.473454090236976   0.00622852570336352   0.0230694594483687   0
0.359000433478847   0.38245146287838   -0.189314752497577   -0.0910026273585964   0
0.359000433478847   0.38245146287838   -0.189314752497577   -0.0910026273585964   0
0.393976268443925   0.366788073786311   0.0349758349650786   -0.0156633890920682   0
0.393976268443925   0.366788073786311   0.0349758349650786   -0.0156633890920682   0
0.586500927378636   0.445830149505515   0.192524658934711   0.0790420757192037   0
0.586500927378636   0.445830149505515   0.192524658934711   0.0790420757192037   0
0.377029238423229   0.361038185445113   -0.209471688955407   -0.0847919640604018   0
0.377029238423229   0.361038185445113   -0.209471688955407   -0.0847919640604018   0
0.484029003367567   0.402881811319709   0.106999764944338   0.0418436258745962   0
0.484029003367567   0.402881811319709   0.106999764944338   0.0418436258745962   0
0.491858317050754   0.425201691900738   0.00782931368318718   0.0223198805810284   0
0.491858317050754   0.425201691900738   0.00782931368318718   0.0223198805810284   0
0.345255817400663   0.354916549214389   -0.146602499650091   -0.0702851426863486   0
0.345255817400663   0.354916549214389   -0.146602499650091   -0.0702851426863486   0
0.467057586031958   0.405987760864167   0.121801768631295   0.0510712116497776   0
0.467057586031958   0.405987760864167   0.121801768631295   0.0510712116497776   0
0.447992840873601   0.404619993359819   -0.0190647451583567   -0.00136776750434792   0
0.447992840873601   0.404619993359819   -0.0190647451583567   -0.00136776750434792   0
0.282467824470328   0.365785623892944   -0.165525016403274   -0.0388343694668753   0
0.282467824470328   0.365785623892944   -0.165525016403274   -0.0388343694668753   0
0.41267334908981   0.403676054075852   0.130205524619482   0.0378904301829081   0
0.41267334908981   0.403676054075852   0.130205524619482   0.0378904301829081   0
0.26550097667052   0.341598641179967   -0.14717237241929   -0.0620774128958845   0
0.26550097667052   0.341598641179967   -0.14717237241929   -0.0620774128958845   0
0.368720311160099   0.370207173432661   0.103219334489579   0.0286085322526933   0
0.368720311160099   0.370207173432661   0.103219334489579   0.0286085322526933   0
0.219839880319745   0.282277075262941   -0.148880430840353   -0.0879300981697197   0
0.219839880319745   0.282277075262941   -0.148880430840353   -0.0879300981697197   0
0.359324399565351   0.324284697209104   0.139484519245606   0.0420076219461628   0
0.359324399565351   0.324284697209104   0.139484519245606   0.0420076219461628   0
0.328944449556456   0.299519716038026   -0.0303799500088947   -0.0247649811710772   0
0.328944449556456   0.299519716038026   -0.0303799500088947   -0.0247649811710772   0
0.308683102875749   0.309399839669076   -0.0202613466807076   0.00988012363104973   0
0.308683102875749   0.309399839669076   -0.0202613466807076   0.00988012363104973   0
0.357101757467546   0.318462711148809   0.0484186545917973   0.00906287147973323   0
0.357101757467546   0.318462711148809   0.0484186545917973   0.00906287147973323   0
0.25776323450213   0.302907990768649   -0.0993385229654161   -0.0155547203801603   0
0.25776323450213   0.302907990768649   -0.0993385229654161   -0.0155547203801603   0
0.379985784418312   0.335201237257561   0.122222549916182   0.0322932464889124   0
0.379985784418312   0.335201237257561   0.122222549916182   0.0322932464889124   0
0.280462718976712   0.293155288462719   -0.0995230654416004   -0.0420459487948425   0
0.280462718976712   0.293155288462719   -0.0995230654416004   -0.0420459487948425   0
0.454205735581355   0.365650637877705   0.173743016604643   0.072495349414986   0
0.454205735581355   0.365650637877705   0.173743016604643   0.072495349414986   0
0.335359114129913   0.323928255317134   -0.118846621451442   -0.0417223825605708   0
0.335359114129913   0.323928255317134   -0.118846621451442   -0.0417223825605708   0
0.4770027065636   0.396739700622489   0.141643592433687   0.0728114453053552   0
0.4770027065636   0.396739700622489   0.141643592433687   0.0728114453053552   0
0.420211174539659   0.367697361030114   -0.0567915320239408   -0.0290423395923753   0
0.420211174539659   0.367697361030114   -0.0567915320239408   -0.0290423395923753   0
0.397913328580484   0.355945738733111   -0.0222978459591756   -0.0117516222970032   0
0.397913328580484   0.355945738733111   -0.0222978459591756   -0.0117516222970032   0
0.463288028622584   0.397276066517051   0.0653747000421002   0.0413303277839397   0
0.463288028622584   0.397276066517051   0.0653747000421002   0.0413303277839397   0
0.370035166454487   0.370600328152934   -0.0932528621680967   -0.0266757383641164   0
0.370035166454487   0.370600328152934   -0.0932528621680967   -0.0266757383641164   0
0.424376691944786   0.381951943439224   0.0543415254902991   0.0113516152862896   0
0.424376691944786   0.381951943439224   0.0543415254902991   0.0113516152862896   0
0.440402273579508   0.39941378117217   0.0160255816347219   0.0174618377329462   0
0.440402273579508   0.39941378117217   0.0160255816347219   0.0174618377329462   0
0.369508835893   0.392475769690308   -0.0708934376865081   -0.00693801148186157   0
0.369508835893   0.392475769690308   -0.0708934376865081   -0.00693801148186157   0
0.33942032286385   0.393254363976422   -0.0300885130291503   0.000778594286113377   0
0.33942032286385   0.393254363976422   -0.0300885130291503   0.000778594286113377   0
0.381123383950657   0.397518508038619   0.0417030610868074   0.00426414406219777   0
0.381123383950657   0.397518508038619   0.0417030610868074   0.00426414406219777   0
0.307861251202957   0.334095306332265   -0.0732621327477004   -0.0634232017063545   0
0.307861251202957   0.334095306332265   -0.0732621327477004   -0.0634232017063545   0
0.457466930139218   0.398500973587895   0.149605678936261   0.0644056672556297   0
0.457466930139218   0.398500973587895   0.149605678936261   0.0644056672556297   0
0.294009815232417   0.329666027524827   -0.163457114906801   -0.0688349460630678   0
0.294009815232417   0.329666027524827   -0.163457114906801   -0.0688349460630678   0
0.438642660199621   0.404077595521887   0.144632844967204   0.0744115679970604   0
0.438642660199621   0.404077595521887   0.144632844967204   0.0744115679970604   0
0.353612412516869   0.384137959162135   -0.0850302476827523   -0.0199396363597525   0
0.353612412516869   0.384137959162135   -0.0850302476827523   -0.0199396363597525   0
0.360756804662088   0.382128893013208   0.00714439214521956   -0.00200906614892654   0
0.360756804662088   0.382128893013208   0.00714439214521956   -0.00200906614892654   0
0.414307371926931   0.393057175042639   0.0535505672648425   0.010928282029431   0
0.414307371926931   0.393057175042639   0.0535505672648425   0.010928282029431   0
0.356872565338105   0.372236155204596   -0.0574348065888256   -0.0208210198380434   0
0.356872565338105   0.372236155204596   -0.0574348065888256   -0.0208210198380434   0
0.469979347271771   0.420942917612947   0.113106781933666   0.0487067624083508   0
0.469979347271771   0.420942917612947   0.113106781933666   0.0487067624083508   0
0.336697573430519   0.387026053285822   -0.133281773841252   -0.0339168643271246   0
0.336697573430519   0.387026053285822   -0.133281773841252   -0.0339168643271246   0
0.448539765873663   0.440732400988117   0.111842192443143   0.0537063477022944   0
0.448539765873663   0.440732400988117   0.111842192443143   0.0537063477022944   0
0.259873230019946   0.408268862522297   -0.188666535853716   -0.0324635384658198   0
0.259873230019946   0.408268862522297   -0.188666535853716   -0.0324635384658198   0
0.356812944424666   0.458088764386609   0.0969397144047198   0.049819901864312   0
0.356812944424666   0.458088764386609   0.0969397144047198   0.049819901864312   0
0.361059926174312   0.437143640238824   0.00424698174964622   -0.0209451241477851   0
0.361059926174312   0.437143640238824   0.00424698174964622   -0.0209451241477851   0
0.297828513473123   0.375697022285245   -0.0632314127011899   -0.0614466179535784   0
0.297828513473123   0.375697022285245   -0.0632314127011899   -0.0614466179535784   0
0.506555109519191   0.440366937815783   0.208726596046069   0.0646699155305382   0
0.506555109519191   0.440366937815783   0.208726596046069   0.0646699155305382   0
0.32440549034349   0.342449124677302   -0.182149619175702   -0.0979178131384819   0
0.32440549034349   0.342449124677302   -0.182149619175702   -0.0979178131384819   0
0.303789126609232   0.33499102825337   -0.0206163637342577   -0.00745809642393175   0
0.303789126609232   0.33499102825337   -0.0206163637342577   -0.00745809642393175   0
0.579011389334441   0.449150586063572   0.275222262725209   0.114159557810202   0
0.579011389334441   0.449150586063572   0.275222262725209   0.114159557810202   0
0.581238436736594   0.473050388315029   0.00222704740215296   0.0238998022514575   0
0.581238436736594   0.473050388315029   0.00222704740215296   0.0238998022514575   0
0.472181864777757   0.441963945103557   -0.109056571958837   -0.0310864432114722   0
0.472181864777757   0.441963945103557   -0.109056571958837   -0.0310864432114722   0
0.450164067656449   0.409679854157438   -0.022017797121308   -0.0322840909461187   0
0.450164067656449   0.409679854157438   -0.022017797121308   -0.0322840909461187   0
0.518842310115511   0.484042985962962   0.0686782424590618   0.0743631318055233   0
0.518842310115511   0.484042985962962   0.0686782424590618   0.0743631318055233   0
0.407439777916933   0.442468738652811   -0.111402532198577   -0.0415742473101502   0
0.407439777916933   0.442468738652811   -0.111402532198577   -0.0415742473101502   0
0.514117162885076   0.481195138397657   0.106677384968143   0.0387263997448452   0
0.514117162885076   0.481195138397657   0.106677384968143   0.0387263997448452   0
0.435558941183624   0.434770778885449   -0.0785582217014518   -0.0464243595122076   0
0.435558941183624   0.434770778885449   -0.0785582217014518   -0.0464243595122076   0
0.595997825761974   0.508081564354337   0.160438884578349   0.0733107854688876   0
0.595997825761974   0.508081564354337   0.160438884578349   0.0733107854688876   0
0.510404704344503   0.463661931763276   -0.0855931214174702   -0.044419632591061   0
0.510404704344503   0.463661931763276   -0.0855931214174702   -0.044419632591061   0
0.58648282560873   0.489782506066062   0.0760781212642265   0.0261205743027868   0
0.58648282560873   0.489782506066062   0.0760781212642265   0.0261205743027868   0
0.565461862068522   0.475716895701488   -0.0210209635402082   -0.0140656103645749   0
0.565461862068522   0.475716895701488   -0.0210209635402082   -0.0140656103645749   0
0.453576749626786   0.430799346279971   -0.111885112441736   -0.044917549421517   0
0.453576749626786   0.430799346279971   -0.111885112441736   -0.044917549421517   0
0.616238464996303   0.508475123701003   0.162661715369517   0.0776757774210321   0
0.616238464996303   0.508475123701003   0.162661715369517   0.0776757774210321   0
0.485699081639033   0.481335456927391   -0.13053938335727   -0.027139666773612   0
0.485699081639033   0.481335456927391   -0.13053938335727   -0.027139666773612   0
0.50558945268073   0.496527145647396   0.0198903710416969   0.015191688720005   0
0.50558945268073   0.496527145647396   0.0198903710416969   0.015191688720005   0
0.538717787709855   0.509188280099071   0.0331283350291248   0.0126611344516753   0
0.538717787709855   0.509188280099071   0.0331283350291248   0.0126611344516753   0
0.381620803130542   0.461048645371071   -0.157096984579313   -0.0481396347279995   0
0.381620803130542   0.461048645371071   -0.157096984579313   -0.0481396347279995   0
0.518974900392109   0.490833223649846   0.137354097261567   0.0297845782787748   0
0.518974900392109   0.490833223649846   0.137354097261567   0.0297845782787748   0
0.354157645703153   0.406478314331158   -0.164817254688957   -0.0843549093186879   0
0.354157645703153   0.406478314331158   -0.164817254688957   -0.0843549093186879   0
0.524583361792003   0.480434502280228   0.170425716088851   0.0739561879490693   0
0.524583361792003   0.480434502280228   0.170425716088851   0.0739561879490693   0
0.364050405165274   0.392857676762845   -0.16053295662673   -0.0875768255173826   0
0.364050405165274   0.392857676762845   -0.16053295662673   -0.0875768255173826   0
0.546566235716221   0.472000281174969   0.182515830550947   0.0791426044121241   0
0.546566235716221   0.472000281174969   0.182515830550947   0.0791426044121241   0
0.357305316911182   0.41894572295406   -0.18926091880504   -0.0530545582209093   0
0.357305316911182   0.41894572295406   -0.18926091880504   -0.0530545582209093   0
0.517452350507755   0.471049111310925   0.160147033596573   0.0521033883568655   0
0.517452350507755   0.471049111310925   0.160147033596573   0.0521033883568655   0
0.379438184369997   0.413885001327059   -0.138014166137757   -0.057164109983866   0
0.379438184369997   0.413885001327059   -0.138014166137757   -0.057164109983866   0
0.495019939132758   0.474608949213192   0.115581754762761   0.0607239478861323   0
0.495019939132758   0.474608949213192   0.115581754762761   0.0607239478861323   0
0.363812286661679   0.421545856897562   -0.131207652471079   -0.0530630923156294   0
0.363812286661679   0.421545856897562   -0.131207652471079   -0.0530630923156294   0
0.459921550565963   0.45961938739172   0.0961092639042839   0.0380735304941577   0
0.459921550565963   0.45961938739172   0.0961092639042839   0.0380735304941577   0
0.554799181583751   0.48278179167103   0.0948776310177877   0.0231624042793102   0
0.554799181583751   0.48278179167103   0.0948776310177877   0.0231624042793102   0
0.56872172642251   0.485894832102936   0.0139225448387587   0.00311304043190552   0
0.56872172642251   0.485894832102936   0.0139225448387587   0.00311304043190552   0
0.669212808461554   0.538901439495749   0.100491082039044   0.0530066073928131   0
0.669212808461554   0.538901439495749   0.100491082039044   0.0530066073928131   0
0.472957353009761   0.464068007455901   -0.196255455451792   -0.074833432039848   0
0.472957353009761   0.464068007455901   -0.196255455451792   -0.074833432039848   0
0.512849790411383   0.47326950598899   0.0398924374016221   0.00920149853308894   0
0.512849790411383   0.47326950598899   0.0398924374016221   0.00920149853308894   0
0.376259558131086   0.387256166701707   -0.136590232280298   -0.0860133392872831   0
0.376259558131086   0.387256166701707   -0.136590232280298   -0.0860133392872831   0
0.551422441192776   0.472607723957525   0.17516288306169   0.0853515572558187   0
0.551422441192776   0.472607723957525   0.17516288306169   0.0853515572558187   0
0.411169760596521   0.424605670736358   -0.140252680596255   -0.0480020532211674   0
0.411169760596521   0.424605670736358   -0.140252680596255   -0.0480020532211674   0
0.504606984357133   0.471596774223724   0.0934372237606126   0.0469911034873663   0
0.504606984357133   0.471596774223724   0.0934372237606126   0.0469911034873663   0
0.432225315843485   0.418841563150841   -0.0723816685136485   -0.0527552110728833   0
0.432225315843485   0.418841563150841   -0.0723816685136485   -0.0527552110728833   0
0.505990008072294   0.456691918033068   0.0737646922288093   0.0378503548822269   0
0.505990008072294   0.456691918033068   0.0737646922288093   0.0378503548822269   0
0.512679566365776   0.439994402031665   0.00668955829348195   -0.0166975160014029   0
0.512679566365776   0.439994402031665   0.00668955829348195   -0.0166975160014029   0
0.493863342529085   0.416470689400302   -0.0188162238366912   -0.0235237126313635   0
0.493863342529085   0.416470689400302   -0.0188162238366912   -0.0235237126313635   0
0.535353305982134   0.442941615920453   0.041489963453049   0.0264709265201518   0
0.535353305982134   0.442941615920453   0.041489963453049   0.0264709265201518   0
0.398465646807852   0.40182878121841   -0.136887659174281   -0.0411128347020438   0
0.398465646807852   0.40182878121841   -0.136887659174281   -0.0411128347020438   0
0.591592002238874   0.488659342871381   0.193126355431022   0.0868305616529715   0
0.591592002238874   0.488659342871381   0.193126355431022   0.0868305616529715   0
0.432198031439293   0.430614746987362   -0.159393970799581   -0.0580445958840189   0
0.432198031439293   0.430614746987362   -0.159393970799581   -0.0580445958840189   0
0.512075953195422   0.471673352052625   0.0798779217561291   0.0410586050652632   0
0.512075953195422   0.471673352052625   0.0798779217561291   0.0410586050652632   0
0.534833268286482   0.477275353103489   0.0227573150910599   0.00560200105086339   0
0.534833268286482   0.477275353103489   0.0227573150910599   0.00560200105086339   0
0.3904972315318   0.447440754138581   -0.144336036754682   -0.0298345989649074   0
0.3904972315318   0.447440754138581   -0.144336036754682   -0.0298345989649074   0
0.488809262261426   0.467403587017152   0.0983120307296267   0.0199628328785701   0
0.488809262261426   0.467403587017152   0.0983120307296267   0.0199628328785701   0
0.398301142389775   0.425074478125304   -0.0905081198716512   -0.0423291088918472   0
0.398301142389775   0.425074478125304   -0.0905081198716512   -0.0423291088918472   0
0.329047753487909   0.374601425378111   -0.0692533889018658   -0.0504730527471934   0
0.329047753487909   0.374601425378111   -0.0692533889018658   -0.0504730527471934   0
0.585766202051638   0.464464619679812   0.256718448563728   0.0898631943017011   0
0.585766202051638   0.464464619679812   0.256718448563728   0.0898631943017011   0
0.360348248504138   0.354308780385221   -0.2254179535475   -0.110155839294591   0
0.360348248504138   0.354308780385221   -0.2254179535475   -0.110155839294591   0
0.561188416642753   0.44376708109977   0.200840168138615   0.0894583007145495   0
0.561188416642753   0.44376708109977   0.200840168138615   0.0894583007145495   0
0.443811532357835   0.40278818378498   -0.117376884284918   -0.0409788973147906   0
0.443811532357835   0.40278818378498   -0.117376884284918   -0.0409788973147906   0
0.549594751931676   0.466264533185294   0.10578321957384   0.0634763494003142   0
0.549594751931676   0.466264533185294   0.10578321957384   0.0634763494003142   0
0.416762229132919   0.454361841125826   -0.132832522798756   -0.0119026920594681   0
0.416762229132919   0.454361841125826   -0.132832522798756   -0.0119026920594681   0
0.440672287088898   0.464466079438531   0.0239100579559785   0.0101042383127056   0
0.440672287088898   0.464466079438531   0.0239100579559785   0.0101042383127056   0
0.449566040371612   0.481637701584396   0.0088937532827143   0.017171622145865   0
0.449566040371612   0.481637701584396   0.0088937532827143   0.017171622145865   0
0.344622613602184   0.438145982791695   -0.104943426769428   -0.0434917187927016   0
0.344622613602184   0.438145982791695   -0.104943426769428   -0.0434917187927016   0
0.58761569356936   0.552129505134439   0.242993079967176   0.113983522342744   0
0.58761569356936   0.552129505134439   0.242993079967176   0.113983522342744   0
0.450086639189612   0.46559931287006   -0.137529054379748   -0.0865301922643781   0
0.450086639189612   0.46559931287006   -0.137529054379748   -0.0865301922643781   0
0.475497661513703   0.462729532291545   0.025411022324091   -0.002869780578515   0
0.475497661513703   0.462729532291545   0.025411022324091   -0.002869780578515   0
0.643329574188845   0.529247486721014   0.167831912675142   0.0665179544294687   0
0.643329574188845   0.529247486721014   0.167831912675142   0.0665179544294687   0
0.51963866112136   0.498712826467798   -0.123690913067484   -0.0305346602532163   0
0.51963866112136   0.498712826467798   -0.123690913067484   -0.0305346602532163   0
0.599012650885605   0.54138253084962   0.0793739897642449   0.0426697043818224   0
0.599012650885605   0.54138253084962   0.0793739897642449   0.0426697043818224   0
0.515177890680491   0.495137249389813   -0.0838347602051142   -0.0462452814598072   0
0.515177890680491   0.495137249389813   -0.0838347602051142   -0.0462452814598072   0
0.688681365217616   0.614100605245794   0.173503474537125   0.11896335585598   0
0.688681365217616   0.614100605245794   0.173503474537125   0.11896335585598   0
0.479574883960785   0.478243710957865   -0.209106481256832   -0.135856894287928   0
0.479574883960785   0.478243710957865   -0.209106481256832   -0.135856894287928   0
0.64550028365292   0.542532907111172   0.165925399692135   0.0642891961533071   0
0.64550028365292   0.542532907111172   0.165925399692135   0.0642891961533071   0
0.596328274195514   0.549352790685093   -0.049172009457406   0.00681988357392105   0
0.596328274195514   0.549352790685093   -0.049172009457406   0.00681988357392105   0
