0.0352691648740426   0.1366404431113   0   0   0
0.0700438325322794   0.12009554819884   0.0347746676582368   -0.0165448949124599   0
0.0634010116919249   0.102411607445897   -0.00664282084035447   -0.0176839407529434   0
0.0999891168722876   0.0516592500209936   0.0365881051803627   -0.0507523574249034   0
0.101825085558422   0.0456181482329631   0.00183596868613455   -0.00604110178803043   0
0.112472550758396   0.0379644230271909   0.010647465199974   -0.00765372520577228   0
0.0659554569100996   0.047565939515398   -0.0465170938482966   0.00960151648820711   0
0.147919966537488   0.0262325702366829   0.0819645096273886   -0.0213333692787151   0
0.0857670121106011   0.0828158090636232   -0.062152954426887   0.0565832388269404   0
0.141338737201899   0.0466727656427975   0.0555717250912983   -0.0361430434208257   0
0.083016390180268   0.029812101369976   -0.0583223470216314   -0.0168606642728215   0
0.111962272935887   0.0403690629521234   0.0289458827556187   0.0105569615821474   0
0.0900671697615729   0.0687491436153033   -0.0218951031743138   0.0283800806631799   0
0.119342596779021   0.0507811643755093   0.0292754270174481   -0.017967979239794   0
0.085052005678232   0.0515501050926184   -0.0342905911007891   0.000768940717109041   0
0.100866294808424   0.0461878249873276   0.0158142891301925   -0.00536228010529084   0
0.0943245105139168   0.043903376993917   -0.00654178429450768   -0.00228444799341056   0
0.125247699024014   0.0418250644847082   0.0309231885100972   -0.00207831250920879   0
0.0713174744585785   0.0479565990512591   -0.0539302245654355   0.00613153456655088   0
0.154786353328483   0.0347795341638225   0.0834688788699045   -0.0131770648874365   0
0.0700651633391374   0.0469325518821692   -0.0847211899893457   0.0121530177183466   0
0.123882347075118   0.0636110441550443   0.0538171837359806   0.0166784922728752   0
0.0757106235624169   0.0341207494834888   -0.0481717235127011   -0.0294902946715556   0
0.117125501444049   0.0759805954888812   0.0414148778816324   0.0418598460053924   0
0.0644808181412891   0.0899440371310544   -0.0526446833027602   0.0139634416421732   0
0.078801746786794   0.0812516968349739   0.0143209286455049   -0.00869234029608058   0
0.0684772407202597   0.0845825534619433   -0.0103245060665343   0.00333085662696946   0
0.131646192916933   0.0911034373748461   0.0631689521966735   0.00652088391290276   0
0.0476045288124985   0.0651571388681432   -0.0840416641044348   -0.0259462985067029   0
0.152680337103743   0.0876511590770481   0.105075808291244   0.0224940202089049   0
0.0801205035762382   0.0240439626687583   -0.0725598335275044   -0.0636071964082899   0
0.130409953960032   0.0561336422813151   0.0502894503837935   0.0320896796125568   0
0.0743199638354325   0.0638320530850685   -0.0560899901245992   0.00769841080375341   0
0.103920777181322   0.0549604096110555   0.0296008133458896   -0.008871643474013   0
0.10267541068739   0.0616992330736979   -0.00124536649393261   0.00673882346264244   0
0.06575104214003   0.0745977639943886   -0.0369243685473595   0.0128985309206907   0
0.0962139627257001   0.0635152574080827   0.0304629205856701   -0.0110825065863059   0
0.0744494113726899   0.0755469048559403   -0.0217645513530102   0.0120316474478576   0
0.111348129060018   0.0739209751634304   0.0368987176873281   -0.00162592969250988   0
0.0822713419567324   0.101197376916215   -0.0290767871032855   0.0272764017527846   0
0.0709778409185571   0.0803374049959917   -0.0112935010381753   -0.0208599719202233   0
0.116814035396908   0.0633561821472262   0.0458361944783506   -0.0169812228487656   0
0.111203084966066   0.0570121195446196   -0.00561095043084213   -0.00634406260260653   0
0.110069823397605   0.0836574171996422   -0.00113326156846034   0.0266452976550226   0
0.100705527732766   0.0961742017386939   -0.00936429566483919   0.0125167845390517   0
0.0404892535878015   0.0974517933465696   -0.0602162741449645   0.00127759160787563   0
0.135902321851086   0.120814764323426   0.0954130682632842   0.0233629709768566   0
0.0380713894387564   0.105846186418855   -0.0978309324123294   -0.0149685779045712   0
0.14079986771336   0.112794379469779   0.102728478274603   0.00694819305092401   0
0.112725828009822   0.0587172977414876   -0.0280740397035376   -0.0540770817282914   0
0.183821786514357   0.0738705205028535   0.0710959585045353   0.015153222761366   0
0.13099961659734   0.0510213607349657   -0.0528221699170177   -0.0228491597678878   0
0.172264240028394   0.0695240443670569   0.0412646234310539   0.0185026836320912   0
0.128175020318079   0.0616754508566618   -0.0440892197103145   -0.00784859351039516   0
0.143043436046608   0.045433015277604   0.0148684157285287   -0.0162424355790577   0
0.114529630879218   0.0601098960403407   -0.0285138051673896   0.0146768807627367   0
0.132137626020941   0.0498902165279248   0.0176079951417225   -0.0102196795124159   0
0.125295218964213   0.0485820810161331   -0.00684240705672809   -0.00130813551179169   0
0.153342157687963   0.0619175556488828   0.02804693872375   0.0133354746327497   0
0.110456175358782   0.0321460904914579   -0.0428859823291806   -0.0297714651574249   0
0.146118455093828   0.105284540426764   0.0356622797350455   0.0731384499353065   0
0.0907001851714758   0.0806312721614418   -0.0554182699223517   -0.0246532682653226   0
0.129400835734859   0.116800455896381   0.0387006505633833   0.0361691837349394   0
0.0362571908907475   0.109858530624663   -0.0931436448441117   -0.00694192527171832   0
0.120812585432688   0.148151150152943   0.0845553945419408   0.0382926195282806   0
0.109342129874013   0.0921633600792772   -0.0114704555586749   -0.0559877900736663   0
0.131876456511198   0.117442554178639   0.022534326637185   0.0252791940993616   0
0.0944231193410941   0.107571805864966   -0.0374533371701043   -0.00987074831367243   0
0.120697819139287   0.136777771964609   0.0262746997981932   0.0292059660996424   0
0.0848080075641257   0.144423231257128   -0.0358898115751616   0.00764545929251972   0
0.131092644973545   0.162278707572035   0.0462846374094196   0.0178554763149064   0
0.119155058661351   0.135875342059965   -0.0119375863121943   -0.0264033655120698   0
0.151131391440098   0.174443562439977   0.0319763327787465   0.0385682203800115   0
0.0897659857044972   0.166511929183017   -0.0613654057356004   -0.00793163325695975   0
0.169331802410799   0.177726808891484   0.0795658167063022   0.011214879708467   0
0.123755296914072   0.169003816446856   -0.0455765054967279   -0.00872299244462807   0
0.195925985296106   0.194990892880924   0.0721706883820346   0.0259870764340684   0
0.129193654090826   0.171641789992152   -0.0667323312052801   -0.0233491028887721   0
0.176769842403771   0.189472756999892   0.0475761883129452   0.0178309670077397   0
0.101573621074224   0.16925806551757   -0.0751962213295474   -0.0202146914823217   0
0.162724353651105   0.187529203197589   0.0611507325768816   0.0182711376800188   0
0.0900000108322771   0.147632232993544   -0.0727243428188282   -0.0398969702040449   0
0.133839130697864   0.182986897335875   0.0438391198655872   0.0353546643423311   0
0.102812870066981   0.190559334395648   -0.0310262606308829   0.0075724370597734   0
0.0971428327066387   0.217425475603257   -0.00567003736034268   0.0268661412076087   0
0.109093783675739   0.214819975837072   0.0119509509691001   -0.00260549976618543   0
0.116152871565407   0.21122004044832   0.00705908788966844   -0.00359993538875139   0
0.0905476134905829   0.220375121255673   -0.0256052580748243   0.00915508080735269   0
0.115196416782252   0.253013995335159   0.0246488032916694   0.0326388740794864   0
0.125829064415381   0.221664719879506   0.0106326476331282   -0.031349275455653   0
0.121501950123856   0.222064924455332   -0.00432711429152458   0.000400204575826124   0
0.1600328857434   0.242123808950111   0.0385309356195436   0.0200588844947789   0
0.0784410516249623   0.246626008058538   -0.0815918341184373   0.00450219910842661   0
0.196914651807046   0.291235392042674   0.118473600182083   0.0446093839841361   0
0.104364161792926   0.282421624012752   -0.0925504900141197   -0.0088137680299224   0
0.153864967631784   0.298993880744239   0.0495008058388584   0.0165722567314871   0
0.128759619999362   0.30403433257259   -0.0251053476324226   0.00504045182835089   0
0.153583413414535   0.326499771234989   0.0248237934151735   0.0224654386623993   0
0.13310287072355   0.364114145817562   -0.0204805426909853   0.0376143745825728   0
0.199671012077993   0.380642821949265   0.0665681413544431   0.0165286761317036   0
0.174543703193011   0.405148617257532   -0.0251273088849817   0.0245057953082665   0
0.163463976363387   0.392732583248767   -0.0110797268296241   -0.0124160340087643   0
0.170573654385442   0.419418218926053   0.00710967802205448   0.0266856356772855   0
0.21335316122467   0.416168102182279   0.0427795068392283   -0.00325011674377357   0
0.212777373303032   0.451685102295006   -0.000575787921638232   0.0355170001127267   0
0.270499262807221   0.493844312593554   0.0577218895041893   0.0421592102985482   0
0.279998086331032   0.516494672781095   0.00949882352381087   0.0226503601875405   0
0.32448851496731   0.521091304927937   0.0444904286362779   0.00459663214684214   0
0.31175820847272   0.501809904037375   -0.0127303064945896   -0.0192814008905613   0
0.338968338114698   0.520376321577471   0.0272101296419776   0.0185664175400959   0
0.337880933297649   0.49810009491291   -0.00108740481704922   -0.0222762266645614   0
0.358849176722678   0.512318762069817   0.02096824342503   0.0142186671569073   0
0.340142835279361   0.496574018622098   -0.0187063414433175   -0.015744743447719   0
0.363900727001871   0.537012687468602   0.0237578917225096   0.0404386688465033   0
0.324404534246626   0.493982192459657   -0.0394961927552446   -0.0430304950089442   0
0.335178150281145   0.520567965529238   0.0107736160345192   0.0265857730695807   0
0.280744199354779   0.463922332439386   -0.0544339509263659   -0.0566456330898523   0
0.283104846479251   0.462943829251995   0.0023606471244712   -0.000978503187391178   0
0.251883526936261   0.42531071464166   -0.0312213195429898   -0.0376331146103341   0
0.265722877460034   0.452528402459172   0.0138393505237728   0.0272176878175112   0
0.241844067655442   0.459987034097973   -0.0238788098045915   0.00745863163880162   0
0.257910250314523   0.503142666395179   0.0160661826590812   0.0431556322972053   0
0.241432513472171   0.495788927880101   -0.0164777368423522   -0.00735373851507748   0
0.248577263275586   0.468694913781609   0.00714474980341501   -0.0270940140984921   0
0.250155535699754   0.473122909840826   0.00157827242416816   0.00442799605921651   0
0.250992891291228   0.486766221901489   0.000837355591473465   0.0136433120606639   0
0.246984580399688   0.502829457365517   -0.0040083108915395   0.0160632354640273   0
0.273041611278904   0.525125566285103   0.0260570308792157   0.0222961089195861   0
0.282427943266827   0.569661764259503   0.0093863319879231   0.0445361979744004   0
0.322252794330553   0.564774643995065   0.0398248510637266   -0.00488712026443827   0
0.325455923706935   0.587859458796916   0.00320312937638167   0.0230848148018505   0
0.35155207197502   0.635289339277036   0.0260961482680853   0.0474298804801201   0
0.358961905820952   0.637711035812109   0.00740983384593152   0.00242169653507296   0
0.371527778019033   0.671999617901119   0.0125658721980812   0.0342885820890103   0
0.380081295421716   0.669684974997946   0.00855351740268312   -0.00231464290317251   0
0.369112242217689   0.677081732163474   -0.0109690532040272   0.00739675716552735   0
0.366511690002379   0.667396210248455   -0.00260055221531008   -0.0096855219150187   0
0.368964873788495   0.657836264449597   0.00245318378611598   -0.0095599457988581   0
0.357352721955731   0.650725193299368   -0.011612151832764   -0.0071110711502288   0
0.357679903779972   0.647106220952364   0.000327181824241018   -0.00361897234700403   0
0.348079507666639   0.612825183908511   -0.00960039611333269   -0.0342810370438533   0
0.327698752801426   0.593396517913151   -0.0203807548652135   -0.0194286659953599   0
0.331759797579212   0.635971266402424   0.00406104477778657   0.0425747484892726   0
0.322098531959772   0.63487480754063   -0.00966126561944081   -0.0010964588617931   0
0.332521105194257   0.63138017038271   0.0104225732344852   -0.00349463715792031   0
0.343015893002948   0.639164989023179   0.0104947878086914   0.00778481864046854   0
0.349135831446287   0.650645645753124   0.00611993844333858   0.0114806567299455   0
0.344958922253882   0.672305173347826   -0.00417690919240449   0.0216595275947018   0
0.351260180822393   0.697157081529873   0.00630125856851038   0.0248519081820471   0
0.342103580585734   0.7113274525839   -0.00915660023665826   0.0141703710540269   0
0.341405217981507   0.725168529776527   -0.000698362604227898   0.0138410771926273   0
0.363563062151534   0.756027674188749   0.0221578441700273   0.0308591444122224   0
0.38016702086358   0.772914617838866   0.0166039587120467   0.0168869436501163   0
0.367179091864787   0.796039158836932   -0.012987928998793   0.0231245409980659   0
0.385200598690773   0.803876871322499   0.0180215068259856   0.00783771248556731   0
0.424027605533661   0.837297463167213   0.0388270068428879   0.0334205918447138   0
0.420589630878271   0.838461510170413   -0.00343797465539031   0.00116404700320039   0
0.427318495491625   0.843568808409989   0.00672886461335392   0.00510729823957623   0
0.433989502016178   0.828375952009261   0.00667100652455321   -0.0151928564007282   0
0.410147323859659   0.848836289328661   -0.0238421781565188   0.0204603373193996   0
0.413231635191705   0.843640989581765   0.00308431133204556   -0.00519529974689548   0
0.42677395375988   0.856555880407256   0.0135423185681752   0.0129148908254911   0
0.459794794648656   0.880540294566495   0.0330208408887765   0.0239844141592387   0
0.459515694580555   0.897388282868681   -0.000279100068101279   0.016847988302186   0
0.464219794716996   0.910011705363728   0.00470410013644113   0.0126234224950464   0
0.475678666946722   0.943175772062663   0.0114588722297254   0.0331640666989351   0
0.469347857285287   0.936899431108937   -0.00633080966143468   -0.00627634095372553   0
0.468724955234133   0.963002964928717   -0.00062290205115384   0.0261035338197798   0
0.465301361030827   0.963482978875859   -0.00342359420330646   0.000480013947142366   0
0.490117521333088   0.966126203425437   0.0248161603022614   0.00264322454957799   0
0.478655883249292   0.960041752278514   -0.0114616380837959   -0.00608445114692313   0
0.476737816177037   0.987887666713681   -0.00191806707225539   0.0278459144351664   0
0.442894943235346   0.993757220869992   -0.0338428729416912   0.0058695541563113   0
0.472292108488211   1.00240616307962   0.0293971652528653   0.00864894220962531   0
0.460556867003283   0.998297443300342   -0.0117352414849275   -0.00410871977927507   0
0.460572117594031   0.997285902138524   1.52505907478062e-05   -0.00101154116181812   0
0.458793575935464   1.01931429695126   -0.00177854165856756   0.0220283948127402   0
0.488696811409692   1.03409263064498   0.0299032354742283   0.0147783336937133   0
0.484233141755384   1.05969408340768   -0.00446366965430778   0.0256014527627055   0
0.492305719001923   1.07764439746862   0.00807257724653843   0.0179503140609345   0
0.50628285201086   1.10335791618994   0.0139771330089372   0.0257135187213196   0
0.497836731205372   1.09728059534743   -0.00844612080548751   -0.006077320842512   0
0.507694172192157   1.12947360871912   0.00985744098678515   0.0321930133716986   0
0.497566037135977   1.12554989547403   -0.0101281350561808   -0.00392371324508933   0
0.519319710148277   1.14644232529903   0.0217536730123   0.0208924298249979   0
0.508628615026537   1.12955263840073   -0.0106910951217398   -0.0168896868983015   0
0.510971542507809   1.14701836284115   0.00234292748127252   0.0174657244404237   0
0.484631017529601   1.1458163485999   -0.0263405249782078   -0.00120201424125255   0
0.498806056112153   1.15276093671056   0.0141750385825512   0.00694458811065557   0
0.497534199670736   1.14308061340539   -0.00127185644141647   -0.00968032330516344   0
0.55373317711963   1.12946985889294   0.0561989774488942   -0.0136107545124531   0
0.519685823475578   1.13792568498346   -0.034047353644052   0.00845582609051743   0
0.546723607694967   1.1403360282823   0.0270377842193883   0.00241034329883716   0
0.526685385567978   1.18143484123639   -0.0200382221269884   0.0410988129540926   0
0.540164496136131   1.16120977182404   0.0134791105681523   -0.0202250694123476   0
0.511099670463424   1.17731199729003   -0.0290648256727071   0.0161022254659899   0
0.505423586279281   1.16122368440939   -0.00567608418414245   -0.0160883128806391   0
0.499601795785013   1.13544557588313   -0.00582179049426801   -0.0257781085262663   0
0.491066659919404   1.17506849095493   -0.00853513586560878   0.0396229150718075   0
0.426680945240035   1.19344213627861   -0.0643857146793691   0.0183736453236765   0
0.492538907481876   1.16434207498365   0.0658579622418407   -0.0291000612949632   0
0.461923725176311   1.17935137128519   -0.0306151823055651   0.0150092963015407   0
0.471999028994234   1.17113586723757   0.0100753038179234   -0.00821550404761862   0
0.476406580481053   1.20101965190458   0.00440755148681871   0.0298837846670126   0
0.4988660263494   1.18193814464608   0.0224594458683468   -0.019081507258504   0
0.509331359024849   1.19848910766692   0.0104653326754497   0.0165509630208434   0
0.496963850464498   1.20545230244679   -0.0123675085603512   0.00696319477987206   0
0.512700503450133   1.21005674213827   0.015736652985635   0.00460443969147306   0
0.490471937220602   1.240205809145   -0.0222285662295313   0.0301490670067333   0
0.516427650100583   1.22345529657246   0.0259557128799809   -0.0167505125725367   0
0.465338030152286   1.25852553415942   -0.0510896199482966   0.0350702375869572   0
0.5013386802007   1.26545059269111   0.0360006500484141   0.00692505853169445   0
0.481870714853437   1.27941458998452   -0.0194679653472631   0.0139639972934038   0
0.517431671162135   1.26220257277428   0.035560956308698   -0.0172120172102328   0
0.509932466648604   1.27091188825701   -0.00749920451353081   0.00870931548272602   0
0.524399603110948   1.27139412765005   0.0144671364623439   0.000482239393036155   0
0.500028310256529   1.29913589656673   -0.0243712928544189   0.0277417689166868   0
0.526454524766765   1.28497983408233   0.0264262145102353   -0.0141560624844042   0
0.511057118213072   1.28631068169212   -0.0153974065536926   0.00133084760979196   0
0.521568659586291   1.26917967043175   0.0105115413732185   -0.0171310112603691   0
0.484512651040125   1.27729475167931   -0.0370560085461655   0.00811508124755411   0
0.510477712964043   1.2734660841695   0.025965061923918   -0.00382866750980626   0
0.466578990623117   1.27758448518581   -0.0438987223409259   0.00411840101631378   0
0.471114677225715   1.24228433009744   0.00453568660259812   -0.0353001550883758   0
0.462719810438032   1.25926737606391   -0.00839486678768347   0.0169830459664744   0
0.489968066221606   1.28118234435203   0.027248255783574   0.0219149682881137   0
0.478597399215792   1.29692415062047   -0.0113706670058141   0.0157418062684491   0
0.492088670922691   1.30300551716886   0.0134912717068988   0.00608136654838942   0
0.427226392939809   1.35329141297502   -0.0648622779828816   0.0502858958061543   0
0.481412109962452   1.33857126990889   0.0541857170226431   -0.014720143066127   0
0.463567876839379   1.33565744426533   -0.0178442331230727   -0.00291382564355813   0
0.493870923067142   1.3295818446918   0.0303030462277626   -0.00607559957353265   0
0.472675574533358   1.34312450609778   -0.0211953485337841   0.0135426614059779   0
0.483888977571137   1.34611081951668   0.0112134030377787   0.0029863134188981   0
0.435514170009714   1.36858565471438   -0.0483748075614227   0.0224748351977075   0
0.485223271945411   1.37324558629784   0.0497091019356968   0.00465993158345612   0
0.487644442859969   1.39355117457633   0.00242117091455868   0.0203055882784871   0
0.518312266421508   1.37842078609802   0.0306678235615383   -0.0151303884783116   0
0.488502644925419   1.42068414443239   -0.0298096214960888   0.0422633583343777   0
0.503466600309613   1.44263145651821   0.0149639553841945   0.0219473120858189   0
0.535956850977763   1.4562345324997   0.0324902506681494   0.013603075981484   0
0.525400152944905   1.46862678556667   -0.0105566980328574   0.0123922530669733   0
0.561904717663493   1.48600371422881   0.0365045647185878   0.0173769286621372   0
0.551535415507835   1.51327634988685   -0.0103693021556583   0.0272726356580442   0
0.592865899697866   1.52887587707951   0.0413304841900312   0.0155995271926581   0
0.577836027693828   1.54251361330785   -0.0150298720040379   0.0136377362283406   0
0.613490443018993   1.53186148854695   0.0356544153251648   -0.0106521247609017   0
0.574994857978556   1.56062506007793   -0.0384955850404366   0.028763571530984   0
0.590821533924323   1.54904363823637   0.0158266759457668   -0.0115814218415615   0
0.580595976727672   1.53893198184823   -0.0102255571966505   -0.0101116563881436   0
0.599693541242934   1.54033792537805   0.019097564515261   0.00140594352982415   0
0.566163337063739   1.56860170295261   -0.0335302041791945   0.0282637775745538   0
0.587098495059977   1.54540107519304   0.020935157996238   -0.0232006277595624   0
0.570850520613698   1.56409175395038   -0.016247974446279   0.0186906787573329   0
0.586538278737066   1.57419805893069   0.0156877581233679   0.0101063049803167   0
0.552562248239572   1.58925558661074   -0.0339760304974942   0.0150575276800453   0
0.591342843502997   1.58933290166416   0.0387805952634253   7.73150534194578e-05   0
0.551132238125189   1.59950215679347   -0.0402106053778079   0.0101692551293122   0
0.589744874566961   1.57869856160725   0.0386126364417715   -0.0208035951862151   0
0.550389143740363   1.58922064153363   -0.0393557308265975   0.0105220799263757   0
0.576208120797824   1.57742288248079   0.0258189770574612   -0.0117977590528411   0
0.552082057741501   1.60190861648879   -0.0241260630563233   0.0244857340080045   0
0.596355638500895   1.58581432600906   0.0442735807593939   -0.0160942904797354   0
0.5276823865418   1.62973110375798   -0.0686732519590946   0.0439167777489218   0
0.573746363429216   1.62343564058686   0.0460639768874157   -0.00629546317112428   0
0.528915795698735   1.63004627925854   -0.044830567730481   0.00661063867168177   0
0.571011057989633   1.60989521437812   0.042095262290898   -0.0201510648804202   0
0.594376958448938   1.61543629088785   0.0233659004593045   0.00554107650973479   0
0.577187823969876   1.63951385345054   -0.017189134479062   0.0240775625626917   0
0.660340067169939   1.62939529953976   0.0831522432000639   -0.0101185539107878   0
0.679864827551772   1.62656029853653   0.0195247603818322   -0.00283500100322387   0
0.72091853103246   1.53849655462094   0.0410537034806885   -0.0880637439155927   0
0.731979867171905   1.48315567244491   0.0110613361394452   -0.0553408821760335   0
0.699212765736582   1.50547469509031   -0.0327671014353235   0.0223190226454004   0
0.70718565682853   1.50401335613692   0.00797289109194865   -0.00146133895338307   0
0.725403018063752   1.49594497078719   0.0182173612352216   -0.00806838534972854   0
0.735775878975385   1.49669342391628   0.0103728609116328   0.000748453129089555   0
0.736119781993393   1.4996637233185   0.000343903018007907   0.00297029940221405   0
0.729904416721121   1.50761200277359   -0.00621536527227151   0.00794827945509335   0
0.728167240140615   1.50217773119969   -0.00173717658050621   -0.00543427157390042   0
0.711814210329493   1.4720299539263   -0.0163530298111217   -0.0301477772733958   0
0.722722574227483   1.46207620256361   0.0109083638979901   -0.0099537513626804   0
0.680598126154488   1.43500930374897   -0.0421244480729956   -0.0270668988146452   0
0.713834165675754   1.43277821108405   0.0332360395212664   -0.00223109266491983   0
0.657145922043955   1.42641536352083   -0.0566882436317988   -0.00636284756322025   0
0.708329571815267   1.41171069567526   0.0511836497713121   -0.0147046678455709   0
0.641714507782861   1.42209335266852   -0.066615064032406   0.0103826569932646   0
0.707163594086262   1.40989619176881   0.0654490863034011   -0.0121971608997098   0
0.637303765396847   1.39979453154965   -0.069859828689415   -0.0101016602191604   0
0.713893753405925   1.39287090307535   0.0765899880090779   -0.00692362847429884   0
0.637920358776078   1.42904264873271   -0.0759733946298473   0.036171745657356   0
0.719487761054349   1.39224594495885   0.081567402278271   -0.0367967037738632   0
0.640892790972874   1.40609556692353   -0.0785949700814749   0.0138496219646818   0
0.702479580017811   1.37493372580736   0.0615867890449368   -0.0311618411161716   0
0.647600327651245   1.32817546665529   -0.0548792523665659   -0.0467582591520659   0
0.659901080588598   1.27417557204659   0.0123007529373534   -0.053999894608703   0
0.655907078935728   1.27116839440507   -0.00399400165287001   -0.00300717764152214   0
0.647311724314491   1.25565382580202   -0.00859535462123717   -0.015514568603046   0
0.657705967382082   1.20945877433948   0.0103942430675905   -0.046195051462542   0
0.584414379882973   1.15476923836271   -0.0732915874991086   -0.0546895359767638   0
0.654861857977696   1.12209653979079   0.0704474780947227   -0.0326726985719259   0
