0   0   0   0   0
0.06444165117104   0.054599939408872   0.06444165117104   0.054599939408872   0
0.0634305494541865   0.0268006814116269   -0.00101110171685348   -0.0277992579972451   0
0.0350061692312941   0.0171248569170636   -0.0284243802228924   -0.00967582449456335   0
0.0588973199155106   0.0371094116101293   0.0238911506842165   0.0199845546930657   0
0.0633089474296485   0.0559793582224957   0.00441162751413795   0.0188699466123664   0
0.0479688437093287   0.0164152296195484   -0.0153401037203199   -0.0395641286029473   0
0.0742641088996562   0.0385936979369689   0.0262952651903276   0.0221784683174205   0
0.0855516176266703   0.0359121724380815   0.0112875087270141   -0.00268152549888744   0
0.0559997114966676   0.0489374102377976   -0.0295519061300027   0.0130252377997161   0
0.0731784559244728   0.032548946604537   0.0171787444278052   -0.0163884636332606   0
0.083900528238504   0.0390701325333013   0.0107220723140312   0.00652118592876427   0
0.0771686124765115   0.0320918226544162   -0.00673191576199249   -0.00697830987888508   0
0.0536557870040129   0.0280010643080312   -0.0235128254724986   -0.00409075834638496   0
0.0725334361310699   0.0453816661518999   0.018877649127057   0.0173806018438687   0
0.0764291820978087   0.0570874497338294   0.00389574596673875   0.0117057835819295   0
0.0560299389727492   0.0364917310876522   -0.0203992431250595   -0.0205957186461772   0
0.0805920074381449   0.051298178464274   0.0245620684653957   0.0148064473766217   0
0.0783119234702481   0.05829450963295   -0.00228008396789675   0.00699633116867604   0
0.0535232929526949   0.0461859659902575   -0.0247886305175532   -0.0121085436426925   0
0.0970888762438829   0.017090336063694   0.043565583291188   -0.0290956299265635   0
0.0889126785986116   0.0271389135886544   -0.00817619764527129   0.0100485775249604   0
0.0836732165023552   0.0490575780570902   -0.00523946209625641   0.0219186644684358   0
0.111040149444604   0.0126914802639655   0.0273669329422489   -0.0363660977931247   0
0.120054676658179   0.0172892617900997   0.00901452721357532   0.00459778152613419   0
0.12163249409467   0.0200017106169172   0.00157781743649092   0.00271244882681759   0
0.0931275479489286   0.0298785628158802   -0.0285049461457417   0.00987685219896297   0
0.0994474633754426   0.0375008512520049   0.006319915426514   0.00762228843612471   0
0.0908214486146307   0.0484450783807292   -0.00862601476081193   0.0109442271287243   0
0.0901905742553511   0.048072995811318   -0.000630874359279582   -0.000372082569411229   0
0.0790478990978255   0.0407372651104492   -0.0111426751575256   -0.00733573070086878   0
0.0818258788884055   0.0466327439796601   0.00277797979057998   0.00589547886921085   0
0.0991007270557083   0.055452279230028   0.0172748481673028   0.00881953525036795   0
0.0849862451923251   0.0610319380771658   -0.0141144818633832   0.00557965884713774   0
0.0853901141751198   0.0590688771640785   0.000403868982794722   -0.00196306091308724   0
0.0955606908335744   0.0580226066988008   0.0101705766584546   -0.00104627046527773   0
0.0700812846199326   0.0680474063511792   -0.0254794062136419   0.0100247996523784   0
0.0898519776341623   0.0619665331618609   0.0197706930142297   -0.00608087318931832   0
0.0892892306511821   0.0857739285979283   -0.000562746982980172   0.0238073954360674   0
0.0662701685705273   0.0727433120978314   -0.0230190620806549   -0.0130306165000969   0
0.093782028187761   0.055318767089401   0.0275118596172337   -0.0174245450084304   0
0.0839506878191597   0.084488174290406   -0.00983134036860135   0.029169407201005   0
0.07975444552293   0.0660748189735129   -0.0041962422962297   -0.0184133553168931   0
0.0969792753176677   0.0582088429784781   0.0172248297947378   -0.00786597599503474   0
0.134221769709984   0.0563581623948342   0.0372424943923163   -0.00185068058364399   0
0.092607954497076   0.0637946552067256   -0.0416138152129081   0.00743649281189143   0
0.123761874078288   0.0552068903033172   0.0311539195812119   -0.00858776490340837   0
0.135583282640376   0.0540835570691315   0.0118214085620878   -0.00112333323418575   0
0.152047505288216   0.0555429355236391   0.0164642226478401   0.00145937845450759   0
0.196789737508794   0.0771692883366984   0.0447422322205781   0.0216263528130594   1
2.46046126164738   0.585368703989204   2.26367152413859   0.508199415652505   1
0.782866071806027   0.157723597742419   -1.67759518984135   -0.427645106246784   1
0.390888359069812   0.310212933935708   -0.391977712736216   0.152489336193289   1
0.271368638451904   0.26190258022731   -0.119519720617908   -0.0483103537083982   1
0.263346309512778   0.249726331258079   -0.00802232893912547   -0.0121762489692305   0
0.269938548697458   0.250661498609265   0.00659223918467994   0.00093516735118554   0
0.238765470311119   0.233109633075191   -0.0311730783863388   -0.0175518655340743   0
0.25289451244084   0.25839985088171   0.0141290421297204   0.0252902178065195   0
0.279007669000334   0.25721808865074   0.0261131565594944   -0.00118176223096994   0
0.265086900139633   0.249882130627602   -0.0139207688607007   -0.00733595802313805   0
0.314970107189936   0.274426993191381   0.049883207050303   0.0245448625637793   0
0.322441227528119   0.275790800737393   0.00747112033818231   0.00136380754601173   0
0.300709667205496   0.255866304841044   -0.021731560322623   -0.0199244958963493   0
0.327476820514063   0.282881051697423   0.0267671533085675   0.0270147468563789   0
0.302985603310207   0.278772221981231   -0.0244912172038564   -0.00410882971619225   0
0.290415762907525   0.25667392764756   -0.0125698404026814   -0.0220982943336703   0
0.280709558248824   0.268909624086867   -0.00970620465870126   0.0122356964393066   0
0.284380647728094   0.285900974140164   0.00367108947926936   0.0169913500532977   0
0.275882974393872   0.266840112798994   -0.00849767333422125   -0.0190608613411702   0
0.257600286973132   0.255650017125444   -0.0182826874207401   -0.0111900956735499   0
0.291656414591296   0.282491339435575   0.034056127618164   0.0268413223101302   0
0.279368202910854   0.272349393416513   -0.0122882116804423   -0.0101419460190618   0
0.16033952827497   0.392979528134813   -0.119028674635884   0.1206301347183   1
0.182772780262817   0.430459480473761   0.0224332519878467   0.037479952338948   1
0.753671913551142   0.424368724356193   0.570899133288325   -0.00609075611756765   1
0.84795429731209   0.429631948371696   0.0942823837609478   0.0052632240155035   0
0.837099135196161   0.45123781926298   -0.0108551621159291   0.0216058708912836   0
0.863809105530174   0.462806387360765   0.0267099703340137   0.011568568097785   0
0.868357111625793   0.472472613802069   0.00454800609561867   0.00966622644130377   0
0.86446624578951   0.456450272983485   -0.00389086583628273   -0.0160223408185838   0
0.893599947491135   0.47822866652779   0.0291337017016252   0.0217783935443048   0
0.915238771388106   0.497175148434581   0.0216388238969706   0.0189464819067915   0
0.896319811815677   0.479552359849212   -0.0189189595724294   -0.0176227885853695   0
0.904195751165642   0.482224251463931   0.00787593934996556   0.00267189161471865   0
0.923837918740214   0.505956968647481   0.0196421675745717   0.0237327171835503   0
0.899488006392242   0.482857044765786   -0.0243499123479719   -0.023099923881695   0
0.884183945231986   0.482376113037273   -0.0153040611602558   -0.000480931728512712   0
0.913800843611867   0.498233862002233   0.029616898379881   0.01585774896496   0
0.856327519524563   0.476924732298979   -0.0574733240873047   -0.0213091297032544   0
0.84263642344459   0.48217248268664   -0.0136910960799727   0.00524775038766129   0
0.824702482253819   0.449302758442676   -0.0179339411907713   -0.0328697242439635   0
0.85448104736822   0.476889114609131   0.0297785651144012   0.0275863561664543   0
0.802782265143102   0.465802419559248   -0.0516987822251177   -0.0110866950498825   0
0.855635336712925   0.482187766029944   0.0528530715698224   0.0163853464706958   0
0.876598318448056   0.448012140399061   0.0209629817351318   -0.034175625630883   0
0.883505168510298   0.474740773395173   0.00690685006224168   0.0267286329961119   0
0.89656035784159   0.489707674938116   0.013055189331292   0.0149669015429427   0
0.88562228728607   0.454608942692451   -0.0109380705555202   -0.0350987322456648   0
0.901591620409174   0.492704949999998   0.015969333123104   0.0380960073075467   0
0.861086989301714   0.476461902454119   -0.0405046311074597   -0.0162430475458789   0
0.907411622342501   0.491628728029799   0.0463246330407869   0.0151668255756802   0
0.901616499182441   0.495846026153559   -0.00579512316006048   0.00421729812376026   0
0.859848360794507   0.487083969541134   -0.041768138387934   -0.00876205661242546   0
0.904180550532918   0.487591122399391   0.0443321897384111   0.000507152858257476   0
0.892772060618924   0.507561626030473   -0.0114084899139936   0.0199705036310823   0
0.861828160403946   0.48788407598291   -0.0309439002149779   -0.0196775500475633   0
0.88669277949786   0.490454252985712   0.0248646190939136   0.00257017700280154   0
0.885426506453811   0.503662723121533   -0.00126627304404903   0.0132084701358214   0
0.863926478553679   0.487787567141312   -0.0215000279001322   -0.0158751559802206   0
0.874116061142203   0.488437165023557   0.0101895825885245   0.000649597882245057   0
0.880288902682006   0.501540269309186   0.0061728415398028   0.0131031042856289   0
0.865218910966982   0.504721491947983   -0.0150699917150241   0.00318122263879683   0
0.842437942066951   0.492286606836097   -0.0227809689000305   -0.0124348851118862   0
0.820339353683584   0.489905299534451   -0.0220985883833675   -0.00238130730164626   0
0.839116071440561   0.489596788480784   0.0187767177569768   -0.000308511053666305   0
0.843221699143974   0.505592516356129   0.00410562770341305   0.0159957278753444   0
0.841861813848383   0.489022539339142   -0.00135988529559017   -0.016569977016987   0
0.820054112178635   0.485922749152968   -0.0218077016697481   -0.00309979018617368   0
0.849399866769762   0.477236849855208   0.0293457545911271   -0.00868589929776009   0
0.856924131456548   0.499458872568744   0.00752426468678602   0.0222220227135356   0
0.847606286931167   0.480781509571493   -0.00931784452538131   -0.0186773629972511   0
0.849616694800991   0.480436730561457   0.00201040786982376   -0.000344779010035323   0
0.871744708210844   0.495912579356889   0.0221280134098534   0.0154758487954315   0
0.831721071128182   0.480754475651036   -0.0400236370826624   -0.0151581037058528   0
0.854646792982487   0.488003896652601   0.0229257218543052   0.007249421001565   0
0.862981901901917   0.491229222428519   0.00833510891943001   0.00322532577591783   0
0.827384441827957   0.477084322356384   -0.03559746007396   -0.0141449000721349   0
0.858719583403593   0.484228761571607   0.0313351415756359   0.00714443921522345   0
0.848595664666253   0.489911975676113   -0.0101239187373396   0.0056832141045059   0
0.850312262409669   0.481096671956489   0.00171659774341593   -0.00881530371962375   0
0.828280182191775   0.480546396092534   -0.0220320802178942   -0.000550275863955507   0
0.867224036718477   0.503762354776439   0.0389438545267018   0.0232159586839047   0
0.8462473594949   0.484944689567934   -0.0209766772235772   -0.0188176652085045   0
0.815908063410921   0.4781627269413   -0.0303392960839783   -0.00678196262663433   0
0.837448721853082   0.492837584291034   0.0215406584421602   0.0146748573497347   0
0.840250967621793   0.48771892877343   0.00280224576871191   -0.00511865551760404   0
0.810607174103715   0.496767184655448   -0.0296437935180788   0.00904825588201763   0
0.79457387853569   0.470625507233323   -0.0160332955680244   -0.0261416774221251   0
0.831623976646898   0.481846438313038   0.0370500981112074   0.0112209310797147   0
0.823322671187451   0.480889147090325   -0.00830130545944641   -0.000957291222712875   0
0.78602519676303   0.456089132545306   -0.0372974744244212   -0.0248000145450185   0
0.819523878769136   0.451424438995797   0.0334986820061063   -0.00466469354950949   0
0.832863316483467   0.466945432282033   0.0133394377143309   0.0155209932862365   0
0.829062864105105   0.433208778018466   -0.00380045237836213   -0.0337366542635673   0
0.848893489561582   0.464781426048387   0.0198306254564771   0.0315726480299213   0
0.846284540075949   0.464171573723629   -0.0026089494856335   -0.000609852324758631   0
0.801668993415668   0.452367790858934   -0.044615546660281   -0.0118037828646942   0
0.856084185726643   0.481436632302365   0.0544151923109756   0.0290688414434306   0
0.834038542770441   0.463196012271546   -0.0220456429562027   -0.0182406200308186   0
0.815753137167097   0.463604390213059   -0.0182854056033439   0.000408377941512938   0
0.866950381484292   0.495523029945221   0.0511972443171957   0.0319186397321619   0
0.833985732162613   0.46666138814182   -0.0329646493216793   -0.0288616418034016   0
0.845413205221121   0.473452127420661   0.0114274730585083   0.00679073927884155   0
0.844343986640019   0.482807773511441   -0.00106921858110276   0.0093556460907801   0
0.84909704888151   0.474043145159133   0.00475306224149175   -0.00876462835230862   0
0.720478406405771   0.227689852917675   -0.128618642475739   -0.246353292241458   1
0.783721096136885   0.233847330670467   0.0632426897311132   0.00615747775279146   1
0.747204029473403   0.248532044339357   -0.0365170666634818   0.0146847136688903   1
0.801048753656106   0.270821608946277   0.0538447241827026   0.0222895646069199   0
0.800703718435409   0.282469794256837   -0.000345035220696843   0.0116481853105607   0
0.765806522712108   0.232427287476105   -0.0348971957233009   -0.0500425067807323   0
0.797113111992426   0.250287526714777   0.0313065892803183   0.0178602392386716   0
0.788605108948072   0.259056641944383   -0.0085080030443544   0.00876911522960594   0
0.781726222702482   0.242925073849428   -0.00687888624558997   -0.0161315680949546   0
0.785939958849714   0.258883981815697   0.00421373614723219   0.0159589079662688   0
0.808914433394417   0.268503321378433   0.0229744745447027   0.0096193395627362   0
0.79216673962746   0.250733317274051   -0.0167476937669566   -0.0177700041043817   0
0.755774630325364   0.239303026488384   -0.0363921093020964   -0.0114302907856677   0
0.78016968254897   0.255283837613645   0.0243950522236059   0.0159808111252617   0
0.784236493042475   0.243002919264872   0.00406681049350543   -0.012280918348773   0
0.802071604146413   0.228494642445944   0.0178351111039379   -0.0145082768189278   0
0.859926965845292   0.230232796165403   0.0578553616988792   0.00173815371945854   0
0.826165147319614   0.208021857532448   -0.0337618185256777   -0.0222109386329552   0
0.852980360842523   0.245512115094653   0.0268152135229083   0.0374902575622049   0
0.856812156491982   0.247124326889321   0.0038317956494589   0.00161221179466836   0
0.832726009707251   0.223339133282213   -0.024086146784731   -0.0237851936071083   0
0.832172898172255   0.254306730837978   -0.000553111534995709   0.0309675975557656   0
0.845349611736446   0.248684567730891   0.0131767135641911   -0.0056221631070876   0
0.834493183247658   0.223576170654992   -0.0108564284887877   -0.025108397075899   0
0.848408990292565   0.234228423661604   0.0139158070449069   0.0106522530066125   0
0.863175453748982   0.246204072794806   0.0147664634564163   0.0119756491332014   0
0.830756205667589   0.226365823964219   -0.0324192480813922   -0.0198382488305863   0
0.870529082633177   0.270194348149739   0.0397728769655873   0.0438285241855197   0
0.853936603980934   0.255742988355013   -0.0165924786522429   -0.0144513597947258   0
0.817784737941569   0.252190779904302   -0.0361518660393652   -0.00355220845071158   0
0.865044158472988   0.260525576123363   0.0472594205314194   0.0083347962190608   0
0.820653246840107   0.262672348996806   -0.0443909116328808   0.00214677287344361   0
0.819655412275793   0.246611702839322   -0.000997834564314237   -0.0160606461574844   0
0.796181505221868   0.295430115008359   -0.0234739070539246   0.0488184121690375   0
0.809263655195938   0.280163965228328   0.0130821499740696   -0.015266149780031   0
0.786061666722586   0.272954369409449   -0.0232019884733518   -0.00720959581887931   0
0.76680596806569   0.24957139998834   -0.0192556986568964   -0.023382969421109   0
0.804977586373615   0.273202124560736   0.0381716183079247   0.0236307245723962   0
0.827314517662715   0.277800398625074   0.0223369312891   0.00459827406433783   0
0.802054194758659   0.258032990245918   -0.025260322904056   -0.0197674083791561   0
0.82876432145978   0.272525660695466   0.0267101267011216   0.0144926704495476   0
0.843105128452799   0.250266339100587   0.0143408069930183   -0.0222593215948785   0
0.812043399190123   0.246570951340076   -0.0310617292626753   -0.00369538776051126   0
0.822686329170456   0.265121805030725   0.0106429299803328   0.0185508536906497   0
0.839821235469936   0.254292079669718   0.0171349062994802   -0.0108297253610079   0
0.817795726543157   0.243231207271497   -0.0220255089267792   -0.0110608723982204   0
0.847771793836667   0.25893292583787   0.0299760672935098   0.0157017185663731   0
0.816331218612127   0.241544259226958   -0.03144057522454   -0.017388666610912   0
0.822047295539837   0.250607117066735   0.00571607692771026   0.00906285783977634   0
0.839994463525183   0.254530140222136   0.017947167985346   0.00392302315540105   0
0.816533763286002   0.232786437359439   -0.0234607002391815   -0.0217437028626966   0
0.841818496615874   0.258151610473865   0.0252847333298724   0.0253651731144258   0
0.829203778380827   0.23646415673628   -0.0126147182350468   -0.0216874537375848   0
0.837917828780132   0.241632863201594   0.00871405039930451   0.00516870646531353   0
0.855183847451038   0.267904741705424   0.0172660186709062   0.0262718785038306   0
0.811807517161704   0.245149801381217   -0.043376330289334   -0.0227549403242074   0
0.854054570108374   0.275111308049578   0.0422470529466704   0.0299615066683616   0
0.81679564041533   0.259100728175839   -0.0372589296930438   -0.0160105798737393   0
0.814675245842102   0.270828968146873   -0.00212039457322799   0.0117282399710341   0
0.834512156494943   0.276516270660516   0.0198369106528403   0.00568730251364341   0
0.819204915551683   0.244139584812152   -0.01530724094326   -0.0323766858483644   0
0.808302075791594   0.247404135160975   -0.0109028397600887   0.00326455034882295   0
0.799817077010012   0.261627140236349   -0.00848499878158182   0.0142230050753736   0
0.806051191596098   0.245572823788077   0.00623411458608603   -0.0160543164482715   0
0.797679418205766   0.236926811298342   -0.00837177339033202   -0.00864601248973546   0
0.824874836163336   0.26638416885487   0.0271954179575693   0.0294573575565285   0
0.807255580148567   0.251491310817094   -0.0176192560147683   -0.0148928580377766   0
0.818864757927272   0.250878767029017   0.0116091777787047   -0.000612543788076236   0
0.831175907207469   0.254586686616268   0.0123111492801974   0.00370791958725086   0
0.798625842154316   0.225907864555442   -0.0325500650531538   -0.0286788220608261   0
0.849266605409685   0.260503952225777   0.0506407632553695   0.034596087670335   0
0.824357137172239   0.235523250622948   -0.0249094682374459   -0.0249807016028291   0
0.814365290711705   0.234554225425593   -0.00999184646053408   -0.000969025197354811   0
0.833873201617464   0.260268407361036   0.019507910905759   0.0257141819354424   0
0.807992012630967   0.245253933954687   -0.0258811889864976   -0.0150144734063486   0
0.858978835487813   0.262198611798385   0.0509868228568469   0.0169446778436976   0
0.821630161978058   0.261672536108587   -0.0373486735097552   -0.000526075689797123   0
0.807340515946648   0.250677361238006   -0.0142896460314099   -0.010995174870581   0
0.826152955493261   0.255929312779916   0.0188124395466127   0.00525195154190938   0
0.831487900521258   0.265111726421616   0.00533494502799747   0.00918241364170058   0
0.815854350355724   0.262375406927269   -0.0156335501655347   -0.00273631949434744   0
0.807975076549029   0.258093202717545   -0.00787927380669429   -0.00428220420972358   0
0.848357377046961   0.258111719428816   0.0403823004979318   1.85167112708995e-05   0
0.820612109716698   0.243691990915274   -0.0277452673302633   -0.0144197285135423   0
0.777795402300817   0.243347961500605   -0.0428167074158808   -0.000344029414668906   0
0.81995535376949   0.266943545312956   0.0421599514686731   0.0235955838123505   0
0.800399298476804   0.240253853944635   -0.0195560552926862   -0.0266896913683206   0
0.805666523502721   0.237478170451517   0.0052672250259167   -0.00277568349311752   0
0.840485531518538   0.246995096099599   0.0348190080158177   0.00951692564808124   0
0.778459670828721   0.234523630995365   -0.0620258606898179   -0.012471465104234   0
0.81156953308281   0.258999513516918   0.0331098622540893   0.0244758825215529   0
0.811546959083385   0.254810411212435   -2.25739994244023e-05   -0.00418910230448305   0
0.772405057985744   0.239921066816776   -0.0391419010976418   -0.0148893443956584   0
0.797263081234168   0.251236536208908   0.0248580232484246   0.0113154693921319   0
0.772725189579122   0.256877782371793   -0.0245378916550462   0.00564124616288442   0
0.728888669390059   0.235498031313427   -0.0438365201890635   -0.0213797510583652   0
0.76239852272751   0.236710327350752   0.0335098533374516   0.00121229603732434   0
0.803703194882315   0.258170835271918   0.0413046721548046   0.0214605079211667   0
0.777782082306664   0.246443752909259   -0.025921112575651   -0.0117270823626592   0
0.791138828898323   0.220060474316152   0.0133567465916593   -0.0263832785931067   0
0.819480104246808   0.245717641466786   0.0283412753484853   0.0256571671506335   0
0.765134633830681   0.231361681894928   -0.0543454704161276   -0.0143559595718577   0
0.82547488283167   0.230939536784523   0.0603402490009896   -0.000422145110405475   0
0.839759129095624   0.233440147359553   0.0142842462639532   0.00250061057503051   0
0.782342526327343   0.224457561895339   -0.0574166027682802   -0.00898258546421421   0
0.844507083779668   0.242237285839216   0.0621645574523251   0.0177797239438768   0
0.795411789421486   0.230608393813517   -0.0490952943581827   -0.0116288920256992   0
0.835956267651006   0.245494216098873   0.0405444782295199   0.014885822285356   0
0.825353552055118   0.24433745079756   -0.0106027155958879   -0.00115676530131281   0
0.79506034633605   0.23661922864911   -0.0302932057190677   -0.00771822214844944   0
0.854689851967952   0.277128882148722   0.0596295056319022   0.0405096534996111   0
0.785837647732024   0.248806953141386   -0.0688522042359286   -0.0283219290073352   0
0.806883469027591   0.239791535243636   0.0210458212955676   -0.00901541789775015   0
0.814564039478174   0.259182438046061   0.00768057045058257   0.0193909028024243   0
0.806142507477431   0.243491233366316   -0.00842153200074269   -0.015691204679744   0
0.826664373580355   0.253983310969934   0.0205218661029236   0.0104920776036171   0
0.813340807668594   0.255979028814374   -0.0133235659117612   0.00199571784444019   0
0.801728050162897   0.254533795482054   -0.0116127575056969   -0.00144523333231994   0
0.791476775270127   0.25462973551512   -0.0102512748927691   9.5940033066233e-05   0
0.798821318546895   0.270901131966074   0.0073445432767677   0.0162713964509535   0
0.791305383876541   0.265549562651212   -0.00751593467035427   -0.00535156931486153   0
0.756889960426217   0.249632433780649   -0.0344154234503241   -0.0159171288705633   0
0.764284973630262   0.247986372031811   0.00739501320404501   -0.0016460617488373   0
0.775950047030503   0.206195904741704   0.0116650734002413   -0.0417904672901072   0
0.757008930079831   0.11909503450392   -0.0189411169506724   -0.0871008702377838   0
0.799674140323176   0.165531418325193   0.0426652102433449   0.0464363838212724   0
0.837858188871011   0.200901641283116   0.038184048547835   0.0353702229579236   0
0.81122842163167   0.198931324399276   -0.0266297672393409   -0.00197031688384042   0
