0.133784575176849   0.06093444501814   0   0   0
0.133784575176849   0.06093444501814   -0.536737376285592   -0.372323469507954   0
0.112307972867735   0.0432884732895779   -0.0214766023091137   -0.0176459717285621   0
0.112307972867735   0.0432884732895779   -0.0214766023091137   -0.0176459717285621   0
0.122806746845766   0.0437938008326806   0.0104987739780303   0.000505327543102729   0
0.122806746845766   0.0437938008326806   0.0104987739780303   0.000505327543102729   0
0.114089188844605   0.0531085659835822   -0.00871755800116052   0.00931476515090152   0
0.114089188844605   0.0531085659835822   -0.00871755800116052   0.00931476515090152   0
0.101054027999729   0.0377468447987739   -0.0130351608448763   -0.0153617211848083   0
0.101054027999729   0.0377468447987739   -0.0130351608448763   -0.0153617211848083   0
0.117008016508144   0.0588585518873001   0.0159539885084146   0.0211117070885262   0
0.117008016508144   0.0588585518873001   0.0159539885084146   0.0211117070885262   0
0.0976333033058904   0.049676473276215   -0.0193747132022531   -0.00918207861108514   0
0.0976333033058904   0.049676473276215   -0.0193747132022531   -0.00918207861108514   0
0.108895300070756   0.0447356303978719   0.0112619967648656   -0.00494084287834307   0
0.108895300070756   0.0447356303978719   0.0112619967648656   -0.00494084287834307   0
0.108734499075316   0.0484991879495162   -0.000160800995439567   0.00376355755164432   0
0.108734499075316   0.0484991879495162   -0.000160800995439567   0.00376355755164432   0
0.115986019207705   0.049026075539324   0.00725152013238801   0.000526887589807741   0
0.115986019207705   0.049026075539324   0.00725152013238801   0.000526887589807741   0
0.117739226796298   0.067103060117503   0.00175320758859308   0.0180769845781791   0
0.117739226796298   0.067103060117503   0.00175320758859308   0.0180769845781791   0
0.134186277637059   0.0556275406940455   0.0164470508407619   -0.0114755194234576   0
0.134186277637059   0.0556275406940455   0.0164470508407619   -0.0114755194234576   0
0.119472823501665   0.0416434892500199   -0.0147134541353944   -0.0139840514440256   0
0.119472823501665   0.0416434892500199   -0.0147134541353944   -0.0139840514440256   0
0.0976806209388746   0.0499835738567432   -0.0217922025627904   0.00834008460672326   0
0.0976806209388746   0.0499835738567432   -0.0217922025627904   0.00834008460672326   0
0.0944055189056763   0.0442918280800477   -0.00327510203319829   -0.0056917457766955   0
0.0944055189056763   0.0442918280800477   -0.00327510203319829   -0.0056917457766955   0
0.0830859887841506   0.0441866446255611   -0.0113195301215257   -0.000105183454486596   0
0.0830859887841506   0.0441866446255611   -0.0113195301215257   -0.000105183454486596   0
0.0953850904885035   0.0432217807295407   0.0122991017043529   -0.000964863896020331   0
0.0953850904885035   0.0432217807295407   0.0122991017043529   -0.000964863896020331   0
0.0920553631489768   0.0436626308545992   -0.00332972733952668   0.00044085012505847   0
0.0920553631489768   0.0436626308545992   -0.00332972733952668   0.00044085012505847   0
0.0819719797976113   0.030758359017103   -0.0100833833513655   -0.0129042718374962   0
0.0819719797976113   0.030758359017103   -0.0100833833513655   -0.0129042718374962   0
0.102649899626156   0.0453201305122514   0.0206779198285452   0.0145617714951484   0
0.102649899626156   0.0453201305122514   0.0206779198285452   0.0145617714951484   0
0.0641862233667786   0.0272376787733045   -0.0384636762593779   -0.0180824517389469   0
0.0641862233667786   0.0272376787733045   -0.0384636762593779   -0.0180824517389469   0
0.0988493404252148   0.031792328352686   0.0346631170584361   0.00455464957938142   0
0.0988493404252148   0.031792328352686   0.0346631170584361   0.00455464957938142   0
0.0627843963065665   0.0310412117136864   -0.0360649441186483   -0.000751116638999589   0
0.0627843963065665   0.0310412117136864   -0.0360649441186483   -0.000751116638999589   0
0.0830312116815719   0.0303835716330388   0.0202468153750054   -0.000657640080647576   0
0.0830312116815719   0.0303835716330388   0.0202468153750054   -0.000657640080647576   0
0.0628196510842746   0.0151984278171329   -0.0202115605972973   -0.0151851438159059   0
0.0628196510842746   0.0151984278171329   -0.0202115605972973   -0.0151851438159059   0
0.0956968874375233   0.0146380051912855   0.0328772363532487   -0.000560422625847472   0
0.0956968874375233   0.0146380051912855   0.0328772363532487   -0.000560422625847472   0
0.0740586230834735   0.0401002499491898   -0.0216382643540497   0.0254622447579044   0
0.0740586230834735   0.0401002499491898   -0.0216382643540497   0.0254622447579044   0
0.0893270884570296   0.0161657100576312   0.0152684653735561   -0.0239345398915586   0
0.0893270884570296   0.0161657100576312   0.0152684653735561   -0.0239345398915586   0
0.100444841460276   0.0171294735892555   0.0111177530032464   0.000963763531624206   0
0.100444841460276   0.0171294735892555   0.0111177530032464   0.000963763531624206   0
0.0394123277792939   0.0950541951323165   -0.0610325136809822   0.077924721543061   0
0.0394123277792939   0.0950541951323165   -0.0610325136809822   0.077924721543061   0
0.106922756141244   0.0281562120752242   0.0675104283619505   -0.0668979830570923   0
0.106922756141244   0.0281562120752242   0.0675104283619505   -0.0668979830570923   0
0.0706568095184746   0.0973975762642363   -0.0362659466227697   0.0692413641890121   0
0.0706568095184746   0.0973975762642363   -0.0362659466227697   0.0692413641890121   0
0.0993201258434689   0.0670260575288633   0.0286633163249943   -0.030371518735373   0
0.0993201258434689   0.0670260575288633   0.0286633163249943   -0.030371518735373   0
0.0956774181757117   0.0959788960714302   -0.00364270766775725   0.0289528385425669   0
0.0956774181757117   0.0959788960714302   -0.00364270766775725   0.0289528385425669   0
0.101204263626897   0.10836248024599   0.00552684545118542   0.0123835841745594   0
0.101204263626897   0.10836248024599   0.00552684545118542   0.0123835841745594   0
0.141900101305461   0.0736264882891511   0.0406958376785636   -0.0347359919568386   0
0.141900101305461   0.0736264882891511   0.0406958376785636   -0.0347359919568386   0
0.106281819585148   0.124924368422772   -0.0356182817203125   0.0512978801336206   0
0.106281819585148   0.124924368422772   -0.0356182817203125   0.0512978801336206   0
0.121310991540356   0.0905891808207117   0.0150291719552081   -0.03433518760206   0
0.121310991540356   0.0905891808207117   0.0150291719552081   -0.03433518760206   0
0.119191715834189   0.0878099038711466   -0.00211927570616757   -0.00277927694956515   0
0.119191715834189   0.0878099038711466   -0.00211927570616757   -0.00277927694956515   0
0.13169395956964   0.0697561021075148   0.0125022437354514   -0.0180538017636318   0
0.13169395956964   0.0697561021075148   0.0125022437354514   -0.0180538017636318   0
0.117284370945493   0.0763758474864201   -0.0144095886241471   0.00661974537890531   0
0.117284370945493   0.0763758474864201   -0.0144095886241471   0.00661974537890531   0
0.106783466724175   0.0873769839663884   -0.010500904221318   0.0110011364799684   0
0.106783466724175   0.0873769839663884   -0.010500904221318   0.0110011364799684   0
0.133692935467997   0.0818442608422393   0.0269094687438219   -0.00553272312414915   0
0.133692935467997   0.0818442608422393   0.0269094687438219   -0.00553272312414915   0
0.129772605710373   0.0704842708919515   -0.00392032975762371   -0.0113599899502878   0
0.129772605710373   0.0704842708919515   -0.00392032975762371   -0.0113599899502878   0
0.125923849981249   0.0808214287703608   -0.00384875572912469   0.0103371578784093   0
0.125923849981249   0.0808214287703608   -0.00384875572912469   0.0103371578784093   0
0.125343179439898   0.0933729025842616   -0.000580670541350831   0.0125514738139008   0
0.125343179439898   0.0933729025842616   -0.000580670541350831   0.0125514738139008   0
0.124153665966817   0.0616602434067374   -0.00118951347308062   -0.0317126591775242   0
0.124153665966817   0.0616602434067374   -0.00118951347308062   -0.0317126591775242   0
0.117686483052955   0.075274897937106   -0.00646718291386235   0.0136146545303686   0
0.117686483052955   0.075274897937106   -0.00646718291386235   0.0136146545303686   0
0.13459944893223   0.0533405797495312   0.0169129658792753   -0.0219343181875748   0
0.13459944893223   0.0533405797495312   0.0169129658792753   -0.0219343181875748   0
0.134536080082333   0.0665013863125694   -6.33688498967444e-05   0.0131608065630382   0
0.134536080082333   0.0665013863125694   -6.33688498967444e-05   0.0131608065630382   0
0.141027781966001   0.0547629238610851   0.00649170188366796   -0.0117384624514844   0
0.141027781966001   0.0547629238610851   0.00649170188366796   -0.0117384624514844   0
0.164460961035195   0.0641591799452152   0.0234331790691939   0.00939625608413008   0
0.164460961035195   0.0641591799452152   0.0234331790691939   0.00939625608413008   0
0.160014713569378   0.0724437216579187   -0.00444624746581745   0.00828454171270356   0
0.160014713569378   0.0724437216579187   -0.00444624746581745   0.00828454171270356   0
0.143134682432945   0.0658077014976826   -0.0168800311364328   -0.00663602016023608   0
0.143134682432945   0.0658077014976826   -0.0168800311364328   -0.00663602016023608   0
0.158376828782243   0.0814305910238284   0.0152421463492983   0.0156228895261458   0
0.158376828782243   0.0814305910238284   0.0152421463492983   0.0156228895261458   0
0.15267106017293   0.0847613610803885   -0.00570576860931332   0.00333077005656013   0
0.15267106017293   0.0847613610803885   -0.00570576860931332   0.00333077005656013   0
0.144021946610265   0.0848426504062438   -0.00864911356266504   8.12893258552716e-05   0
0.144021946610265   0.0848426504062438   -0.00864911356266504   8.12893258552716e-05   0
0.137267553345779   0.0790185911103838   -0.00675439326448565   -0.00582405929586   0
0.137267553345779   0.0790185911103838   -0.00675439326448565   -0.00582405929586   0
0.142369792426409   0.075356015759214   0.00510223908063012   -0.00366257535116983   0
0.142369792426409   0.075356015759214   0.00510223908063012   -0.00366257535116983   0
0.146697294661217   0.0749705091246718   0.00432750223480785   -0.000385506634542149   0
0.146697294661217   0.0749705091246718   0.00432750223480785   -0.000385506634542149   0
0.154659068397168   0.0756762170343821   0.00796177373595111   0.000705707909710265   0
0.154659068397168   0.0756762170343821   0.00796177373595111   0.000705707909710265   0
0.144920139397325   0.0715664472753818   -0.00973892899984374   -0.00410976975900029   0
0.144920139397325   0.0715664472753818   -0.00973892899984374   -0.00410976975900029   0
0.153054134409234   0.0854264536824728   0.00813399501190978   0.013860006407091   0
0.153054134409234   0.0854264536824728   0.00813399501190978   0.013860006407091   0
0.152489077761196   0.0951584879077684   -0.000565056648038686   0.00973203422529559   0
0.152489077761196   0.0951584879077684   -0.000565056648038686   0.00973203422529559   0
0.141097729868202   0.0939689340955962   -0.0113913478929941   -0.00118955381217219   0
0.141097729868202   0.0939689340955962   -0.0113913478929941   -0.00118955381217219   0
0.139289431126593   0.0863341185804459   -0.00180829874160826   -0.00763481551515027   0
0.139289431126593   0.0863341185804459   -0.00180829874160826   -0.00763481551515027   0
0.148825450916737   0.0825695189571339   0.00953601979014332   -0.00376459962331201   0
0.148825450916737   0.0825695189571339   0.00953601979014332   -0.00376459962331201   0
0.154777380759284   0.096972837924145   0.00595192984254739   0.0144033189670111   0
0.154777380759284   0.096972837924145   0.00595192984254739   0.0144033189670111   0
0.147466973326442   0.093261483606913   -0.00731040743284189   -0.00371135431723202   0
0.147466973326442   0.093261483606913   -0.00731040743284189   -0.00371135431723202   0
0.162308307442472   0.0908826292591301   0.0148413341160298   -0.00237885434778286   0
0.162308307442472   0.0908826292591301   0.0148413341160298   -0.00237885434778286   0
0.149526698210129   0.0938118265655376   -0.0127816092323433   0.00292919730640742   0
0.149526698210129   0.0938118265655376   -0.0127816092323433   0.00292919730640742   0
0.177466854573579   0.0954441697305943   0.0279401563634508   0.00163234316505677   0
0.177466854573579   0.0954441697305943   0.0279401563634508   0.00163234316505677   0
0.169554698507856   0.114332889661987   -0.00791215606572329   0.0188887199313923   0
0.169554698507856   0.114332889661987   -0.00791215606572329   0.0188887199313923   0
0.210556498299649   0.124995098949456   0.0410017997917926   0.0106622092874691   0
0.210556498299649   0.124995098949456   0.0410017997917926   0.0106622092874691   0
0.221650831736405   0.110679564836602   0.011094333436756   -0.0143155341128536   0
0.221650831736405   0.110679564836602   0.011094333436756   -0.0143155341128536   0
0.264381195006377   0.160916475311643   0.0427303632699724   0.0502369104750406   0
0.264381195006377   0.160916475311643   0.0427303632699724   0.0502369104750406   0
0.309582499442394   0.179298166151728   0.0452013044360171   0.0183816908400849   0
0.309582499442394   0.179298166151728   0.0452013044360171   0.0183816908400849   0
0.309396861868378   0.219902182857265   -0.000185637574016462   0.0406040167055375   0
0.309396861868378   0.219902182857265   -0.000185637574016462   0.0406040167055375   0
0.373695905512758   0.240322407199683   0.06429904364438   0.0204202243424175   0
0.373695905512758   0.240322407199683   0.06429904364438   0.0204202243424175   0
0.371627536614283   0.232163567172479   -0.00206836889847506   -0.00815884002720388   0
0.371627536614283   0.232163567172479   -0.00206836889847506   -0.00815884002720388   0
0.413700172501777   0.267119236066499   0.0420726358874943   0.0349556688940203   0
0.413700172501777   0.267119236066499   0.0420726358874943   0.0349556688940203   0
0.359582747600604   0.239271174143481   -0.0541174249011725   -0.027848061923018   0
0.359582747600604   0.239271174143481   -0.0541174249011725   -0.027848061923018   0
0.431650173435619   0.269791785821029   0.0720674258350146   0.0305206116775481   0
0.431650173435619   0.269791785821029   0.0720674258350146   0.0305206116775481   0
0.380863547729367   0.257074900626743   -0.0507866257062518   -0.0127168851942856   0
0.380863547729367   0.257074900626743   -0.0507866257062518   -0.0127168851942856   0
0.419174516575137   0.268425586765681   0.03831096884577   0.0113506861389373   0
0.419174516575137   0.268425586765681   0.03831096884577   0.0113506861389373   0
0.402300467935348   0.264169089193361   -0.0168740486397892   -0.00425649757231961   0
0.402300467935348   0.264169089193361   -0.0168740486397892   -0.00425649757231961   0
0.396511881449976   0.254755347317284   -0.00578858648537173   -0.00941374187607713   0
0.396511881449976   0.254755347317284   -0.00578858648537173   -0.00941374187607713   0
0.397131023329833   0.268702708656333   0.000619141879856289   0.0139473613390487   0
0.397131023329833   0.268702708656333   0.000619141879856289   0.0139473613390487   0
0.376637332987584   0.259383438123466   -0.0204936903422489   -0.00931927053286646   0
0.376637332987584   0.259383438123466   -0.0204936903422489   -0.00931927053286646   0
0.390980556071526   0.280320610966376   0.0143432230839428   0.0209371728429101   0
0.390980556071526   0.280320610966376   0.0143432230839428   0.0209371728429101   0
0.38194840440693   0.263644366939828   -0.00903215166459609   -0.0166762440265487   0
0.38194840440693   0.263644366939828   -0.00903215166459609   -0.0166762440265487   0
0.4270555730429   0.282840762293468   0.04510716863597   0.0191963953536402   0
0.4270555730429   0.282840762293468   0.04510716863597   0.0191963953536402   0
0.366923193942547   0.256318325332608   -0.0601323791003533   -0.0265224369608602   0
0.366923193942547   0.256318325332608   -0.0601323791003533   -0.0265224369608602   0
0.413207234694651   0.280805646673994   0.0462840407521035   0.0244873213413864   0
0.413207234694651   0.280805646673994   0.0462840407521035   0.0244873213413864   0
0.37591472736912   0.2622927139482   -0.0372925073255303   -0.0185129327257936   0
0.37591472736912   0.2622927139482   -0.0372925073255303   -0.0185129327257936   0
0.419087817151728   0.293324724683669   0.0431730897826075   0.0310320107354681   0
0.419087817151728   0.293324724683669   0.0431730897826075   0.0310320107354681   0
0.403415205178238   0.293850242363776   -0.0156726119734896   0.000525517680107612   0
0.403415205178238   0.293850242363776   -0.0156726119734896   0.000525517680107612   0
0.452269526152271   0.298405910767012   0.0488543209740331   0.0045556684032359   0
0.452269526152271   0.298405910767012   0.0488543209740331   0.0045556684032359   0
0.409102720877043   0.290869918246542   -0.043166805275228   -0.00753599252047021   0
0.409102720877043   0.290869918246542   -0.043166805275228   -0.00753599252047021   0
0.510621801686924   0.34437132539927   0.10151908080988   0.0535014071527282   0
0.510621801686924   0.34437132539927   0.10151908080988   0.0535014071527282   0
0.459139344345483   0.32412611283303   -0.0514824573414407   -0.0202452125662402   0
0.459139344345483   0.32412611283303   -0.0514824573414407   -0.0202452125662402   0
0.380130097195684   0.269927326860861   -0.0790092471497993   -0.054198785972169   0
0.380130097195684   0.269927326860861   -0.0790092471497993   -0.054198785972169   0
0.345859736744536   0.213185578450443   -0.0342703604511474   -0.0567417484104178   0
0.345859736744536   0.213185578450443   -0.0342703604511474   -0.0567417484104178   0
0.349312249268473   0.17374513113253   0.00345251252393686   -0.0394404473179131   0
0.349312249268473   0.17374513113253   0.00345251252393686   -0.0394404473179131   0
0.42900232014291   0.240005660618661   0.0796900708744369   0.0662605294861313   0
0.42900232014291   0.240005660618661   0.0796900708744369   0.0662605294861313   0
0.445376568473241   0.226818590294645   0.0163742483303314   -0.0131870703240163   0
0.445376568473241   0.226818590294645   0.0163742483303314   -0.0131870703240163   0
0.461230949679225   0.242806787641429   0.0158543812059838   0.0159881973467841   0
0.461230949679225   0.242806787641429   0.0158543812059838   0.0159881973467841   0
0.463978635375596   0.237838528268655   0.00274768569637041   -0.00496825937277362   0
0.463978635375596   0.237838528268655   0.00274768569637041   -0.00496825937277362   0
0.497355693423731   0.268762743842966   0.033377058048135   0.030924215574311   0
0.497355693423731   0.268762743842966   0.033377058048135   0.030924215574311   0
0.43943982339565   0.243251916926671   -0.0579158700280808   -0.0255108269162955   0
0.43943982339565   0.243251916926671   -0.0579158700280808   -0.0255108269162955   0
0.503489477935736   0.269814399401237   0.064049654540086   0.0265624824745656   0
0.503489477935736   0.269814399401237   0.064049654540086   0.0265624824745656   0
0.431588537923564   0.242954572198693   -0.0719009400121716   -0.0268598272025434   0
0.431588537923564   0.242954572198693   -0.0719009400121716   -0.0268598272025434   0
0.498356740550381   0.278867467298088   0.0667682026268169   0.0359128950993945   0
0.498356740550381   0.278867467298088   0.0667682026268169   0.0359128950993945   0
0.471343246351319   0.260825024957825   -0.0270134941990625   -0.0180424423402628   0
0.471343246351319   0.260825024957825   -0.0270134941990625   -0.0180424423402628   0
0.523136163595101   0.259406020390333   0.0517929172437819   -0.00141900456749167   0
0.523136163595101   0.259406020390333   0.0517929172437819   -0.00141900456749167   0
0.51547850379429   0.253264854197143   -0.00765765980081057   -0.00614116619319049   0
0.51547850379429   0.253264854197143   -0.00765765980081057   -0.00614116619319049   0
0.505103395305357   0.23467769093078   -0.010375108488933   -0.0185871632663632   0
0.505103395305357   0.23467769093078   -0.010375108488933   -0.0185871632663632   0
0.551254451826922   0.257238884113697   0.0461510565215646   0.0225611931829173   0
0.551254451826922   0.257238884113697   0.0461510565215646   0.0225611931829173   0
0.516838692942005   0.263230226633455   -0.0344157588849169   0.00599134251975797   0
0.516838692942005   0.263230226633455   -0.0344157588849169   0.00599134251975797   0
0.539425164567802   0.26678547970092   0.0225864716257967   0.00355525306746518   0
0.539425164567802   0.26678547970092   0.0225864716257967   0.00355525306746518   0
0.526517070726107   0.275862124753472   -0.012908093841695   0.00907664505255168   0
0.526517070726107   0.275862124753472   -0.012908093841695   0.00907664505255168   0
0.499424302381252   0.25262232682554   -0.0270927683448549   -0.0232397979279316   0
0.499424302381252   0.25262232682554   -0.0270927683448549   -0.0232397979279316   0
0.545086847649987   0.300791990111938   0.045662545268735   0.0481696632863975   0
0.545086847649987   0.300791990111938   0.045662545268735   0.0481696632863975   0
0.566534397705912   0.309152124052626   0.0214475500559248   0.00836013394068791   0
0.566534397705912   0.309152124052626   0.0214475500559248   0.00836013394068791   0
0.569095890079168   0.340274591940465   0.00256149237325598   0.0311224678878395   0
0.569095890079168   0.340274591940465   0.00256149237325598   0.0311224678878395   0
0.564948255757109   0.33301490753193   -0.00414763432205856   -0.00725968440853486   0
0.564948255757109   0.33301490753193   -0.00414763432205856   -0.00725968440853486   0
0.613280088712327   0.353194876653456   0.0483318329552181   0.0201799691215259   0
0.613280088712327   0.353194876653456   0.0483318329552181   0.0201799691215259   0
0.590550597535046   0.27834956708876   -0.0227294911772811   -0.0748453095646962   0
0.590550597535046   0.27834956708876   -0.0227294911772811   -0.0748453095646962   0
0.515884661137545   0.270761323820907   -0.0746659363975007   -0.00758824326785296   0
0.515884661137545   0.270761323820907   -0.0746659363975007   -0.00758824326785296   0
0.606329122636378   0.317923431071461   0.0904444614988327   0.047162107250554   0
0.606329122636378   0.317923431071461   0.0904444614988327   0.047162107250554   0
0.671402577517394   0.338020429324915   0.0650734548810157   0.0200969982534543   0
0.671402577517394   0.338020429324915   0.0650734548810157   0.0200969982534543   0
0.664536504105681   0.347991811697847   -0.00686607341171253   0.00997138237293205   0
0.664536504105681   0.347991811697847   -0.00686607341171253   0.00997138237293205   0
0.686643470335224   0.330545926255717   0.022106966229543   -0.0174458854421301   0
0.686643470335224   0.330545926255717   0.022106966229543   -0.0174458854421301   0
0.689359045508942   0.346261225280495   0.00271557517371823   0.0157152990247782   0
0.689359045508942   0.346261225280495   0.00271557517371823   0.0157152990247782   0
0.719159139457325   0.347322153040589   0.0298000939483825   0.0010609277600932   0
0.719159139457325   0.347322153040589   0.0298000939483825   0.0010609277600932   0
0.696651112626686   0.355076204314651   -0.0225080268306386   0.0077540512740627   0
0.696651112626686   0.355076204314651   -0.0225080268306386   0.0077540512740627   0
0.655858897881244   0.307180658073144   -0.0407922147454424   -0.0478955462415069   0
0.655858897881244   0.307180658073144   -0.0407922147454424   -0.0478955462415069   0
0.605728549712658   0.278851692190042   -0.050130348168586   -0.0283289658831022   0
0.605728549712658   0.278851692190042   -0.050130348168586   -0.0283289658831022   0
0.665966585054385   0.337361376733467   0.0602380353417274   0.0585096845434245   0
0.665966585054385   0.337361376733467   0.0602380353417274   0.0585096845434245   0
0.678208568893818   0.339938383491038   0.0122419838394321   0.00257700675757133   0
0.678208568893818   0.339938383491038   0.0122419838394321   0.00257700675757133   0
0.663927834384129   0.375440369213941   -0.0142807345096881   0.0355019857229025   0
0.663927834384129   0.375440369213941   -0.0142807345096881   0.0355019857229025   0
0.728361364201864   0.392931177415333   0.0644335298177343   0.0174908082013926   0
0.728361364201864   0.392931177415333   0.0644335298177343   0.0174908082013926   0
0.702057388581589   0.386778875468271   -0.026303975620275   -0.00615230194706251   0
0.702057388581589   0.386778875468271   -0.026303975620275   -0.00615230194706251   0
0.734671176189729   0.40170349381509   0.0326137876081404   0.0149246183468193   0
0.734671176189729   0.40170349381509   0.0326137876081404   0.0149246183468193   0
0.745252222964816   0.404648147077495   0.0105810467750871   0.00294465326240506   0
0.745252222964816   0.404648147077495   0.0105810467750871   0.00294465326240506   0
0.71527727541213   0.39254619687019   -0.0299749475526863   -0.0121019502073049   0
0.71527727541213   0.39254619687019   -0.0299749475526863   -0.0121019502073049   0
0.759246171073651   0.419115308778503   0.0439688956615212   0.0265691119083131   0
0.759246171073651   0.419115308778503   0.0439688956615212   0.0265691119083131   0
0.711686446049101   0.381505976724808   -0.04755972502455   -0.0376093320536949   0
0.711686446049101   0.381505976724808   -0.04755972502455   -0.0376093320536949   0
0.806114626455816   0.4482555768203   0.094428180406715   0.0667496000954919   0
0.806114626455816   0.4482555768203   0.094428180406715   0.0667496000954919   0
0.670482668218202   0.385472653063093   -0.135631958237614   -0.0627829237572068   0
0.670482668218202   0.385472653063093   -0.135631958237614   -0.0627829237572068   0
0.711996421393394   0.395773614213037   0.0415137531751921   0.0103009611499438   0
0.711996421393394   0.395773614213037   0.0415137531751921   0.0103009611499438   0
0.682248570552552   0.415413576648922   -0.0297478508408429   0.019639962435885   0
0.682248570552552   0.415413576648922   -0.0297478508408429   0.019639962435885   0
0.684954106175005   0.382643074235311   0.00270553562245346   -0.0327705024136108   0
0.684954106175005   0.382643074235311   0.00270553562245346   -0.0327705024136108   0
0.558468475321571   0.328720462140707   -0.126485630853434   -0.0539226120946044   0
0.558468475321571   0.328720462140707   -0.126485630853434   -0.0539226120946044   0
0.667722277210368   0.355679204367152   0.109253801888798   0.0269587422264446   0
0.667722277210368   0.355679204367152   0.109253801888798   0.0269587422264446   0
0.63549231674191   0.339949588236624   -0.0322299604684584   -0.0157296161305279   0
0.63549231674191   0.339949588236624   -0.0322299604684584   -0.0157296161305279   0
0.648592072090771   0.345250717915256   0.0130997553488611   0.00530112967863278   0
0.648592072090771   0.345250717915256   0.0130997553488611   0.00530112967863278   0
0.680455855657808   0.373873750838769   0.0318637835670371   0.0286230329235126   0
0.680455855657808   0.373873750838769   0.0318637835670371   0.0286230329235126   0
0.676017013281471   0.345032804588564   -0.00443884237633763   -0.0288409462502054   0
0.676017013281471   0.345032804588564   -0.00443884237633763   -0.0288409462502054   0
0.717301769939264   0.372197842170666   0.041284756657793   0.0271650375821023   0
0.717301769939264   0.372197842170666   0.041284756657793   0.0271650375821023   0
0.680409464010459   0.35124084668038   -0.0368923059288045   -0.0209569954902863   0
0.680409464010459   0.35124084668038   -0.0368923059288045   -0.0209569954902863   0
0.717140731632223   0.367093549325645   0.036731267621764   0.0158527026452656   0
0.717140731632223   0.367093549325645   0.036731267621764   0.0158527026452656   0
0.675619791516649   0.348951326904627   -0.0415209401155742   -0.0181422224210182   0
0.675619791516649   0.348951326904627   -0.0415209401155742   -0.0181422224210182   0
0.711107786440987   0.368389433597789   0.0354879949243379   0.0194381066931621   0
0.711107786440987   0.368389433597789   0.0354879949243379   0.0194381066931621   0
0.662317725519256   0.353595913262583   -0.0487900609217311   -0.0147935203352065   0
0.662317725519256   0.353595913262583   -0.0487900609217311   -0.0147935203352065   0
0.724314185775068   0.371835218829524   0.0619964602558125   0.0182393055669411   0
0.724314185775068   0.371835218829524   0.0619964602558125   0.0182393055669411   0
0.672333029997783   0.35417934520734   -0.0519811557772849   -0.0176558736221841   0
0.672333029997783   0.35417934520734   -0.0519811557772849   -0.0176558736221841   0
0.749364417907603   0.379671299430507   0.0770313879098193   0.0254919542231676   0
0.749364417907603   0.379671299430507   0.0770313879098193   0.0254919542231676   0
0.701842382531149   0.372443165224911   -0.0475220353764533   -0.00722813420559687   0
0.701842382531149   0.372443165224911   -0.0475220353764533   -0.00722813420559687   0
0.73109922754302   0.377755360883204   0.0292568450118704   0.00531219565829383   0
0.73109922754302   0.377755360883204   0.0292568450118704   0.00531219565829383   0
0.737432123592402   0.391602508099731   0.00633289604938247   0.0138471472165268   0
0.737432123592402   0.391602508099731   0.00633289604938247   0.0138471472165268   0
0.711859719021943   0.373613832060257   -0.0255724045704588   -0.0179886760394741   0
0.711859719021943   0.373613832060257   -0.0255724045704588   -0.0179886760394741   0
0.783113455962161   0.402454789310862   0.071253736940218   0.0288409572506044   0
0.783113455962161   0.402454789310862   0.071253736940218   0.0288409572506044   0
0.718329297443728   0.376267558118223   -0.0647841585184332   -0.0261872311926389   0
0.718329297443728   0.376267558118223   -0.0647841585184332   -0.0261872311926389   0
0.778194441496468   0.387213438131995   0.0598651440527401   0.010945880013772   0
0.778194441496468   0.387213438131995   0.0598651440527401   0.010945880013772   0
0.791432493850234   0.432159384074325   0.0132380523537654   0.0449459459423304   0
0.791432493850234   0.432159384074325   0.0132380523537654   0.0449459459423304   0
0.82882055730538   0.42235751998603   0.0373880634551461   -0.00980186408829475   0
0.82882055730538   0.42235751998603   0.0373880634551461   -0.00980186408829475   0
0.806004702092984   0.440000880640312   -0.0228158552123957   0.0176433606542816   0
0.806004702092984   0.440000880640312   -0.0228158552123957   0.0176433606542816   0
0.835063399417074   0.458641307567799   0.0290586973240902   0.0186404269274867   0
0.835063399417074   0.458641307567799   0.0290586973240902   0.0186404269274867   0
0.750325301270056   0.349269634558317   -0.0847380981470185   -0.109371673009482   0
0.750325301270056   0.349269634558317   -0.0847380981470185   -0.109371673009482   0
0.787724645249849   0.41992923026803   0.0373993439797931   0.0706595957097133   0
0.787724645249849   0.41992923026803   0.0373993439797931   0.0706595957097133   0
0.698558494436221   0.328834380881927   -0.0891661508136277   -0.0910948493861032   0
0.698558494436221   0.328834380881927   -0.0891661508136277   -0.0910948493861032   0
0.740693733987942   0.334855376313417   0.0421352395517208   0.00602099543149015   0
0.740693733987942   0.334855376313417   0.0421352395517208   0.00602099543149015   0
0.662106148750334   0.312741488957334   -0.0785875852376074   -0.0221138873560832   0
0.662106148750334   0.312741488957334   -0.0785875852376074   -0.0221138873560832   0
0.741788766332438   0.348801100768762   0.0796826175821033   0.0360596118114282   0
0.741788766332438   0.348801100768762   0.0796826175821033   0.0360596118114282   0
0.720034215034258   0.349931482580162   -0.0217545512981798   0.00113038181139979   0
0.720034215034258   0.349931482580162   -0.0217545512981798   0.00113038181139979   0
0.75684021882363   0.359639939526674   0.0368060037893719   0.00970845694651273   0
0.75684021882363   0.359639939526674   0.0368060037893719   0.00970845694651273   0
0.72648668378918   0.360623353201439   -0.0303535350344499   0.000983413674764844   0
0.72648668378918   0.360623353201439   -0.0303535350344499   0.000983413674764844   0
0.760314200213307   0.368731127730288   0.0338275164241266   0.00810777452884881   0
0.760314200213307   0.368731127730288   0.0338275164241266   0.00810777452884881   0
0.789400451279957   0.402767165098522   0.0290862510666505   0.0340360373682339   0
0.789400451279957   0.402767165098522   0.0290862510666505   0.0340360373682339   0
0.740369098670386   0.36959189702833   -0.0490313526095708   -0.0331752680701915   0
0.740369098670386   0.36959189702833   -0.0490313526095708   -0.0331752680701915   0
0.63018402061144   0.376392016026509   -0.110185078058946   0.00680011899817889   0
0.63018402061144   0.376392016026509   -0.110185078058946   0.00680011899817889   0
0.577244661705069   0.356953265361868   -0.0529393589063707   -0.0194387506646416   0
0.577244661705069   0.356953265361868   -0.0529393589063707   -0.0194387506646416   0
0.530457854455941   0.346303759468476   -0.0467868072491286   -0.0106495058933919   0
0.530457854455941   0.346303759468476   -0.0467868072491286   -0.0106495058933919   0
0.59787600063642   0.357481689931456   0.0674181461804788   0.0111779304629806   0
0.59787600063642   0.357481689931456   0.0674181461804788   0.0111779304629806   0
0.584221785059407   0.352015906540102   -0.0136542155770124   -0.00546578339135423   0
0.584221785059407   0.352015906540102   -0.0136542155770124   -0.00546578339135423   0
0.647903192265635   0.361355849980667   0.0636814072062274   0.00933994344056438   0
0.647903192265635   0.361355849980667   0.0636814072062274   0.00933994344056438   0
0.618051569345148   0.352527370743748   -0.0298516229204867   -0.00882847923691854   0
0.618051569345148   0.352527370743748   -0.0298516229204867   -0.00882847923691854   0
0.644476553759716   0.351877035001576   0.0264249844145681   -0.000650335742172548   0
0.644476553759716   0.351877035001576   0.0264249844145681   -0.000650335742172548   0
0.645976150211445   0.362780663927944   0.00149959645172959   0.0109036289263687   0
0.645976150211445   0.362780663927944   0.00149959645172959   0.0109036289263687   0
0.639970488240669   0.359848374241499   -0.00600566197077679   -0.0029322896864451   0
0.639970488240669   0.359848374241499   -0.00600566197077679   -0.0029322896864451   0
0.688171581706917   0.376059019929386   0.0482010934662483   0.0162106456878864   0
0.688171581706917   0.376059019929386   0.0482010934662483   0.0162106456878864   0
0.632477636232302   0.372900171339797   -0.0556939454746153   -0.00315884858958848   0
0.632477636232302   0.372900171339797   -0.0556939454746153   -0.00315884858958848   0
0.685827935943849   0.382380370670684   0.053350299711547   0.00948019933088734   0
0.685827935943849   0.382380370670684   0.053350299711547   0.00948019933088734   0
0.650025337752306   0.384176646699796   -0.0358025981915425   0.00179627602911175   0
0.650025337752306   0.384176646699796   -0.0358025981915425   0.00179627602911175   0
0.674491662457736   0.390976773957866   0.0244663247054294   0.00680012725806955   0
0.674491662457736   0.390976773957866   0.0244663247054294   0.00680012725806955   0
0.648712453856869   0.4152315893071   -0.025779208600867   0.0242548153492341   0
0.648712453856869   0.4152315893071   -0.025779208600867   0.0242548153492341   0
0.647773031605207   0.411698939545027   -0.000939422251661992   -0.00353264976207252   0
0.647773031605207   0.411698939545027   -0.000939422251661992   -0.00353264976207252   0
0.686950243848126   0.421722802896346   0.0391772122429194   0.0100238633513183   0
0.686950243848126   0.421722802896346   0.0391772122429194   0.0100238633513183   0
0.689644855432852   0.455573362547406   0.00269461158472639   0.0338505596510602   0
0.689644855432852   0.455573362547406   0.00269461158472639   0.0338505596510602   0
0.662954813875727   0.478912410620147   -0.0266900415571253   0.023339048072741   0
0.662954813875727   0.478912410620147   -0.0266900415571253   0.023339048072741   0
0.736187552085065   0.515523937487388   0.0732327382093376   0.036611526867241   0
0.736187552085065   0.515523937487388   0.0732327382093376   0.036611526867241   0
0.630410524690856   0.429286173060582   -0.105777027394209   -0.0862377644268056   0
0.630410524690856   0.429286173060582   -0.105777027394209   -0.0862377644268056   0
0.633888779548116   0.415708134111242   0.00347825485726028   -0.0135780389493406   0
0.633888779548116   0.415708134111242   0.00347825485726028   -0.0135780389493406   0
0.592398816464888   0.369466483499519   -0.0414899630832281   -0.046241650611723   0
0.592398816464888   0.369466483499519   -0.0414899630832281   -0.046241650611723   0
0.621232952373745   0.366867163137763   0.0288341359088573   -0.00259932036175559   0
0.621232952373745   0.366867163137763   0.0288341359088573   -0.00259932036175559   0
0.562383050705656   0.342422075522666   -0.0588499016680897   -0.0244450876150974   0
0.562383050705656   0.342422075522666   -0.0588499016680897   -0.0244450876150974   0
0.609498073553149   0.336749139937283   0.0471150228474936   -0.00567293558538229   0
0.609498073553149   0.336749139937283   0.0471150228474936   -0.00567293558538229   0
0.565459477598528   0.326039749113893   -0.0440385959546213   -0.0107093908233906   0
0.565459477598528   0.326039749113893   -0.0440385959546213   -0.0107093908233906   0
0.654849398684155   0.347516615187677   0.0893899210856276   0.0214768660737844   0
0.654849398684155   0.347516615187677   0.0893899210856276   0.0214768660737844   0
0.614423311824999   0.346590875273355   -0.0404260868591564   -0.000925739914322432   0
0.614423311824999   0.346590875273355   -0.0404260868591564   -0.000925739914322432   0
0.658975391365262   0.346063347578518   0.0445520795402629   -0.000527527694836771   0
0.658975391365262   0.346063347578518   0.0445520795402629   -0.000527527694836771   0
0.644531214134738   0.346140917020077   -0.0144441772305235   7.75694415594552e-05   0
0.644531214134738   0.346140917020077   -0.0144441772305235   7.75694415594552e-05   0
0.621350547595317   0.332149813899541   -0.0231806665394216   -0.0139911031205359   0
0.621350547595317   0.332149813899541   -0.0231806665394216   -0.0139911031205359   0
0.638832911940986   0.323902188898902   0.0174823643456696   -0.00824762500063941   0
0.638832911940986   0.323902188898902   0.0174823643456696   -0.00824762500063941   0
0.533260288618982   0.318599325751013   -0.105572623322004   -0.00530286314788914   0
0.533260288618982   0.318599325751013   -0.105572623322004   -0.00530286314788914   0
0.51422937160279   0.296784886552369   -0.0190309170161923   -0.021814439198644   0
0.51422937160279   0.296784886552369   -0.0190309170161923   -0.021814439198644   0
0.457222573082301   0.29386379278428   -0.0570067985204888   -0.00292109376808852   0
0.457222573082301   0.29386379278428   -0.0570067985204888   -0.00292109376808852   0
0.538478045961022   0.296932509418579   0.0812554728787206   0.00306871663429814   0
0.538478045961022   0.296932509418579   0.0812554728787206   0.00306871663429814   0
0.526552096603935   0.300607558171138   -0.0119259493570862   0.00367504875255964   0
0.526552096603935   0.300607558171138   -0.0119259493570862   0.00367504875255964   0
0.570744447511318   0.298617088049265   0.0441923509073829   -0.00199047012187314   0
0.570744447511318   0.298617088049265   0.0441923509073829   -0.00199047012187314   0
0.585481803648926   0.332012938215139   0.0147373561376082   0.0333958501658744   0
0.585481803648926   0.332012938215139   0.0147373561376082   0.0333958501658744   0
0.604554806737983   0.331620572965584   0.0190730030890566   -0.000392365249554993   0
0.604554806737983   0.331620572965584   0.0190730030890566   -0.000392365249554993   0
0.581272944981959   0.34053979589552   -0.0232818617560236   0.00891922292993569   0
0.581272944981959   0.34053979589552   -0.0232818617560236   0.00891922292993569   0
0.601203983448214   0.336346978486875   0.0199310384662543   -0.00419281740864558   0
0.601203983448214   0.336346978486875   0.0199310384662543   -0.00419281740864558   0
0.571120039691307   0.345889862688819   -0.0300839437569067   0.00954288420194443   0
0.571120039691307   0.345889862688819   -0.0300839437569067   0.00954288420194443   0
0.585319583151803   0.347020201447264   0.0141995434604957   0.00113033875844554   0
0.585319583151803   0.347020201447264   0.0141995434604957   0.00113033875844554   0
0.600815807489284   0.362870545746345   0.015496224337481   0.0158503442990802   0
0.600815807489284   0.362870545746345   0.015496224337481   0.0158503442990802   0
0.55619657189972   0.356659309060765   -0.044619235589564   -0.00621123668557932   0
0.55619657189972   0.356659309060765   -0.044619235589564   -0.00621123668557932   0
0.620558635679981   0.37542275544611   0.0643620637802619   0.0187634463853451   0
0.620558635679981   0.37542275544611   0.0643620637802619   0.0187634463853451   0
0.537235474559341   0.329360012666949   -0.0833231611206408   -0.0460627427791618   0
0.537235474559341   0.329360012666949   -0.0833231611206408   -0.0460627427791618   0
0.573031634862335   0.346702933590488   0.0357961603029939   0.017342920923539   0
0.573031634862335   0.346702933590488   0.0357961603029939   0.017342920923539   0
0.582113825408743   0.334487882084314   0.00908219054640791   -0.0122150515061734   0
0.582113825408743   0.334487882084314   0.00908219054640791   -0.0122150515061734   0
0.617687143182534   0.407299188569656   0.0355733177737912   0.0728113064853417   0
0.617687143182534   0.407299188569656   0.0355733177737912   0.0728113064853417   0
0.616316768265313   0.35796427882786   -0.00137037491722047   -0.0493349097417957   0
0.616316768265313   0.35796427882786   -0.00137037491722047   -0.0493349097417957   0
0.557656326167829   0.344651649732378   -0.0586604420974844   -0.0133126290954818   0
0.557656326167829   0.344651649732378   -0.0586604420974844   -0.0133126290954818   0
0.582595324084394   0.330768222573693   0.0249389979165651   -0.0138834271586855   0
0.582595324084394   0.330768222573693   0.0249389979165651   -0.0138834271586855   0
0.520234423338172   0.322122201410912   -0.0623609007462224   -0.00864602116278035   0
0.520234423338172   0.322122201410912   -0.0623609007462224   -0.00864602116278035   0
0.586143085468045   0.362260732691593   0.0659086621298735   0.0401385312806808   0
0.586143085468045   0.362260732691593   0.0659086621298735   0.0401385312806808   0
0.615242694986296   0.334284088280627   0.0290996095182505   -0.0279766444109663   0
0.615242694986296   0.334284088280627   0.0290996095182505   -0.0279766444109663   0
0.577260501697457   0.348049795344488   -0.0379821932888383   0.013765707063861   0
0.577260501697457   0.348049795344488   -0.0379821932888383   0.013765707063861   0
0.621080734239116   0.345024214173803   0.0438202325416592   -0.00302558117068541   0
0.621080734239116   0.345024214173803   0.0438202325416592   -0.00302558117068541   0
0.593473165848297   0.367193573123904   -0.0276075683908197   0.0221693589501016   0
0.593473165848297   0.367193573123904   -0.0276075683908197   0.0221693589501016   0
0.635892082218359   0.347468863108984   0.042418916370062   -0.01972471001492   0
0.635892082218359   0.347468863108984   0.042418916370062   -0.01972471001492   0
0.603774831292263   0.356708142625733   -0.0321172509260963   0.00923927951674836   0
0.603774831292263   0.356708142625733   -0.0321172509260963   0.00923927951674836   0
0.622373113709935   0.338237902579678   0.0185982824176727   -0.0184702400460542   0
0.622373113709935   0.338237902579678   0.0185982824176727   -0.0184702400460542   0
0.610522601067315   0.373324598206775   -0.01185051264262   0.0350866956270966   0
0.610522601067315   0.373324598206775   -0.01185051264262   0.0350866956270966   0
0.599953648406275   0.349270515145496   -0.0105689526610404   -0.0240540830612792   0
0.599953648406275   0.349270515145496   -0.0105689526610404   -0.0240540830612792   0
0.583873862166307   0.349349031776961   -0.0160797862399675   7.85166314650754e-05   0
0.583873862166307   0.349349031776961   -0.0160797862399675   7.85166314650754e-05   0
0.608909956106812   0.344794848678167   0.025036093940505   -0.00455418309879402   0
0.608909956106812   0.344794848678167   0.025036093940505   -0.00455418309879402   0
0.6022543908001   0.373863820997031   -0.00665556530671185   0.0290689723188641   0
0.6022543908001   0.373863820997031   -0.00665556530671185   0.0290689723188641   0
0.533134439440935   0.346423121844313   -0.0691199513591654   -0.0274406991527176   0
0.533134439440935   0.346423121844313   -0.0691199513591654   -0.0274406991527176   0
0.581498875283521   0.375630598177521   0.0483644358425861   0.029207476333208   0
0.581498875283521   0.375630598177521   0.0483644358425861   0.029207476333208   0
0.577133066212637   0.358882242583915   -0.00436580907088413   -0.0167483555936063   0
0.577133066212637   0.358882242583915   -0.00436580907088413   -0.0167483555936063   0
0.625817121773606   0.383620952567114   0.0486840555609688   0.0247387099831991   0
0.625817121773606   0.383620952567114   0.0486840555609688   0.0247387099831991   0
0.622572502121641   0.39811858620391   -0.00324461965196521   0.0144976336367957   0
0.622572502121641   0.39811858620391   -0.00324461965196521   0.0144976336367957   0
0.615201674390602   0.427141107690541   -0.0073708277310387   0.0290225214866313   0
0.615201674390602   0.427141107690541   -0.0073708277310387   0.0290225214866313   0
0.669018111398339   0.430369374809131   0.053816437007737   0.00322826711859009   0
0.669018111398339   0.430369374809131   0.053816437007737   0.00322826711859009   0
0.572127047126772   0.424215234659321   -0.0968910642715664   -0.00615414014981069   0
0.572127047126772   0.424215234659321   -0.0968910642715664   -0.00615414014981069   0
0.570271987278001   0.405147763668084   -0.00185505984877188   -0.0190674709912361   0
0.570271987278001   0.405147763668084   -0.00185505984877188   -0.0190674709912361   0
0.581931057845343   0.413545622975567   0.0116590705673425   0.00839785930748277   0
0.581931057845343   0.413545622975567   0.0116590705673425   0.00839785930748277   0
0.622710136616548   0.421788175834177   0.040779078771205   0.00824255285860959   0
0.622710136616548   0.421788175834177   0.040779078771205   0.00824255285860959   0
0.678148647249259   0.43106846374039   0.055438510632711   0.00928028790621327   0
0.678148647249259   0.43106846374039   0.055438510632711   0.00928028790621327   0
0.624071279714906   0.429943736337736   -0.0540773675343533   -0.00112472740265429   0
0.624071279714906   0.429943736337736   -0.0540773675343533   -0.00112472740265429   0
0.670584841358646   0.444508873551035   0.04651356164374   0.0145651372132992   0
0.670584841358646   0.444508873551035   0.04651356164374   0.0145651372132992   0
0.662262246810129   0.445837100098511   -0.00832259454851692   0.00132822654747644   0
0.662262246810129   0.445837100098511   -0.00832259454851692   0.00132822654747644   0
0.665903435714969   0.439599571894949   0.00364118890484033   -0.00623752820356233   0
0.665903435714969   0.439599571894949   0.00364118890484033   -0.00623752820356233   0
0.674800784690563   0.446870485347545   0.00889734897559424   0.00727091345259545   0
0.674800784690563   0.446870485347545   0.00889734897559424   0.00727091345259545   0
0.656946246534677   0.445612193506147   -0.0178545381558868   -0.00125829184139742   0
0.656946246534677   0.445612193506147   -0.0178545381558868   -0.00125829184139742   0
0.65435383982292   0.451748083645631   -0.00259240671175642   0.00613589013948385   0
0.65435383982292   0.451748083645631   -0.00259240671175642   0.00613589013948385   0
0.637112297851799   0.437571447418659   -0.0172415419711208   -0.0141766362269722   0
0.637112297851799   0.437571447418659   -0.0172415419711208   -0.0141766362269722   0
0.653687380650721   0.442811220281567   0.0165750827989212   0.00523977286290778   0
0.653687380650721   0.442811220281567   0.0165750827989212   0.00523977286290778   0
0.654802894319352   0.461352835942636   0.00111551366863116   0.0185416156610691   0
0.654802894319352   0.461352835942636   0.00111551366863116   0.0185416156610691   0
0.701767810812807   0.47467820769575   0.0469649164934556   0.0133253717531148   0
0.701767810812807   0.47467820769575   0.0469649164934556   0.0133253717531148   0
0.645050607216209   0.445576603525858   -0.0567172035965982   -0.0291016041698921   0
0.645050607216209   0.445576603525858   -0.0567172035965982   -0.0291016041698921   0
0.686563416679042   0.463432939425976   0.041512809462833   0.0178563359001173   0
0.686563416679042   0.463432939425976   0.041512809462833   0.0178563359001173   0
0.649140246523816   0.422127418228324   -0.0374231701552266   -0.0413055211976521   0
0.649140246523816   0.422127418228324   -0.0374231701552266   -0.0413055211976521   0
0.645461280156293   0.437288379367598   -0.00367896636752296   0.0151609611392741   0
0.645461280156293   0.437288379367598   -0.00367896636752296   0.0151609611392741   0
0.672007237926795   0.428649600819565   0.0265459577705024   -0.00863877854803258   0
0.672007237926795   0.428649600819565   0.0265459577705024   -0.00863877854803258   0
0.603078023498618   0.421654057341623   -0.0689292144281767   -0.00699554347794229   0
0.603078023498618   0.421654057341623   -0.0689292144281767   -0.00699554347794229   0
0.599021526220886   0.391124511698641   -0.00405649727773194   -0.0305295456429822   0
0.599021526220886   0.391124511698641   -0.00405649727773194   -0.0305295456429822   0
0.625665016131636   0.450903317470885   0.0266434899107495   0.0597788057722446   0
0.625665016131636   0.450903317470885   0.0266434899107495   0.0597788057722446   0
0.710806947359127   0.472352963899085   0.0851419312274907   0.0214496464281995   0
0.710806947359127   0.472352963899085   0.0851419312274907   0.0214496464281995   0
0.670521951462441   0.433257914526094   -0.0402849958966857   -0.0390950493729909   0
0.670521951462441   0.433257914526094   -0.0402849958966857   -0.0390950493729909   0
