0.242270263949912   1.2717150713329   0   0   0
0.223258584589731   1.17609873517044   -0.019011679360181   -0.0956163361624665   0
0.222282076751591   1.24665656904378   -0.000976507838140295   0.0705578338733399   0
0.210970469780133   1.20494387351704   -0.0113116069714576   -0.0417126955267357   0
0.190783376118046   1.26429185410935   -0.0201870936620865   0.0593479805923063   0
0.166751943557039   1.1985695656395   -0.0240314325610073   -0.065722288469851   0
0.138696706858959   0.814251353537407   -0.0280552366980802   -0.384318212102088   0
0.116063849301579   0.659554306084798   -0.0226328575573803   -0.154697047452609   0
0.109798430619477   0.547713739410698   -0.00626541868210216   -0.1118405666741   0
0.137277292908369   0.551754277406039   0.027478862288892   0.00404053799534076   0
0.131664162234224   0.544800497225886   -0.00561313067414473   -0.00695378018015291   0
0.106936359288274   0.507066711727609   -0.0247278029459494   -0.0377337854982769   0
0.0916781805999105   0.457082168017756   -0.0152581786883639   -0.0499845437098526   0
0.0949636197802743   0.406572383859086   0.00328543918036381   -0.0505097841586704   0
0.102951059607272   0.367975923741284   0.00798743982699739   -0.0385964601178025   0
0.11771829568937   0.361669281091776   0.0147672360820986   -0.00630664264950737   0
0.159034276664435   0.243959399479611   0.0413159809750646   -0.117709881612165   0
0.0992655104936251   0.231114572915828   -0.0597687661708097   -0.0128448265637831   0
0.0914524556890082   0.22914450327486   -0.00781305480461697   -0.00197006964096777   0
0.0697958220157195   0.19420775313713   -0.0216566336732886   -0.0349367501377301   0
0.0673646026997117   0.177495874144281   -0.00243121931600787   -0.016711878992849   0
0.0810114858539825   0.447911656379821   0.0136468831542708   0.27041578223554   0
0.0696213581016551   0.457335156288288   -0.0113901277523273   0.00942349990846658   0
0.0604095520119426   0.475283121263474   -0.00921180608971252   0.0179479649751862   0
0.0762647027685318   0.478247402140477   0.0158551507565892   0.00296428087700318   0
0.0602330301343117   0.478585277725945   -0.0160316726342201   0.000337875585467995   0
0.0506567507011652   0.492130345254608   -0.0095762794331465   0.0135450675286633   0
0.0287611658143424   0.484555796833793   -0.0218955848868228   -0.00757454842081495   0
0.0841655346882297   0.528604289467426   0.0554043688738873   0.0440484926336328   0
0.0586525204458731   0.498931315557823   -0.0255130142423566   -0.0296729739096032   0
0.0512534546291272   0.498908024837537   -0.00739906581674589   -2.32907202863397e-05   0
0.0401983171080905   0.499407008794593   -0.0110551375210367   0.000498983957056165   0
0.078322675288514   0.499369804928034   0.0381243581804235   -3.72038665590879e-05   0
0.0449709011926334   0.530103823831268   -0.0333517740958806   0.0307340189032347   0
0.0836825014602814   0.539069613911462   0.038711600267648   0.00896579008019349   0
0.0799270756660095   0.576988700212794   -0.00375542579427195   0.0379190863013326   0
0.0914034599056841   0.574806081938909   0.0114763842396746   -0.00218261827388533   0
0.105675913847291   0.546763330443703   0.0142724539416066   -0.0280427514952061   0
0.0971598097899023   0.558232335468372   -0.00851610405738837   0.0114690050246685   0
0.0897498569209444   0.574223627009576   -0.0074099528689579   0.0159912915412043   0
0.111643899227902   0.558945403873446   0.0218940423069579   -0.0152782231361296   0
0.0975916728831922   0.458353371621994   -0.0140522263447101   -0.100592032251452   0
0.0988806827646836   0.395165698927361   0.00128900988149139   -0.063187672694633   0
0.101392061288298   0.484538941928562   0.00251137852361449   0.0893732430012004   0
0.0764785165882551   0.463618412317147   -0.0249135447000431   -0.0209205296114143   0
0.0923341751100859   0.439943733205137   0.0158556585218308   -0.0236746791120107   0
0.0676943157570117   0.456861597248166   -0.0246398593530742   0.0169178640430288   0
0.09480185600488   0.472202170939379   0.0271075402478683   0.0153405736912135   0
0.108320206921977   0.45596429579375   0.0135183509170974   -0.0162378751456294   0
0.116089925257535   0.448359547580399   0.00776971833555733   -0.00760474821335072   0
0.125804865663336   0.403218038273649   0.0097149404058012   -0.0451415093067498   0
1.28024775829095   0.560589804770609   1.15444289262761   0.15737176649696   1
1.06798545119444   0.481609577050228   -0.212262307096505   -0.078980227720381   1
0.634717395688034   0.392022893480027   -0.43326805550641   -0.0895866835702016   1
0.609507294193433   0.254030357543365   -0.0252101014946009   -0.137992535936662   0
0.618262418671069   0.244457745309818   0.00875512447763593   -0.009572612233547   0
0.564504119214377   0.200750633553085   -0.0537582994566915   -0.0437071117567333   0
0.632515312916612   0.255525380970507   0.068011193702235   0.0547747474174216   0
0.623754567356424   0.249557469391266   -0.00876074556018802   -0.00596791157924062   0
0.64286744373471   0.258858562550401   0.0191128763782853   0.00930109315913533   0
0.630442632496407   0.378340797437941   -0.0124248112383024   0.119482234887539   0
0.542967569901739   0.394385746624072   -0.087475062594668   0.0160449491861315   0
0.477823590054949   0.370071157933511   -0.0651439798467902   -0.0243145886905607   0
0.458722222954153   0.444474781609254   -0.0191013671007957   0.0744036236757427   0
0.423832393043524   0.425724988060312   -0.0348898299106296   -0.0187497935489426   0
0.455252613050161   0.452642684635257   0.0314202200066376   0.0269176965749452   0
0.446803749862286   0.40944292303282   -0.00844886318787569   -0.0431997616024365   0
0.463808335371412   0.476589541808381   0.017004585509126   0.0671466187755606   0
0.464657497080376   0.450913261433394   0.000849161708964652   -0.0256762803749873   0
0.457249752779594   0.460013023918606   -0.00740774430078217   0.00909976248521244   0
0.462151223036356   0.459675212317578   0.00490147025676207   -0.00033781160102847   0
0.433529123886735   0.483796912638043   -0.0286220991496213   0.0241217003204657   0
0.4128268541568   0.456395014707227   -0.0207022697299347   -0.0274018979308163   0
0.398492378550707   0.47983757657051   -0.0143344756060932   0.023442561863283   0
0.339431083080203   0.466997034876906   -0.0590612954705036   -0.0128405416936038   0
0.322854257065011   0.475153865698786   -0.0165768260151928   0.00815683082187985   0
0.153456829625142   0.5283494017607   -0.169397427439868   0.0531955360619143   0
0.17226756632544   0.575391970190298   0.0188107367002979   0.0470425684295974   0
0.176406044132785   0.514664104888006   0.00413847780734466   -0.0607278653022917   0
0.195610987098092   0.535909820993022   0.0192049429653072   0.0212457161050157   0
0.171408778536547   0.568643382531037   -0.0242022085615456   0.0327335615380155   0
0.186232509434792   0.533352888866968   0.0148237308982456   -0.0352904936640694   0
0.171008968610567   0.552195019484683   -0.0152235408242249   0.0188421306177156   0
0.189191645524875   0.550239898040427   0.0181826769143078   -0.00195512144425602   0
0.178573195498429   0.528370606047973   -0.0106184500264465   -0.0218692919924541   0
0.183470727132069   0.529270502687558   0.00489753163364007   0.000899896639584452   0
0.19651393336952   0.544852199274769   0.0130432062374509   0.0155816965872111   0
0.198607730030052   0.546225603892313   0.00209379666053233   0.00137340461754465   0
0.188534131115721   0.51611842302769   -0.0100735989143306   -0.0301071808646231   0
0.184514935585605   0.535908996105077   -0.00401919553011623   0.0197905730773865   0
0.182775099581425   0.532259215546197   -0.00173983600417962   -0.00364978055888032   0
0.178859263749463   0.533087575567692   -0.00391583583196242   0.000828360021495667   0
0.163571474756114   0.523420115366232   -0.0152877889933492   -0.00966746020145981   0
0.156030783350914   0.535920813406701   -0.00754069140519945   0.0125006980404686   0
0.170377049456551   0.522929852867055   0.0143462661056365   -0.0129909605396459   0
0.141706914460692   0.5578324646102   -0.0286701349958585   0.0349026117431447   0
0.167896520205423   0.5289360585393   0.0261896057447305   -0.0288964060708998   0
0.143480099650823   0.541394066496706   -0.0244164205546003   0.0124580079574061   0
0.178433163865942   0.533947178896012   0.034953064215119   -0.00744688760069412   0
0.155347710751655   0.553411603451403   -0.0230854531142863   0.0194644245553905   0
0.17380142618313   0.53302842060165   0.0184537154314746   -0.0203831828497522   0
0.179319661785455   0.5269737153739   0.00551823560232503   -0.00605470522775009   0
0.16103943657145   0.527525959639988   -0.0182802252140053   0.000552244266087465   0
0.156985117730949   0.530655872553616   -0.00405431884050056   0.00312991291362863   0
0.156368375835429   0.549364238475542   -0.000616741895520162   0.0187083659219258   0
0.159547844667736   0.536237273684208   0.00317946883230691   -0.0131269647913338   0
0.166357891604126   0.529545644031749   0.00681004693638962   -0.00669162965245917   0
0.171564878707736   0.517390326355393   0.00520698710360992   -0.0121553176763564   0
0.19860213444787   0.546404399534127   0.0270372557401349   0.0290140731787342   0
0.181853989899177   0.548487104044617   -0.0167481445486934   0.00208270451048953   0
0.17983259053225   0.547867320897587   -0.00202139936692675   -0.000619783147029263   0
0.224570255482822   0.51798812587766   0.0447376649505718   -0.0298791950199279   0
0.173804496273859   0.507485198302867   -0.0507657592089627   -0.0105029275747928   0
0.20128008285742   0.517266459054229   0.027475586583561   0.00978126075136199   0
0.217950925408565   0.494498480006258   0.0166708425511449   -0.0227679790479703   0
0.180161077442271   0.506785911573615   -0.0377898479662942   0.0122874315673566   0
0.203304792718347   0.497812965490303   0.0231437152760758   -0.00897294608331173   0
0.195045007045477   0.495619346084019   -0.00825978567287033   -0.00219361940628476   0
0.205833662891302   0.507890496377172   0.0107886558458251   0.0122711502931534   0
0.168115029665762   0.521154283685264   -0.0377186332255397   0.0132637873080915   0
0.206945476382355   0.503654670523366   0.0388304467165935   -0.0174996131618977   0
0.166986991102601   0.522402898244497   -0.0399584852797548   0.0187482277211309   0
0.22275054261494   0.505167443521948   0.0557635515123389   -0.0172354547225491   0
0.150155630671147   0.517877713762863   -0.0725949119437922   0.0127102702409154   0
0.19433615587875   0.519809936683833   0.0441805252076032   0.00193222292096951   0
0.180992348490896   0.551891536175814   -0.0133438073878543   0.0320815994919816   0
0.222406704060691   0.533753960898886   0.0414143555697953   -0.0181375752769277   0
0.195394762497719   0.533163201873732   -0.0270119415629725   -0.000590759025154264   0
0.18149490933646   0.53884715072203   -0.0138998531612585   0.00568394884829759   0
0.221220064516264   0.502639315850342   0.0397251551798035   -0.0362078348716877   0
0.186999249225712   0.541931684146166   -0.0342208152905518   0.0392923682958241   0
0.236265499529512   0.523232460854877   0.0492662503038002   -0.0186992232912896   0
0.184940480225396   0.541546480351871   -0.0513250193041166   0.0183140194969948   0
0.205806475335569   0.581681110812015   0.0208659951101728   0.0401346304601439   0
0.262556850779027   0.6459121718982   0.056750375443458   0.0642310610861847   0
0.305743593199089   0.745130805173836   0.0431867424200624   0.0992186332756364   1
0.280060002442137   0.402805027435421   -0.0256835907569515   -0.342325777738416   1
0.252130702414621   0.462460624105718   -0.0279293000275167   0.0596555966702971   0
0.292434650800499   0.430402729588812   0.0403039483858786   -0.0320578945169059   0
0.230389753079277   0.503118849458555   -0.0620448977212228   0.072716119869743   0
0.29128593095184   0.503165555004762   0.0608961778725634   4.67055462070043e-05   0
0.227795176290654   0.551008642523418   -0.0634907546611861   0.0478430875186563   0
0.289611274408473   0.509621845162911   0.0618160981178195   -0.0413867973605072   0
0.218535011976342   0.519746419157698   -0.0710762624321311   0.0101245739947876   0
0.232789308994424   0.480440285357868   0.0142542970180823   -0.0393061337998301   0
0.226599758548945   0.545195876309607   -0.00618955044547981   0.0647555909517383   0
0.174624278997767   0.529487274154205   -0.0519754795511775   -0.015708602155402   0
0.246305166536332   0.492546931036526   0.0716808875385644   -0.036940343117679   0
0.222531573997062   0.475315073675083   -0.0237735925392693   -0.0172318573614422   0
0.702682211405697   0.728171040184241   0.480150637408634   0.252855966509158   1
0.580989382451177   0.620761471579865   -0.121692828954519   -0.107409568604376   0
0.425775932769808   0.620357259486217   -0.155213449681369   -0.000404212093648049   0
0.358151471610826   0.569976684734779   -0.0676244611589823   -0.0503805747514381   0
0.383775858386116   0.603836610075524   0.0256243867752902   0.0338599253407443   0
0.395692809572021   0.617955433661279   0.0119169511859056   0.0141188235857559   0
0.416024487448756   0.607354619702732   0.0203316778767345   -0.0106008139585477   0
0.447623770966199   0.607454376964641   0.031599283517443   9.97572619090281e-05   0
0.439104282335074   0.614869641815645   -0.00851948863112528   0.00741526485100463   0
0.431249769355301   0.608954102674003   -0.00785451297977285   -0.00591553914164267   0
0.395463944441209   0.598910240385402   -0.0357858249140913   -0.0100438622886008   0
0.374271976964613   0.518887245592431   -0.0211919674765961   -0.0800229947929708   0
0.381018092517928   0.499664020486767   0.00674611555331422   -0.0192232251056645   0
0.38015807420072   0.541303628642234   -0.000860018317207722   0.0416396081554678   0
0.378826844551703   0.506686479903253   -0.00133122964901694   -0.0346171487389811   0
0.346319673403057   0.528486086158851   -0.0325071711486459   0.0217996062555973   0
0.36044195971335   0.522553336763339   0.0141222863102928   -0.00593274939551125   0
0.35787376387352   0.544541854920721   -0.00256819583982965   0.021988518157382   0
0.350849297274485   0.515985860469548   -0.00702446659903494   -0.0285559944511733   0
0.333533150621958   0.531300221951299   -0.0173161466525267   0.0153143614817514   0
0.331218906944773   0.510855055816471   -0.00231424367718575   -0.0204451661348282   0
0.314184859538919   0.528035080693272   -0.0170340474058541   0.0171800248768005   0
0.303612124322729   0.552485170754166   -0.01057273521619   0.0244500900608943   0
0.317193146510698   0.566289267976182   0.013581022187969   0.0138040972220158   0
0.337161698483695   0.551198901730582   0.0199685519729972   -0.0150903662455997   0
0.324378655236454   0.554041820605541   -0.0127830432472413   0.00284291887495891   0
0.330844371482691   0.512836547744408   0.00646571624623754   -0.0412052728611331   0
0.31437703672953   0.546180545958845   -0.0164673347531615   0.0333439982144375   0
0.327057367233206   0.49255868087096   0.0126803305036765   -0.0536218650878858   0
0.31698949206382   0.544673527419548   -0.0100678751693864   0.0521148465485879   0
0.330308339249617   0.52342531270699   0.0133188471857972   -0.0212482147125578   0
0.328279423884593   0.574437285283305   -0.00202891536502431   0.0510119725763147   0
0.32633717239121   0.5636629653905   -0.00194225149338306   -0.0107743198928041   0
0.323625388587113   0.546459548573807   -0.00271178380409637   -0.0172034168166935   0
0.314082994074687   0.556241215439671   -0.00954239451242594   0.00978166686586401   0
0.325152618213294   0.540893633526352   0.0110696241386066   -0.0153475819133186   0
0.360744413491048   0.525101555645772   0.035591795277754   -0.0157920778805802   0
0.64119733600975   0.684843002597493   0.280452922518702   0.159741446951721   1
0.604100845281647   0.591756575025576   -0.0370964907281032   -0.0930864275719173   0
0.618938545690451   0.575797195159459   0.0148377004088039   -0.015959379866117   0
0.600046782748487   0.513040387803923   -0.0188917629419636   -0.0627568073555357   0
0.588133297748402   0.421942314253382   -0.0119134850000854   -0.0910980735505409   0
0.570254800413605   0.417455690350784   -0.017878497334797   -0.00448662390259796   0
0.578315538511633   0.41096251690962   0.00806073809802832   -0.00649317344116396   0
0.576430588108404   0.409546782010862   -0.00188495040322945   -0.00141573489875862   0
0.592691972778441   0.396787432072653   0.0162613846700373   -0.0127593499382092   0
0.60427672425388   0.41166784589126   0.0115847514754394   0.0148804138186072   0
0.580386698885321   0.413597055519572   -0.0238900253685594   0.00192920962831233   0
0.614112048595116   0.425297958729524   0.0337253497097951   0.0117009032099519   0
0.607528098678868   0.415629594295209   -0.00658394991624822   -0.00966836443431507   0
0.64466888067829   0.663887796765575   0.0371407819994227   0.248258202470366   0
0.649884956668486   0.818396624110828   0.00521607599019569   0.154508827345253   0
0.644053256880206   0.7346331248557   -0.00583169978828058   -0.0837634992551284   0
0.622277867565608   0.665592806657344   -0.0217753893145979   -0.069040318198356   0
0.638576776347997   0.662633820082781   0.0162989087823896   -0.00295898657456217   0
0.649281460223531   0.646449992224843   0.0107046838755332   -0.0161838278579381   0
0.638942582413318   0.608854268854214   -0.0103388778102123   -0.037595723370629   0
0.651357543255622   0.591558048215262   0.0124149608423042   -0.0172962206389525   0
0.658039307576683   0.576470031853348   0.00668176432106016   -0.0150880163619139   0
0.627420607259596   0.522492086020927   -0.0306187003170868   -0.0539779458324207   0
0.64244385173025   0.523680647890726   0.0150232444706546   0.00118856186979832   0
0.59621428590147   0.505086500832036   -0.0462295658287802   -0.0185941470586899   0
0.628573778596435   0.51180067330749   0.0323594926949647   0.00671417247545414   0
0.601998023338325   0.490828476118949   -0.0265757552581104   -0.0209721971885403   0
0.616774510094248   0.516254763257444   0.0147764867559238   0.025426287138495   0
0.580961896346051   0.520998429552575   -0.0358126137481971   0.00474366629513101   0
0.626615107677751   0.540394231445433   0.0456532113317002   0.0193958018928574   0
0.607952083326474   0.521538147253631   -0.0186630243512773   -0.0188560841918018   0
0.668679451011469   0.52538005564829   0.0607273676849951   0.00384190839465859   0
0.62138589009568   0.524482948896816   -0.0472935609157896   -0.000897106751473586   0
0.62071466965829   0.514495645277489   -0.000671220437389652   -0.00998730361932676   0
0.639703313385979   0.518252480059671   0.018988643727689   0.00375683478218203   0
0.65496960361913   0.521231353962422   0.0152662902331508   0.00297887390275098   0
0.651326551919235   0.530961262875645   -0.00364305169989476   0.0097299089132229   0
0.650628495756219   0.5462818135967   -0.000698056163016325   0.0153205507210552   0
0.660718776099938   0.553167326683798   0.0100902803437192   0.00688551308709795   0
0.589686374002054   0.552282159525817   -0.0710324020978841   -0.000885167157981259   0
0.596778644175451   0.567556476586472   0.00709227017339764   0.0152743170606545   0
0.444672908412509   0.909026780171328   -0.152105735762942   0.341470303584857   1
0.397195199997734   0.607391757064582   -0.0474777084147753   -0.301635023106747   1
0.432491551114007   0.345635069848243   0.0352963511162732   -0.261756687216339   1
0.413446757958035   0.39577736663085   -0.0190447931559723   0.0501422967826063   0
0.453592689413487   0.321556167495665   0.0401459314554519   -0.0742211991351849   0
0.413171100660743   0.374431415402407   -0.0404215887527437   0.0528752479067424   0
0.468726230054656   0.343142335660073   0.0555551293939124   -0.0312890797423345   0
0.423484339172076   0.359863895754353   -0.0452418908825795   0.0167215600942806   0
0.483845446553918   0.300999381220709   0.0603611073818415   -0.0588645145336438   0
0.405844850808529   0.375577109458897   -0.0780005957453889   0.0745777282381871   0
0.405849408435247   0.389658035875369   4.55762671836002e-06   0.014080926416472   0
0.418115204258927   0.373964651089511   0.0122657958236798   -0.0156933847858572   0
0.408283286374596   0.403122279815939   -0.0098319178843313   0.0291576287264274   0
0.399208185940131   0.359232247578777   -0.00907510043446474   -0.0438900322371614   0
0.457770943862638   0.352546144605213   0.0585627579225067   -0.00668610297356403   0
0.430886113485408   0.360882136618384   -0.0268848303772293   0.00833599201317076   0
0.406532496541039   0.401733947837372   -0.024353616944369   0.0408518112189875   0
0.465957787367096   0.33735022778894   0.059425290826057   -0.0643837200484312   0
0.415211491844867   0.380824092880821   -0.0507462955222292   0.0434738650918803   0
0.400945095696456   0.392633074392301   -0.0142663961484111   0.0118089815114801   0
0.453225404492776   0.344132604787021   0.0522803087963197   -0.0485004696052798   0
0.409783170124967   0.376135651533127   -0.0434422343678086   0.032003046746106   0
0.431642219177237   0.375587439208568   0.0218590490522702   -0.000548212324558706   0
0.433487677835207   0.36168436834967   0.00184545865796965   -0.013903070858898   0
0.453771066191973   0.35888604122235   0.0202833883567664   -0.00279832712732075   0
0.446063993461129   0.333550391001495   -0.00770707273084426   -0.0253356502208549   0
0.43171176368656   0.370263671118637   -0.0143522297745691   0.036713280117142   0
0.455594589166553   0.358210695000861   0.0238828254799931   -0.0120529761177756   0
0.39135021773303   0.387579264076395   -0.0642443714335229   0.0293685690755339   0
0.437173298436959   0.335837534981574   0.0458230807039285   -0.0517417290948211   0
0.438057086997756   0.356624862877997   0.00088378856079796   0.0207873278964227   0
0.460021783837722   0.314297524155457   0.0219646968399657   -0.0423273387225399   0
0.435470805295648   0.342520669750382   -0.0245509785420743   0.0282231455949248   0
0.479522420310417   0.308684877783963   0.044051615014769   -0.0338357919664189   0
0.480381727272177   0.305649758324786   0.000859306961760009   -0.00303511945917689   0
0.478753713914535   0.322787596250615   -0.00162801335764229   0.0171378379258291   0
0.507667853802277   0.31332941895312   0.0289141398877424   -0.00945817729749465   0
0.519120952338663   0.291961464448221   0.0114530985363857   -0.021367954504899   0
0.528072559336272   0.319727496929025   0.00895160699760889   0.0277660324808042   0
0.576958099946296   0.282004736738144   0.0488855406100244   -0.0377227601908813   0
0.514876996153149   0.335371007733972   -0.0620811037931467   0.0533662709958279   0
0.527752050414027   0.304866620985719   0.0128750542608781   -0.0305043867482532   0
0.502051373265416   0.31464500477999   -0.0257006771486114   0.00977838379427121   0
0.52277475478332   0.312028254257928   0.0207233815179038   -0.00261675052206239   0
0.539462777931119   0.291377231141179   0.0166880231477995   -0.0206510231167488   0
0.504452661455959   0.321414590608843   -0.0350101164751605   0.0300373594676639   0
0.492112982381323   0.325132763277557   -0.0123396790746361   0.00371817266871438   0
0.531709374732099   0.308797878775503   0.0395963923507767   -0.0163348845020546   0
0.536613970294289   0.298730661118841   0.00490459556218958   -0.0100672176566612   0
0.496403721428677   0.326729807899815   -0.0402102488656115   0.0279991467809736   0
0.504787505230082   0.333271170087138   0.00838378380140453   0.00654136218732293   0
0.466828196555232   0.335095862329349   -0.0379593086748503   0.00182469224221105   0
0.527539039223677   0.324836534109466   0.060710842668445   -0.0102593282198834   0
0.458741958355937   0.349570049937777   -0.06879708086774   0.0247335158283116   0
0.520182455530403   0.318679181587847   0.0614404971744666   -0.0308908683499301   0
0.4624079783019   0.348372083943662   -0.0577744772285038   0.0296929023558151   0
0.546954769167662   0.299810156985216   0.0845467908657622   -0.0485619269584459   0
0.477005590583894   0.327105453655239   -0.0699491785837673   0.0272952966700232   0
0.519749377195404   0.327423427624307   0.0427437866115092   0.000317973969067908   0
0.506547765582122   0.313648974749241   -0.013201611613282   -0.0137744528750663   0
0.494826385259931   0.334305354594419   -0.0117213803221903   0.0206563798451777   0
0.554190421606473   0.403172119252435   0.0593640363465415   0.0688667646580167   0
0.528505710713148   0.680277475574673   -0.0256847108933245   0.277105356322238   0
0.544574979435302   0.620669153582647   0.016069268722154   -0.0596083219920257   0
0.538733275834165   0.598557667595613   -0.00584170360113778   -0.0221114859870347   0
0.555286439863869   0.534470598558284   0.0165531640297043   -0.064087069037329   0
0.533227672332945   0.559070733350888   -0.0220587675309243   0.0246001347926046   0
0.565201314704991   0.471424324277503   0.0319736423720461   -0.0876464090733857   0
0.524266334323128   0.493603341478509   -0.0409349803818625   0.0221790172010068   0
0.582968654752346   0.439890480531518   0.0587023204292179   -0.0537128609469912   0
0.548160116088867   0.472568864758883   -0.0348085386634792   0.0326783842273653   0
0.588299192861082   0.403996478913493   0.0401390767722147   -0.0685723858453909   0
0.525881549505818   0.442202220558366   -0.0624176433552637   0.0382057416448737   0
0.584392246256742   0.398662031919582   0.0585106967509237   -0.0435401886387841   0
0.502806265489254   0.449982200800209   -0.0815859807674878   0.0513201688806272   0
0.485689787133887   0.489230843380965   -0.0171164783553672   0.0392486425807552   0
0.45143378605975   0.411872005698979   -0.0342560010741367   -0.0773588376819854   0
