0.102975625737841   0.19330953023263   0   0   0
0.0920103135696211   0.192707817535544   -0.0109653121682204   -0.000601712697085782   0
0.090591629590487   0.206631601413216   -0.00141868397913408   0.0139237838776717   0
0.0816516837831285   0.201588818244744   -0.00893994580735855   -0.00504278316847145   0
0.0882492043379429   0.189173962892624   0.00659752055481444   -0.0124148553521199   0
0.0844486663339333   0.188420003588271   -0.0038005380040096   -0.000753959304353374   0
0.0758618922850597   0.195688010970077   -0.00858677404887359   0.00726800738180658   0
0.0710110274672181   0.182872668262647   -0.00485086481784162   -0.0128153427074308   0
0.0777843070426805   0.168015056864147   0.00677327957546246   -0.0148576113984998   0
0.0899765313155047   0.15694533695252   0.0121922242728242   -0.011069719911627   0
0.0946493554024537   0.163335145077851   0.00467282408694902   0.00638980812533071   0
0.066382215783898   0.169293849065944   -0.0282671396185557   0.00595870398809306   0
0.070557381047485   0.154476100835704   0.00417516526358701   -0.0148177482302399   0
0.0726243447698497   0.141552761385252   0.0020669637223647   -0.012923339450452   0
0.0606820562978876   0.150827963188328   -0.0119422884719621   0.00927520180307626   0
0.077514273743679   0.137406754879991   0.0168322174457914   -0.0134212083083366   0
0.0592747138671289   0.151638145211988   -0.0182395598765501   0.0142313903319969   0
0.0547195801645078   0.151663703555447   -0.00455513370262103   2.55583434584372e-05   0
0.0638600296607354   0.133702734120502   0.00914044949622753   -0.0179609694349449   0
0.0751277895219871   0.117437988030375   0.0112677598612518   -0.0162647460901268   0
0.0649198267340571   0.119685225412183   -0.01020796278793   0.00224723738180811   0
0.0958701862254893   0.0795753535726711   0.0309503594914322   -0.040109871839512   0
0.1035697414108   0.0793512731559015   0.00769955518531076   -0.000224080416769593   0
0.113530542592819   0.0731592201473095   0.0099608011820194   -0.00619205300859202   0
0.0555261126178486   0.118290857461862   -0.0580044299749709   0.0451316373145523   0
0.0511626315496965   0.138534672679007   -0.00436348106815205   0.0202438152171452   0
0.0714996717466591   0.133600112966944   0.0203370401969626   -0.00493455971206286   0
0.065566249288258   0.211106853977627   -0.00593342245840103   0.0775067410106827   0
0.148893773467966   0.179057615258022   0.0833275241797081   -0.0320492387196043   0
0.0733571845139929   0.173660533146754   -0.0755365889539732   -0.00539708211126827   0
0.175246978390157   0.532315070178602   0.101889793876164   0.358654537031848   1
0.293320744679421   0.878283525318561   0.118073766289264   0.345968455139959   0
0.236529614648948   0.672768826326696   -0.0567911300304725   -0.205514698991865   0
0.209099544481689   0.610914118111949   -0.0274300701672589   -0.0618547082147474   0
0.171590605872379   0.593134530371694   -0.0375089386093108   -0.0177795877402547   0
0.20657441941344   0.578296228031318   0.0349838135410618   -0.0148383023403761   0
0.167949603500872   0.545073230546594   -0.0386248159125688   -0.0332229974847243   0
0.15021745001497   0.506557608699396   -0.0177321534859017   -0.0385156218471979   0
0.161093699373532   0.482143575309783   0.0108762493585624   -0.0244140333896131   0
0.166257879724481   0.456624559853059   0.00516418035094907   -0.0255190154567234   0
0.171194374995004   0.430233801488795   0.00493649527052278   -0.026390758364264   0
0.129852369691762   0.413183216221025   -0.0413420053032419   -0.0170505852677706   0
0.134768410952192   0.412454277402356   0.00491604126042974   -0.000728938818668201   0
0.133528696590405   0.393337787741338   -0.00123971436178674   -0.0191164896610182   0
0.131998351679813   0.378503657665616   -0.00153034491059223   -0.0148341300757219   0
0.149534885224084   0.364056750891259   0.0175365335442714   -0.0144469067743575   0
0.139327362733816   0.348987874426175   -0.0102075224902682   -0.0150688764650834   0
0.139914008863064   0.33100704565462   0.00058664612924772   -0.0179808287715549   0
0.159117846529775   0.311197099895709   0.0192038376667107   -0.0198099457589113   0
0.126497653128665   0.297119453217894   -0.0326201934011098   -0.0140776466778156   0
0.141653420955346   0.286551968856   0.0151557678266813   -0.0105674843618935   0
0.142298959155387   0.288330032085629   0.000645538200040513   0.00177806322962926   0
0.123830422691532   0.30028725570152   -0.0184685364638542   0.0119572236158906   0
0.109938964680821   0.277109832648086   -0.0138914580107111   -0.0231774230534343   0
0.104161909900069   0.299047601306631   -0.00577705478075285   0.0219377686585459   0
0.127672286753704   0.286275985920056   0.0235103768536354   -0.0127716153865756   0
0.1412907324091   0.280648718618133   0.0136184456553964   -0.00562726730192281   0
0.16203392741784   0.296370204907646   0.0207431950087401   0.0157214862895129   0
0.128972326697358   0.291344824815029   -0.0330616007204826   -0.00502538009261677   0
0.136611132215497   0.30402894271763   0.00763880551813917   0.0126841179026009   0
0.127224504765788   0.292530844201941   -0.00938662744970906   -0.0114980985156895   0
0.130757216567385   0.290108073485555   0.00353271180159695   -0.00242277071638586   0
0.143698680661236   0.28583188848386   0.0129414640938515   -0.0042761850016943   0
0.155412154616283   0.275582927412059   0.011713473955047   -0.0102489610718017   0
0.143218604711551   0.266300038329419   -0.0121935499047321   -0.00928288908263974   0
0.145011596357843   0.284138220841108   0.00179299164629168   0.0178381825116886   0
0.169632122790945   0.284434395012716   0.0246205264331024   0.000296174171608932   0
0.143503567460125   0.284429208119525   -0.0261285553308209   -5.18689319151111e-06   0
0.171108803731076   0.287210354949991   0.0276052362709518   0.00278114683046637   0
0.161333337328582   0.288823255425355   -0.0097754664024941   0.00161290047536389   0
0.162044025019283   0.278346520995862   0.000710687690700706   -0.0104767344294929   0
0.151354435821881   0.268165116644112   -0.0106895891974016   -0.0101814043517507   0
0.158692282058706   0.245553952977243   0.00733784623682496   -0.0226111636668688   0
0.141224033997205   0.250445950806257   -0.0174682480615017   0.00489199782901395   0
0.160690364680929   0.238921394523387   0.0194663306837246   -0.0115245562828697   0
0.173893508079198   0.238061023488201   0.0132031433982686   -0.000860371035185659   0
0.175330743183419   0.235272377690497   0.00143723510422122   -0.00278864579770421   0
0.161567077382244   0.230218916478257   -0.013763665801175   -0.00505346121224065   0
0.13091554996386   0.242427452584603   -0.0306515274183837   0.0122085361063465   0
0.170512362237346   0.232175581053672   0.039596812273486   -0.0102518715309316   0
0.178565783291313   0.230463237752445   0.00805342105396625   -0.00171234330122652   0
0.217376965975446   0.223353983919786   0.038811182684133   -0.00710925383265906   0
0.176552113341217   0.218805268070322   -0.0408248526342284   -0.00454871584946365   0
0.185431968628632   0.216633333363941   0.00887985528741492   -0.00217193470638105   0
0.181791850749724   0.21385567145692   -0.00364011787890792   -0.0027776619070215   0
0.299870532938066   0.198538561161444   0.118078682188342   -0.0153171102954759   0
0.109603853340939   0.358784478857085   -0.190266679597127   0.160245917695641   1
0.426084580167236   0.493233066789677   0.316480726826297   0.134448587932592   1
0.697597263685144   3.19966501270836   0.271512683517907   2.70643194591868   1
0.743780786767849   2.98670375845178   0.046183523082705   -0.212961254256579   1
0.725586188518635   2.90422032071863   -0.0181945982492138   -0.0824834377331558   0
0.706951090920723   2.8442878472739   -0.0186350975979123   -0.0599324734447255   0
0.637240214357192   2.83277814481209   -0.0697108765635308   -0.0115097024618152   0
0.618131425201793   2.76142864498614   -0.0191087891553988   -0.0713494998259434   0
0.569253776119131   2.73831812535085   -0.0488776490826619   -0.0231105196352908   0
0.514507009182421   2.63758273194416   -0.05474676693671   -0.100735393406695   0
0.484591275694311   2.61196751874904   -0.0299157334881099   -0.0256152131951195   0
0.430410818727875   2.55746178437724   -0.054180456966436   -0.0545057343718001   0
0.445598053512984   2.50249587782378   0.0151872347851085   -0.0549659065534596   0
0.473295793770249   2.43655890612663   0.0276977402572651   -0.0659369716971474   0
0.492364501778672   2.36120898949564   0.0190687080084231   -0.0753499166309948   0
0.472524118586819   2.32308040854164   -0.0198403831918533   -0.0381285809539937   0
0.465718109903577   2.25595057527309   -0.00680600868324205   -0.0671298332685484   0
0.425191198764615   2.15306227216028   -0.0405269111389622   -0.10288830311281   0
0.405849448187576   2.05936421449679   -0.0193417505770385   -0.0936980576634885   0
0.359179462601928   1.96978183856741   -0.0466699855856478   -0.0895823759293861   0
0.351538896026656   1.90709496689336   -0.00764056657527223   -0.0626868716740447   0
0.285675936077927   1.88377060191787   -0.0658629599487286   -0.0233243649754973   0
0.300813886573808   1.85407409346957   0.015137950495881   -0.0296965084482985   0
0.260285090662623   1.79585521076311   -0.0405287959111851   -0.0582188827064616   0
0.278016626185216   1.77299193627608   0.0177315355225925   -0.0228632744870272   0
0.274067505340728   1.77820583913252   -0.00394912084448773   0.00521390285644374   0
0.27081906313406   1.75971591830898   -0.00324844220666798   -0.0184899208235474   0
0.290095191177396   1.73271284981817   0.0192761280433361   -0.0270030684908065   0
0.286642732205615   1.71631773033142   -0.00345245897178104   -0.0163951194867482   0
0.295126592403531   1.67649666240348   0.00848386019791603   -0.0398210679279432   0
0.315314551260943   1.70638518081352   0.0201879588574121   0.0298885184100455   0
0.244676810221668   1.64471163109221   -0.0706377410392755   -0.0616735497213123   0
0.239726577242178   1.65198743972979   -0.00495023297948965   0.00727580863758326   0
0.25912005384768   1.68340652250875   0.0193934766055015   0.0314190827789551   0
0.231948940509529   1.63264630558796   -0.0271711133381509   -0.0507602169207937   0
0.206887526345234   1.58466311367748   -0.0250614141642944   -0.0479831919104772   0
0.235043679953323   1.61728276152471   0.0281561536080885   0.0326196478472343   0
0.234323764945022   1.62534966223425   -0.000719915008300542   0.00806690070954041   0
0.253260479245559   1.60024927018418   0.0189367143005364   -0.0251003920500732   0
0.239205614548572   1.60710851041552   -0.0140548646969866   0.00685924023134299   0
0.233376564079087   1.56737715771444   -0.00582905046948543   -0.0397313527010814   0
0.222062258835328   1.55700427119677   -0.0113143052437588   -0.0103728865176664   0
0.224171985853769   1.56073101663131   0.00210972701844145   0.00372674543453444   0
0.239898206919677   1.58884930666033   0.0157262210659077   0.0281182900290171   0
0.207264357048408   1.52815129922564   -0.0326338498712687   -0.0606980074346901   0
0.167549066305665   1.35394592581277   -0.0397152907427435   -0.174205373412866   0
0.343649421202786   1.73130518675572   0.176100354897122   0.377359260942947   1
0.272193007587925   1.71686351249954   -0.0714564136148617   -0.0144416742561801   1
0.256083956361991   1.66174104118572   -0.0161090512259338   -0.0551224713138179   0
0.235716919361   1.6017353373614   -0.0203670370009912   -0.060005703824316   0
0.234394456585475   1.58227909818211   -0.00132246277552492   -0.019456239179291   0
0.216791600462841   1.54457892134467   -0.0176028561226339   -0.0377001768374474   0
0.232821663646706   1.51967525026764   0.0160300631838654   -0.0249036710770296   0
0.190129519608345   1.45732120391397   -0.0426921440383614   -0.06235404635367   0
0.19917845073322   1.42372750311822   0.00904893112487479   -0.0335937007957423   0
0.217697779878918   1.46919472741022   0.0185193291456987   0.045467224292   0
0.193938570648543   1.40050293500772   -0.0237592092303751   -0.068691792402499   0
0.180392042781216   1.41103932627656   -0.0135465278673274   0.0105363912688328   0
0.195217361034028   1.35845490066509   0.0148253182528121   -0.0525844256114669   0
0.223533431176838   1.38544102500936   0.0283160701428097   0.0269861243442746   0
0.21165829081177   1.39157394814792   -0.0118751403650671   0.00613292313855895   0
0.215894862305266   1.3938085846073   0.00423657149349602   0.00223463645937461   0
0.173741993349622   1.3703552316593   -0.0421528689556448   -0.0234533529480032   0
0.198706845232317   1.35734295655151   0.0249648518826953   -0.0130122751077828   0
0.17821740355779   1.37326428643224   -0.0204894416745275   0.0159213298807281   0
0.161019827099926   1.2967016632117   -0.0171975764578637   -0.0765626232205363   0
0.149827040040375   1.25077618593226   -0.0111927870595512   -0.0459254772794446   0
0.161475214080428   1.25520263215994   0.0116481740400533   0.00442644622768373   0
0.171090801870966   1.21270077816304   0.00961558779053776   -0.0425018539969002   0
0.180637530078442   1.19783839953153   0.00954672820747632   -0.0148623786315161   0
0.181078629924958   1.17661528319041   0.000441099846516413   -0.0212231163411163   0
0.184501871961506   1.17337213013658   0.00342324203654779   -0.00324315305383305   0
0.153769968725789   1.14837695260528   -0.0307319032357175   -0.0249951775312929   0
0.172151864246252   1.16316550154567   0.0183818955204635   0.0147885489403894   0
0.165898835649139   1.18010580517426   -0.00625302859711321   0.0169403036285909   0
0.168456331862533   1.18891910214531   0.0025574962133946   0.00881329697104083   0
0.155010931928977   1.17225683606121   -0.0134453999335563   -0.0166622660840909   0
0.153210809273041   1.14019596121281   -0.00180012265593665   -0.0320608748484066   0
0.16621982104686   1.09102160524311   0.013009011773819   -0.0491743559696995   0
0.179782144533389   1.06714639510109   0.0135623234865296   -0.0238752101420194   0
0.163581343817827   1.04427823830673   -0.0162008007155622   -0.0228681567943629   0
0.178956938576435   0.963347000768155   0.0153755947586083   -0.0809312375385712   0
0.196082608181985   0.910887328529166   0.0171256696055502   -0.0524596722389896   0
0.232754560906892   0.928410696861712   0.0366719527249064   0.0175233683325466   0
0.198008039328458   0.910824849744587   -0.0347465215784342   -0.0175858471171249   0
0.171494576279426   0.90753576382752   -0.0265134630490312   -0.00328908591706734   0
0.199656493663041   0.923929738745864   0.0281619173836148   0.0163939749183438   0
0.204313110754278   0.849487942468873   0.00465661709123719   -0.0744417962769903   0
0.18894380984806   0.876174543424996   -0.015369300906218   0.0266866009561225   0
0.20246435057407   0.798209115533173   0.0135205407260098   -0.0779654278918231   0
0.19842302141105   0.780751410893538   -0.00404132916302016   -0.017457704639635   0
0.252787825288818   0.65071015915306   0.0543648038777681   -0.130041251740478   0
0.277579966595286   0.663268600083141   0.0247921413064677   0.0125584409300817   0
0.254821752551936   0.690282772845665   -0.02275821404335   0.0270141727625236   0
0.26107568794003   0.687783289296854   0.00625393538809438   -0.00249948354881091   0
0.257951279987985   0.685600399102859   -0.00312440795204483   -0.00218289019399476   0
0.24611952229811   0.681296219840717   -0.0118317576898751   -0.00430417926214277   0
0.254035420775312   0.654580516325914   0.00791589847720212   -0.0267157035148028   0
0.247369809188773   0.650881486745667   -0.00666561158653931   -0.00369902958024659   0
0.267853550962536   0.632968769481955   0.0204837417737632   -0.0179127172637124   0
0.139270775211241   1.05462246467504   -0.128582775751295   0.421653695193082   1
0.54831921104085   4.36121262441995   0.409048435829609   3.30659015974492   1
0.642755891042229   4.25298170344642   0.0944366800013794   -0.108230920973536   1
0.669992537480501   4.04874445547629   0.0272366464382714   -0.204237247970128   1
0.62831538837319   3.7413869030548   -0.0416771491073107   -0.307357552421489   0
0.52221317628436   3.31211290508793   -0.10610221208883   -0.429273997966873   0
0.388539369222785   3.22927201615937   -0.133673807061575   -0.0828408889285592   0
0.310817424654668   3.1178315133639   -0.0777219445681178   -0.111440502795474   0
0.256048778185115   2.91134473030505   -0.0547686464695531   -0.206486783058842   0
0.196044069687634   2.57459284663129   -0.0600047084974803   -0.336751883673764   0
0.147965880643647   2.11440179885967   -0.0480781890439873   -0.46019104777162   0
0.127214370182146   2.09287083917815   -0.0207515104615013   -0.0215309596815194   0
0.183506718822936   2.11915223331548   0.0562923486407901   0.0262813941373343   0
0.197517843561791   2.06283463604266   0.0140111247388549   -0.056317597272824   0
0.217863154303935   2.05577987012405   0.0203453107421439   -0.00705476591861043   0
0.226324527079501   1.88962515713229   0.00846137277556694   -0.166154712991754   0
0.209536773022804   1.38283103241258   -0.0167877540566977   -0.506794124719712   0
0.275788581128733   1.47514284689009   0.0662518081059296   0.0923118144775072   0
0.201343779075093   1.55449069460997   -0.0744448020536401   0.0793478477198841   0
0.180339069339536   1.66096303094086   -0.0210047097355573   0.106472336330886   0
0.173385973233592   1.63577406059647   -0.00695309610594372   -0.0251889703443946   0
0.176202217003646   1.64158442788431   0.00281624377005374   0.00581036728784201   0
0.162553964063753   1.58841651073081   -0.0136482529398928   -0.0531679171534949   0
0.157583823268412   1.61334619160962   -0.00497014079534164   0.0249296808788027   0
0.14605482347136   1.49117474749147   -0.0115289997970521   -0.122171444118145   0
0.19634397089292   1.42722422910356   0.0502891474215609   -0.0639505183879105   0
0.196676045117244   1.52912417975945   0.000332074224323048   0.101899950655887   0
0.183356898011937   1.45678277887345   -0.0133191471053062   -0.0723414008859966   0
0.197383480477369   1.44219929684666   0.0140265824654319   -0.0145834820267901   0
0.202732968266141   1.43546251713594   0.00534948778877148   -0.0067367797107194   0
0.144267917721578   1.54891156590975   -0.0584650505445627   0.113449048773812   0
0.108110371124883   1.57188738478851   -0.0361575465966947   0.0229758188787541   0
0.111559411143166   1.57292110033975   0.0034490400182829   0.00103371555124077   0
0.108005397858209   1.43261550443551   -0.00355401328495729   -0.140305595904241   0
0.135872586331791   1.55739180567255   0.0278671884735821   0.124776301237042   0
0.11115257870405   1.35214949270597   -0.0247200076277412   -0.205242312966583   0
0.125010083908482   1.08766091996771   0.0138575052044317   -0.264488572738258   0
0.204165684604441   1.26799615120315   0.0791556006959593   0.180335231235442   0
0.192919603048109   1.30066530696948   -0.0112460815563316   0.0326691557663259   0
0.12622221423042   1.34537063434291   -0.0666973888176893   0.0447053273734368   0
0.125269902717373   1.3398652720633   -0.000952311513047199   -0.00550536227961618   0
0.103561485676336   1.37639164551055   -0.0217084170410364   0.0365263734472578   0
0.160215372282687   1.52319465555334   0.0566538866063508   0.146803010042784   0
0.135676092705974   1.67435719282535   -0.0245392795767132   0.151162537272017   0
0.16441291038118   1.50330699852326   0.0287368176752064   -0.171050194302098   0
0.169337691777111   1.49703257833656   0.00492478139593125   -0.00627442018669888   0
0.18994077387449   1.38256615013134   0.0206030820973782   -0.114466428205215   0
0.324901560042423   1.22916694898883   0.134960786167933   -0.153399201142516   0
0.285968249255053   1.32307276204193   -0.0389333107873698   0.0939058130530994   0
0.448787771549493   1.31739473221212   0.16281952229444   -0.00567802982980292   1
0.780090348458151   1.38323103677441   0.331302576908658   0.0658363045622838   1
0.318968355474332   1.29472654385598   -0.461121992983819   -0.0885044929184269   1
0.191598333169054   1.3620181322119   -0.127370022305278   0.0672915883559231   0
0.138043857044999   1.34295310078917   -0.0535544761240559   -0.0190650314227316   0
0.116709965049648   1.21474236059956   -0.0213338919953508   -0.128210740189608   0
0.217651410496234   1.0157186295621   0.100941445446586   -0.199023731037469   0
0.464592234655294   0.821970469079942   0.246940824159061   -0.193748160482153   0
0.414378578999929   0.897015847566809   -0.0502136556553657   0.0750453784868665   0
0.435661530040237   0.840826292880997   0.021282951040308   -0.0561895546858118   0
0.704620362102175   0.52825959219044   0.268958832061938   -0.312566700690557   1
0.694595491702185   0.529834929728062   -0.01002487039999   0.00157533753762173   0
0.705683422260294   0.387206092947283   0.0110879305581087   -0.142628836780779   0
0.814554635217307   0.419406251535799   0.108871212957014   0.0322001585885161   0
0.71425016156106   0.438076364449168   -0.100304473656247   0.0186701129133686   0
0.647391858764844   0.483149435115576   -0.0668583027962155   0.045073070666408   0
0.594781432730545   0.5049237683485   -0.052610426034299   0.0217743332329244   0
0.476367337579939   0.496232721347807   -0.118414095150606   -0.0086910470006934   0
0.405285420730144   0.50066328103592   -0.0710819168497951   0.00443055968811307   0
0.478017192770051   0.533929185252654   0.0727317720399067   0.0332659042167338   0
0.477111983410352   0.568693432021252   -0.0009052093596989   0.0347642467685979   0
0.434237035306248   0.585077754099829   -0.0428749481041036   0.0163843220785773   0
0.462594347771306   0.611785921077177   0.0283573124650576   0.0267081669773482   0
0.520358653085552   0.656324526671067   0.0577643053142462   0.0445386055938898   0
0.449696208267315   0.73451755719741   -0.0706624448182376   0.078193030526343   0
0.406446533252395   0.726855813529926   -0.0432496750149198   -0.00766174366748418   0
0.237266453532732   0.718883157559001   -0.169180079719663   -0.00797265597092423   0
0.204388101503512   0.643411474471042   -0.0328783520292197   -0.0754716830879598   0
0.251088415186762   0.64147430394093   0.0467003136832503   -0.00193717053011211   0
0.296722958742663   0.831830139548935   0.0456345435559004   0.190355835608005   0
0.221095400144937   0.707164025340126   -0.0756275585977254   -0.124666114208809   0
0.249542530048507   0.68883294704921   0.0284471299035695   -0.0183310782909155   0
0.341171750156721   0.680042590928135   0.091629220108214   -0.00879035612107559   0
0.32575573207672   0.680213700467912   -0.0154160180800005   0.000171109539777281   0
0.290754386495286   0.647925157256222   -0.0350013455814346   -0.0322885432116898   0
0.319055358041845   0.674507874573937   0.0283009715465595   0.0265827173177149   0
0.349296483769877   0.666143488080376   0.0302411257280319   -0.00836438649356086   0
0.457943136298602   0.565950945916596   0.108646652528725   -0.10019254216378   0
0.44422330451362   0.513346405522677   -0.0137198317849825   -0.0526045403939195   0
0.413250440223601   0.520359691295744   -0.0309728642900186   0.0070132857730677   0
0.475582454374633   0.535085206772716   0.0623320141510321   0.0147255154769712   0
0.414005856659057   0.494209082214626   -0.0615765977155757   -0.0408761245580901   0
0.516956344760368   0.381097830509766   0.10295048810131   -0.11311125170486   0
0.523484001490972   0.454804598315859   0.0065276567306044   0.0737067678060936   0
0.497088100704493   0.425870659510901   -0.0263959007864792   -0.0289339388049579   0
0.474176720072802   0.425474961228625   -0.0229113806316912   -0.000395698282276258   0
0.689587897111746   0.303824936884059   0.215411177038944   -0.121650024344566   0
0.621321078753972   0.336202817375911   -0.0682668183577736   0.0323778804918516   0
0.5293579494822   0.327816675655007   -0.0919631292717719   -0.00838614172090385   0
0.662369713107416   0.321925148730648   0.133011763625215   -0.00589152692435863   0
0.874972682945588   0.629175204434147   0.212602969838172   0.307250055703498   1
0.830460169330234   0.482289918132496   -0.0445125136153542   -0.14688528630165   0
0.54080940800918   0.302691725394831   -0.289650761321053   -0.179598192737665   0
0.409984310622053   0.425853245192299   -0.130825097387127   0.123161519797468   1
0.170700883367076   0.60557688149008   -0.239283427254977   0.17972363629778   1
0.546836365847307   0.378572590289049   0.376135482480232   -0.227004291201031   1
0.470636305107628   0.40631979394424   -0.0762000607396797   0.0277472036551914   0
0.459424785338155   0.390608467663324   -0.0112115197694724   -0.0157113262809163   0
0.446376762648785   0.391885145608059   -0.0130480226893699   0.00127667794473546   0
0.572840313465114   0.389894736844818   0.126463550816329   -0.00199040876324136   0
0.808203933023071   0.57695937014425   0.235363619557957   0.187064633299432   1
0.82528010292385   0.546989646702065   0.0170761699007791   -0.0299697234421852   0
0.706100319005026   0.424932774008137   -0.119179783918823   -0.122056872693929   0
0.643429673043605   0.383246391724045   -0.0626706459614217   -0.0416863822840917   0
0.56044311825287   0.389304937513962   -0.082986554790735   0.00605854578991744   0
0.603723051290076   0.38065818851136   0.0432799330372066   -0.00864674900260232   0
0.596831697863183   0.375518369088651   -0.00689135342689307   -0.0051398194227093   0
0.535655285516721   0.376461639585297   -0.0611764123464621   0.000943270496646387   0
0.56803742257795   0.383210825741197   0.0323821370612285   0.00674918615589998   0
0.57138519809582   0.393528738677685   0.00334777551787091   0.0103179129364884   0
0.580441714553666   0.400575451707603   0.009056516457846   0.00704671302991738   0
0.562499206603885   0.39774004127382   -0.0179425079497815   -0.00283541043378283   0
0.534148588806523   0.394790129351026   -0.028350617797362   -0.00294991192279381   0
0.618479302700584   0.408351007637425   0.0843307138940607   0.0135608782863985   0
0.585560619810622   0.407462936754375   -0.0329186828899615   -0.00088807088304943   0
0.547744224591186   0.39383096633613   -0.0378163952194358   -0.0136319704182451   0
0.584198717319715   0.42193045451887   0.0364544927285284   0.0280994881827396   0
0.596915781358644   0.428222381826604   0.0127170640389289   0.00629192730773448   0
0.52719438753272   0.425506183633975   -0.0697213938259234   -0.00271619819262925   0
0.600157756378271   0.47936340146125   0.0729633688455507   0.0538572178272755   0
