0.131321202071295   0.244655795914771   0   0   0
0.0910362380566113   0.23059317424874   -0.0402849640146841   -0.0140626216660303   0
0.135143115279507   0.206057552939089   0.0441068772228952   -0.0245356213096511   0
0.118218605847724   0.241521688298905   -0.0169245094317822   0.0354641353598152   0
0.0836567358743957   0.20397234156586   -0.0345618699733286   -0.0375493467330442   0
0.096248046788764   0.196508616806617   0.0125913109143683   -0.00746372475924295   0
0.0760549386970304   0.184279244694702   -0.0201931080917336   -0.012229372111915   0
0.107041139858935   0.170921931843898   0.0309862011619042   -0.0133573128508047   0
0.0715649088583399   0.190638884470745   -0.0354762310005947   0.0197169526268472   0
0.112147968589493   0.200418122481476   0.0405830597311535   0.00977923801073136   0
0.0972028145317305   0.205060954068912   -0.0149451540577629   0.00464283158743592   0
0.123796438946926   0.18956544144862   0.0265936244151956   -0.0154955126202926   0
0.115677033905525   0.11009797930103   -0.00811940504140102   -0.0794674621475897   0
0.0816305179224657   0.153840910396097   -0.0340465159830593   0.0437429310950673   0
0.073839270808521   0.161546415698059   -0.00779124711394476   0.00770550530196154   0
0.0452794035303514   0.1608826169865   -0.0285598672781696   -0.000663798711558305   0
0.0749446283563405   0.160358013729592   0.0296652248259891   -0.000524603256908479   0
0.077948956816096   0.15986309815245   0.00300432845975547   -0.000494915577141514   0
0.0742559030083131   0.178927050130109   -0.00369305380778291   0.0190639519776584   0
0.0911093735494658   0.151144245260317   0.0168534705411527   -0.027782804869792   0
0.0600731761058961   0.114392739214701   -0.0310361974435698   -0.0367515060456162   0
0.184341552738958   0.047106871987986   0.124268376633062   -0.0672858672267146   0
0.190239512982345   0.0662205589767749   0.00589796024338754   0.0191136869887889   0
0.188373841151286   0.0466194346719799   -0.00186567183105929   -0.019601124304795   0
0.174505303659688   0.063324672884469   -0.0138685374915979   0.0167052382124891   0
0.19840695895346   0.0542121532338174   0.0239016552937718   -0.00911251965065156   0
0.0912602087740413   0.241636905093282   -0.107146750179419   0.187424751859465   0
0.0713979304821225   0.242188462638097   -0.0198622782919188   0.000551557544814757   0
0.155126891456962   0.184962006591305   0.0837289609748392   -0.0572264560467921   0
0.14094355526678   0.164812532001514   -0.0141833361901813   -0.0201494745897914   0
0.165672092061095   0.155119292940055   0.0247285367943147   -0.00969323906145911   0
0.205267291739234   0.140838244122655   0.0395951996781393   -0.0142810488173999   0
0.186277758179123   0.139203809951955   -0.018989533560111   -0.00163443417069975   0
0.178049801892617   0.134176983412441   -0.00822795628650691   -0.00502682653951386   0
0.197164836389276   0.160259629058132   0.0191150344966595   0.0260826456456907   0
0.32207168260468   0.151784203645052   0.124906846215404   -0.00847542541308016   0
0.293644084609515   0.178710819161852   -0.0284275979951655   0.0269266155167999   0
0.155687409798609   0.275208925357246   -0.137956674810906   0.0964981061953941   0
0.196131707422436   0.240438451194505   0.040444297623827   -0.0347704741627403   0
0.239312813913275   0.226622400215082   0.0431811064908395   -0.0138160509794228   0
0.222625984057926   0.233183280230595   -0.0166868298553493   0.00656088001551211   0
0.266347936644908   0.229425711354482   0.0437219525869819   -0.00375756887611278   0
0.257530699978643   0.226446789862177   -0.00881723666626477   -0.00297892149230475   0
0.247808446871046   0.213838906419441   -0.00972225310759742   -0.0126078834427359   0
0.280086238216018   0.21175086138774   0.0322777913449721   -0.00208804503170082   0
0.232713871413459   0.225989715367691   -0.0473723668025589   0.0142388539799507   0
0.295477573978128   0.220520137022676   0.0627637025646686   -0.00546957834501455   0
0.224452296153904   0.270872580185726   -0.0710252778242234   0.0503524431630494   0
0.229282131384916   0.239271341980282   0.00482983523101185   -0.031601238205444   0
0.212772668084132   0.263769798741725   -0.0165094633007847   0.0244984567614429   0
0.158451923655095   0.248305790750639   -0.0543207444290367   -0.015464007991086   0
0.299561367802993   0.273833819757275   0.141109444147898   0.0255280290066366   0
0.179585081461574   0.27487083024006   -0.119976286341419   0.00103701048278476   0
0.127414209201093   0.276599852337018   -0.0521708722604801   0.00172902209695752   0
0.113250969436778   0.261446095658914   -0.0141632397643156   -0.0151537566781037   0
0.103045253339686   0.299753784028763   -0.0102057160970922   0.0383076883698494   0
0.127890173882007   0.298623240846539   0.0248449205423214   -0.00113054318222444   0
0.285012739686422   0.257710468362967   0.157122565804415   -0.0409127724835716   0
0.15983299045194   0.337360974096368   -0.125179749234482   0.0796505057334003   0
0.155511368267725   0.287004417336458   -0.00432162218421517   -0.0503565567599091   0
0.217073049675104   0.34078241221627   0.0615616814073786   0.0537779948798119   0
0.148547496554671   0.319352584255635   -0.0685255531204326   -0.0214298279606353   0
0.274983968303681   0.268047824014783   0.12643647174901   -0.0513047602408522   0
0.136030071676082   0.309885554113224   -0.138953896627599   0.0418377300984414   0
0.243446267398558   0.273654216479027   0.107416195722476   -0.0362313376341975   0
0.294976584857171   0.292370332895627   0.0515303174586138   0.0187161164166007   0
0.220188490346339   0.230206409931392   -0.0747880945108319   -0.0621639229642356   0
0.181072324849078   0.297304470208926   -0.0391161654972615   0.067098060277534   0
0.270425360818175   0.202944848767103   0.0893530359690968   -0.0943596214418223   0
0.332978517218454   0.158687261750904   0.0625531564002789   -0.0442575870161992   0
0.744425666060084   0.306126757867146   0.411447148841631   0.147439496116241   1
1.73782073813393   0.357599223212943   0.993395072073847   0.051472465345797   1
1.00432093357514   0.251738711330498   -0.733499804558786   -0.105860511882444   1
1.2392821020354   0.397285838569977   0.23496116846026   0.145547127239479   1
1.15607005313043   0.463726110884701   -0.0832120489049724   0.0664402723147239   0
0.806207047056152   0.407100770795758   -0.34986300607428   -0.0566253400889434   0
0.963673649174865   0.429879561266002   0.157466602118713   0.0227787904702439   0
0.957728659165528   0.426082111222121   -0.00594499000933646   -0.00379745004388038   0
1.34439061777967   0.46173664503941   0.386661958614141   0.0356545338172887   0
1.40719705585963   0.527023518853286   0.0628064380799571   0.0652868738138763   0
1.45179866428648   0.66107827432801   0.044601608426851   0.134054755474724   0
1.28828009447519   0.686348721349978   -0.163518569811289   0.0252704470219679   0
1.4206723011659   0.671102681054472   0.132392206690707   -0.0152460402955062   0
1.15022404964772   0.64847723165004   -0.270448251518176   -0.0226254494044315   0
1.46148491144076   0.694580177147498   0.311260861793038   0.0461029454974579   0
1.65003025472292   0.967944064812632   0.188545343282167   0.273363887665134   0
1.63328557049158   0.964367537327574   -0.0167446842313466   -0.00357652748505755   0
1.44618611021161   0.91169201689496   -0.187099460279964   -0.0526755204326141   1
3.69383142450018   1.61215676200091   2.24764531428856   0.700464745105947   1
2.2958343028383   1.31806439937546   -1.39799712166188   -0.294092362625444   1
2.08130007084418   1.25539526671322   -0.214534231994112   -0.0626691326622417   1
2.19724002022992   1.24607136064118   0.115939949385742   -0.00932390607204203   0
2.13125554181332   1.27670908913709   -0.0659844784166017   0.0306377284959074   0
2.20294942207964   1.20028658335843   0.071693880266313   -0.0764225057786581   0
2.28736755423347   1.16142925649133   0.0844181321538335   -0.0388573268671002   0
2.26845065172994   1.22484716149822   -0.0189169025035265   0.063417905006893   0
2.14482688179349   1.51182033359002   -0.123623769936449   0.286973172091802   1
1.97210132263482   2.26263851734369   -0.172725559158675   0.750818183753666   1
2.03515868785139   2.11492165836019   0.063057365216574   -0.147716858983503   0
2.1408954940877   2.00923566838369   0.105736806236304   -0.105685989976497   0
2.09463558075504   1.97071655161016   -0.0462599133326571   -0.0385191167735266   0
2.14819217012934   1.91749533178187   0.0535565893743   -0.053221219828296   0
2.20278886838389   1.90656259794978   0.054596698254556   -0.0109327338320904   0
2.20116321882454   1.88295014296721   -0.00162564955935718   -0.0236124549825629   0
2.1043393120526   1.85025192743509   -0.0968239067719399   -0.0326982155321274   0
2.16446748406762   1.78868091525075   0.0601281720150193   -0.0615710121843387   0
2.02172005733385   3.17926269397969   -0.142747426733764   1.39058177872894   1
2.02284419647337   2.85560832310215   0.00112413913951803   -0.323654370877545   1
2.01882857392598   2.70566827917596   -0.00401562254739307   -0.149940043926187   0
2.06930501167566   2.63856249361281   0.0504764377496807   -0.0671057855631503   0
2.01246389709356   2.75101501210535   -0.0568411145820988   0.112452518492541   0
2.24218066145103   2.701254562742   0.229716764357474   -0.0497604493633457   0
2.13751135527463   2.64245908276912   -0.104669306176401   -0.058795479972888   0
2.0828742074149   2.60533602883102   -0.0546371478597347   -0.0371230539380947   0
2.27548738308653   2.49831758436172   0.192613175671635   -0.107018444469298   1
2.45883092056794   2.4771519422761   0.18334353748141   -0.021165642085625   1
5.71181354409692   3.75867096828656   3.25298262352898   1.28151902601046   1
0.8441612675674   2.20508594141476   -4.86765227652952   -1.55358502687181   1
1.52256887057138   2.24848083233041   0.678407603003977   0.043394890915653   1
1.77838040479758   2.26447667474877   0.255811534226202   0.0159958424183611   1
1.84400043356394   2.23319577943924   0.0656200287663613   -0.0312808953095272   1
1.83097869815708   2.3010909225374   -0.0130217354068589   0.067895143098152   0
2.1248296767247   2.25204038488079   0.29385097856762   -0.0490505376566088   0
2.12429248810539   2.27233971263299   -0.00053718861930907   0.0202993277522086   0
2.06372647412199   2.28045936775406   -0.0605660139833977   0.00811965512106605   0
2.19999796589224   2.23177999435563   0.136271491770247   -0.0486793733984343   0
2.08150320139485   2.22525470209794   -0.118494764497394   -0.00652529225768461   0
2.04062230120275   2.24004034194342   -0.0408809001920991   0.0147856398454791   0
2.05292351669515   2.23739652456823   0.012301215492406   -0.00264381737518926   0
2.31664230839744   2.34794847472261   0.263718791702281   0.110551950154382   1
2.29283371122046   2.33394627241401   -0.023808597176973   -0.0140022023086046   0
2.24051355631895   2.36354419379224   -0.0523201549015102   0.0295979213782287   0
2.25979974784515   2.62851809582553   0.0192861915261968   0.264973902033288   0
2.3698263456821   2.50627039002803   0.110026597836955   -0.122247705797497   0
2.34808726467566   2.50445586603782   -0.0217390810064493   -0.00181452399020854   0
2.42772187841524   2.50575496831419   0.0796346137395805   0.00129910227636953   0
2.44755121931207   2.50088691460775   0.0198293408968344   -0.00486805370644428   0
2.40461818445944   2.51270976915839   -0.0429330348526329   0.0118228545506422   0
2.48401257419764   2.47415482927792   0.0793943897382059   -0.038554939880469   0
2.33933638727738   2.47845947589551   -0.14467618692026   0.00430464661759133   0
2.32141246725975   2.60736143195492   -0.0179239200176333   0.128901956059408   0
2.48931801946336   2.44236844130518   0.167905552203613   -0.164992990649737   0
2.40024230709172   2.39722450802032   -0.0890757123716397   -0.0451439332848644   0
2.48913970609325   2.38855814220368   0.088897399001528   -0.00866636581663549   0
2.46817623004193   2.38526839966103   -0.0209634760513207   -0.00328974254264924   0
2.46313488322666   2.38422675726036   -0.00504134681527368   -0.0010416424006725   0
2.55312213983683   2.33029787883643   0.0899872566101738   -0.0539288784239318   0
2.49735214422976   2.36036195200399   -0.0557699956070676   0.0300640731675594   0
2.48585457238029   2.33101771072364   -0.011497571849473   -0.0293442412803486   0
2.54873866979649   2.30553997728573   0.0628840974162035   -0.0254777334379068   0
2.48519628703167   2.34199895105779   -0.0635423827648238   0.0364589737720613   0
2.56359539889215   2.31711822994663   0.0783991118604797   -0.0248807211111588   0
2.50656699928428   2.31874255129809   -0.0570283996078698   0.00162432135145263   0
2.47040977460846   2.34707848107617   -0.0361572246758244   0.0283359297780792   0
2.5407862293245   2.30279857341802   0.0703764547160421   -0.044279907658149   0
2.41496286699092   2.40742564251963   -0.125823362333579   0.104627069101613   0
2.4905494012087   2.3743993823502   0.0755865342177784   -0.0330262601694256   0
2.60258906087765   2.34900097148482   0.11203965966895   -0.025398410865388   0
2.51404229596481   2.3655576941007   -0.0885467649128411   0.0165567226158796   0
2.62098508351822   2.31562076828898   0.106942787553411   -0.0499369258117146   0
2.56968173144069   2.3094946682139   -0.0513033520775323   -0.00612610007508296   0
2.62927277038272   2.27986216096193   0.0595910389420302   -0.0296325072519683   0
2.62178505793076   2.28894796497572   -0.00748771245195545   0.00908580401379222   0
2.58380583957928   2.29795402610132   -0.0379792183514778   0.00900606112559377   0
2.63203056519278   2.31266545175394   0.0482247256134931   0.0147114256526226   0
2.58797470034852   2.37557917549924   -0.0440558648442577   0.0629137237453037   0
2.64622441904858   2.28611652157543   0.0582497187000635   -0.0894626539238104   0
2.60267768123062   2.28186627729833   -0.0435467378179606   -0.00425024427710197   0
2.57091763834161   2.28320890829668   -0.0317600428890108   0.00134263099834886   0
2.64870944077017   2.26461082377468   0.0777918024285551   -0.0185980845220013   0
2.62103085732026   2.25756109602046   -0.0276785834499007   -0.00704972775421986   0
2.68321337158713   2.23891368841138   0.0621825142668699   -0.0186474076090755   0
2.65482008885894   2.24960974680615   -0.0283932827281927   0.0106960583947724   0
2.63179829752377   2.22704426125571   -0.0230217913351738   -0.0225654855504427   0
2.66228343038528   2.37127377220047   0.0304851328615094   0.144229510944756   0
2.39690466899082   2.68843174144685   -0.265378761394456   0.317157969246385   0
2.49443830295384   2.59693727321185   0.0975336339630197   -0.091494468235001   0
2.49845183614847   2.57320523165127   0.0040135331946245   -0.0237320415605811   0
2.60509551435023   2.50806111939962   0.106643678201764   -0.0651441122516525   0
2.52952781281068   2.54756195489939   -0.0755677015395539   0.0395008354997706   0
2.56943535365187   2.5213043496121   0.03990754084119   -0.0262576052872938   0
2.55057736492132   2.54657533775217   -0.0188579887305425   0.0252709881400706   0
2.64067194650831   2.51541878817705   0.0900945815869889   -0.0311565495751118   0
2.56401483723886   2.54745147703713   -0.0766571092694557   0.0320326888600748   0
2.63791215681815   2.5156281380294   0.0738973195792965   -0.0318233390077332   0
2.59919259253023   2.51866606307287   -0.0387195642879266   0.00303792504347555   0
2.58376508589481   2.53175884447576   -0.0154275066354197   0.0130927814028907   0
2.62845883300861   2.51386599085621   0.044693747113806   -0.0178928536195477   0
2.54331541782552   2.53599852479004   -0.0851434151830923   0.0221325339338239   0
2.63543719106053   2.51302643632478   0.0921217732350064   -0.022972088465254   0
2.66553452023211   2.58051706202032   0.0300973291715785   0.0674906256955383   0
2.62863817488086   2.49670837015604   -0.0368963453512419   -0.0838086918642791   0
2.65416897718307   2.52924288112396   0.0255308023022018   0.03253451096792   0
2.62093658212575   2.50248792515009   -0.0332323950573175   -0.0267549559738742   0
2.63525615711946   2.49600608319296   0.0143195749937073   -0.00648184195713197   0
2.66343055346089   2.49847059714548   0.0281743963414374   0.00246451395252434   0
2.4726246529429   2.66124902152483   -0.190805900517991   0.162778424379349   0
2.54603671223256   2.57980413826678   0.0734120592896623   -0.0814448832580479   0
2.66420252245376   2.54954371164512   0.118165810221201   -0.0302604266216648   0
2.64586581812098   2.54830094474224   -0.0183367043327847   -0.00124276690288339   0
2.60655051357709   2.59070971161826   -0.0393153045438881   0.0424087668760249   0
2.71384055436221   2.57462686558133   0.107290040785121   -0.0160828460369253   0
2.66335369692724   2.55818084217539   -0.0504868574349722   -0.0164460234059489   0
2.66446564411253   2.72107711991927   0.00111194718528962   0.162896277743887   1
2.42164635663441   3.48726531740869   -0.242819287478124   0.766188197489421   1
2.62681336448271   3.31442406516678   0.205167007848309   -0.172841252241912   0
2.58155717291701   3.3085734329585   -0.0452561915657097   -0.00585063220828141   0
2.61246577562756   3.25294369059023   0.0309086027105514   -0.0556297423682754   0
2.64010000767221   3.2039165004022   0.0276342320446545   -0.0490271901880237   0
2.67722797841451   3.2011156160523   0.0371279707422985   -0.00280088434989745   0
2.6324717301946   3.16773032460629   -0.0447562482199078   -0.033385291446018   0
2.72578333053473   3.14310955053256   0.0933116003401273   -0.0246207740737252   0
2.69819917987269   3.20659528389531   -0.027584150662042   0.0634857333627483   0
2.85202948123503   3.17988593447603   0.153830301362344   -0.0267093494192787   0
2.70673462106059   3.2015401198611   -0.145294860174442   0.021654185385072   0
2.78536932868484   3.18719706374696   0.0786347076242513   -0.0143430561141407   0
2.734034008768   3.21798581140754   -0.0513353199168445   0.030788747660579   0
2.82892881785255   3.2149958142234   0.0948948090845572   -0.00298999718413917   0
2.78040677379026   3.22445984308384   -0.0485220440622931   0.00946402886043618   0
2.82896537093352   3.20476730636754   0.0485585971432552   -0.019692536716299   0
2.7629282446358   3.17832946291192   -0.0660371262977173   -0.0264378434556156   0
2.85517319399396   3.14067450919659   0.0922449493581654   -0.0376549537153319   0
2.78252312922342   3.16950381939118   -0.0726500647705435   0.0288293101945842   0
2.84040570851937   3.126922196594   0.0578825792959532   -0.0425816227971749   0
2.80624356541011   3.14694842474583   -0.0341621431092638   0.0200262281518269   0
2.82243726571008   3.12611495831791   0.0161937002999717   -0.0208334664279155   0
2.86668867477262   3.13252909800308   0.0442514090625408   0.00641413968516913   0
2.84092598003841   3.13170997190433   -0.02576269473421   -0.000819126098754897   0
2.96409139009287   3.11370679060521   0.123165410054456   -0.0180031812991164   0
2.89123409613803   3.13203191967068   -0.0728572939548333   0.0183251290654685   0
3.00079808613289   3.11577195535248   0.109563989994856   -0.0162599643182011   0
2.91287644805307   3.13439950686368   -0.0879216380798233   0.0186275515111975   0
2.9643763057185   3.12712646976438   0.0514998576654375   -0.00727303709930016   0
2.99359189348563   3.1379290433128   0.0292155877671272   0.0108025735484274   0
2.95936250730472   3.12143690660343   -0.0342293861809102   -0.0164921367093709   0
3.00818735449767   3.1303779757443   0.0488248471929515   0.00894106914087134   0
2.99955186737205   3.11039708132744   -0.00863548712561846   -0.0199808944168636   0
3.04093606260386   3.096341240501   0.0413841952318021   -0.0140558408264422   0
2.98080038367362   3.08513770242549   -0.0601356789302363   -0.0112035380755042   0
3.09963535421443   3.00641110848966   0.118834970540807   -0.078726593935837   0
3.06043030770405   2.85260208689036   -0.039205046510379   -0.153809021599293   0
3.18078130993366   2.84538451997656   0.120351002229612   -0.0072175669138006   0
3.09797967697644   2.85269140296054   -0.0828016329572243   0.00730688298398219   0
3.16158137958719   2.86038668628317   0.0636017026107498   0.00769528332262315   0
2.90300586729794   2.96456722575948   -0.25857551228925   0.104180539476311   0
3.04674046697553   2.91779797434679   0.143734599677591   -0.0467692514126847   0
3.0213783343098   2.8854585032993   -0.0253621326657298   -0.0323394710474907   0
3.08784353791045   2.88343590258462   0.0664652036006581   -0.00202260071467908   0
3.0588111967675   2.87021100588946   -0.0290323411429525   -0.0132248966951609   0
3.15658913472754   2.86846543770014   0.0977779379600405   -0.00174556818932325   0
3.07967196479187   2.86789210878199   -0.0769171699356757   -0.000573328918150207   0
3.22246659574909   2.89796811284458   0.142794630957228   0.0300760040625949   0
3.06938772004575   2.90909641603093   -0.153078875703348   0.0111283031863461   0
3.14074427695348   2.90352801516022   0.0713565569077312   -0.00556840087070931   0
3.12401446362629   2.91239852968086   -0.0167298133271903   0.00887051452064203   0
3.21740850597834   2.89698143210377   0.0933940423520503   -0.0154170975770942   0
3.19914578075965   2.91189952800213   -0.0182627252186909   0.0149180958983566   0
3.29054932514755   2.91368191784763   0.0914035443879038   0.00178238984550605   0
3.21094022483139   2.91588827559099   -0.0796091003161616   0.00220635774335909   0
3.3183037674471   2.91242396170716   0.107363542615714   -0.00346431388383506   0
3.16821332165473   2.9926513958838   -0.150090445792375   0.0802274341766438   0
3.13451624556151   2.98472487963648   -0.0336970760932229   -0.00792651624731855   0
3.23753163926861   2.94392758568379   0.103015393707103   -0.0407972939526879   0
3.17231373955202   2.9326721777579   -0.0652178997165942   -0.0112554079258946   0
3.21593582350178   2.90728749354549   0.0436220839497601   -0.025384684212411   0
3.24217222700396   2.88454556759505   0.026236403502188   -0.0227419259504367   0
3.21543573548736   2.88068115116152   -0.0267364915166   -0.00386441643353175   0
3.2647198326687   2.87117235274848   0.0492840971813395   -0.00950879841303731   0
3.1555159351646   2.9564285484534   -0.109203897504106   0.0852561957049143   0
3.10238056898056   3.06921049265996   -0.0531353661840344   0.112781944206566   0
3.24743619581337   2.99348723270039   0.145055626832805   -0.0757232599595694   0
3.14783234850702   2.96843462660074   -0.0996038473063452   -0.0250526060996559   0
3.28907989199012   2.90922656008728   0.1412475434831   -0.0592080665134591   0
3.21650362893177   2.93045588036845   -0.0725762630583535   0.0212293202811686   0
3.29919304699236   2.91879582585529   0.0826894180605953   -0.011660054513158   0
3.28952070478107   2.92297997261463   -0.00967234221129232   0.00418414675934686   0
3.21575769548225   2.89783209271694   -0.0737630092988266   -0.025147879897693   0
3.35042846067092   2.89949943556573   0.134670765188671   0.001667342848791   0
3.27272920427614   2.89909315748028   -0.0776992563947818   -0.000406278085449241   0
3.42501453662766   2.86878834378278   0.152285332351528   -0.0303048136975077   0
3.34104678468501   2.87339157199728   -0.083967751942652   0.00460322821450498   0
3.43883104877446   2.84663488835922   0.0977842640894471   -0.0267566836380584   0
3.32569851263271   2.95519822237866   -0.113132536141748   0.108563334019439   0
3.13513931995482   3.30581453297081   -0.190559192677892   0.350616310592147   0
3.31359328979736   3.21036407220022   0.178453969842542   -0.0954504607705844   0
3.24392320360647   3.18402517636183   -0.0696700861908859   -0.026338895838391   0
3.35710485325613   3.1202116985671   0.113181649649653   -0.0638134777947301   0
3.26313424985508   3.10075712182561   -0.0939706034010448   -0.0194545767414906   0
3.37163536688711   3.04771097872653   0.108501117032031   -0.0530461430990772   0
3.32159495552157   3.03857368037209   -0.050040411365543   -0.00913729835444199   0
3.26997241410983   3.00693838595156   -0.0516225414117377   -0.031635294420528   0
3.20285700696356   3.16073805233066   -0.0671154071462747   0.153799666379093   0
3.16095258949628   3.25347300903573   -0.0419044174672778   0.0927349567050713   0
3.28468110364973   3.20175027744689   0.12372851415345   -0.0517227315888373   0
3.14413976933927   3.1442844624145   -0.140541334310459   -0.057465815032391   0
3.18810580598306   3.10008313553185   0.0439660366437877   -0.0442013268826487   0
3.2427628303717   3.12718876857238   0.0546570243886362   0.0271056330405299   0
3.15938534120203   3.13649086206102   -0.0833774891696688   0.0093020934886332   0
3.35743629594249   3.20422044923426   0.198050954740461   0.0677295871732442   1
2.7694234336412   3.46359197086006   -0.588012862301291   0.259371521625797   1
3.92942005456317   2.93420557866354   1.15999662092197   -0.529386392196515   1
3.08546584779349   2.02609186015029   -0.843954206769682   -0.908113718513255   1
1.28899967817878   1.78144326643786   -1.79646616961471   -0.244648593712423   1
1.54344546260788   2.00886743385029   0.254445784429095   0.227424167412424   1
