0.132381261144733   0.164550624179916   0   0   0
0.130824227444346   0.153335634818068   -0.0015570337003869   -0.0112149893618478   0
0.108141179620762   0.129752245136683   -0.0226830478235837   -0.0235833896813848   0
0.109577682522857   0.134798075352321   0.00143650290209441   0.00504583021563748   0
0.110056623808883   0.128586900842203   0.000478941286026227   -0.00621117451011813   0
0.0895872927919468   0.119588483574883   -0.0204693310169363   -0.00899841726732008   0
0.0808771922846608   0.107696945398697   -0.00871010050728595   -0.0118915381761854   0
0.090817063018631   0.111008895554872   0.00993987073397019   0.00331195015617472   0
0.0931451010843297   0.104314128616705   0.00232803806569869   -0.00669476693816695   0
0.0790756276313378   0.0996269441187097   -0.0140694734529919   -0.00468718449799545   0
0.0701355047234994   0.097213320192361   -0.00894012290783848   -0.00241362392634867   0
0.0805450518589441   0.0942543440751274   0.0104095471354448   -0.00295897611723363   0
0.0655241392680102   0.0916439657993095   -0.0150209125909339   -0.00261037827581792   0
0.0613196341084582   0.0901776962856393   -0.00420450515955207   -0.00146626951367018   0
0.0613054686396736   0.0891023580109696   -1.41654687845771e-05   -0.00107533827466966   0
0.0490471508805772   0.0857185872699877   -0.0122583177590964   -0.00338377074098191   0
0.0488265377954448   0.0768455771814   -0.000220613085132347   -0.00887301008858775   0
0.0551334200700664   0.059694893802255   0.00630688227462159   -0.017150683379145   0
0.060694571063811   0.0714491334153447   0.00556115099374457   0.0117542396130897   0
0.0560143013810759   0.0643940605509545   -0.00468026968273508   -0.00705507286439017   0
0.0327942717610866   0.0573347757090973   -0.0232200296199893   -0.00705928484185719   0
0.0431447365760877   0.0395865555018367   0.0103504648150011   -0.0177482202072606   0
0.0708114497344886   0.0375543391700613   0.0276667131584009   -0.00203221633177544   0
0.0567280170830076   0.0221336668752039   -0.014083432651481   -0.0154206722948574   0
0.0312808152027229   0.0523536385312902   -0.0254472018802847   0.0302199716560863   0
0.0656534026573642   0.0386451220914749   0.0343725874546413   -0.0137085164398154   0
0.0699587272267471   0.0541120282124501   0.00430532456938283   0.0154669061209753   0
0.0723325102842422   0.0269393917953338   0.00237378305749512   -0.0271726364171163   0
0.0684045762885057   0.0354530025195681   -0.00392793399573646   0.00851361072423423   0
0.0533986800039102   0.0404193438447793   -0.0150058962845955   0.00496634132521125   0
0.0705398528256191   0.0481083488030404   0.0171411728217089   0.00768900495826109   0
0.0737439762977289   0.0375930632843348   0.0032041234721098   -0.0105152855187056   0
0.0664286327970853   0.0614450076718199   -0.00731534350064357   0.0238519443874851   0
0.0836328256985856   0.0751027494689109   0.0172041929015003   0.0136577417970911   0
0.0710970658931154   0.133358433757483   -0.0125357598054702   0.0582556842885718   0
0.116959243254178   0.0207329540675033   0.0458621773610626   -0.112625479689979   0
0.112334049272071   0.0197819808975397   -0.0046251939821074   -0.000950973169963579   0
0.0720089320962678   0.0775624177118822   -0.0403251171758029   0.0577804368143425   0
0.0844567430075894   0.0793055990575382   0.0124478109113216   0.00174318134565597   0
0.162930984492944   0.0426035001676212   0.0784742414853547   -0.036702098889917   0
0.172415853338056   0.0495485025801245   0.00948486884511177   0.00694500241250325   0
0.140170737446694   0.0374480154548275   -0.032245115891362   -0.0121004871252969   0
0.154837787737296   0.0494136021845061   0.0146670502906023   0.0119655867296786   0
0.16353485732788   0.0520017096221547   0.00869706959058358   0.00258810743764864   0
0.169804346190697   0.0430701561251434   0.00626948886281695   -0.00893155349701137   0
0.149374960454723   0.0387919814462023   -0.020429385735974   -0.00427817467894111   0
0.165632693877266   0.045676622231145   0.0162577334225429   0.0068846407849427   0
0.157661535884089   0.036887155766649   -0.00797115799317633   -0.00878946646449597   0
0.170695567372472   0.0315145655123944   0.0130340314883823   -0.00537259025425455   0
0.160099618293268   0.0374156440977233   -0.010595949079204   0.00590107858532891   0
0.167564304913845   0.0410069157105164   0.00746468662057728   0.0035912716127931   0
0.162296552761296   0.0215414532826246   -0.00526775215254935   -0.0194654624278918   0
0.164984486847582   0.0144713970867536   0.00268793408628651   -0.00707005619587107   0
0.139748796324011   0.0273458785464099   -0.0252356905235708   0.0128744814596563   0
0.153092994123213   0.0252715819674991   0.0133441977992012   -0.00207429657891079   0
0.230342651717045   0.0107540276829196   0.0772496575938326   -0.0145175542845795   0
0.186248711372723   0.0149795125973853   -0.0440939403443219   0.00422548491446575   0
0.187807052872995   0.0103602841901465   0.00155834150027181   -0.00461922840723878   0
0.193185855644351   0.0144096099162158   0.0053788027713558   0.0040493257260693   0
0.17826803720098   0.0128492008180169   -0.0149178184433709   -0.00156040909819897   0
0.162292962215156   0.0278886490269648   -0.0159750749858242   0.015039448208948   0
0.174348482575129   0.0331488493134317   0.012055520359973   0.00526020028646687   0
0.185608529052412   0.0568432790938823   0.011260046477283   0.0236944297804507   0
0.160923735588135   0.0506415636416425   -0.0246847934642768   -0.00620171545223985   0
0.165624856940768   0.0716442430520764   0.00470112135263337   0.0210026794104339   0
0.16665045696055   0.0564559787090723   0.00102560001978122   -0.0151882643430041   0
0.175954641931976   0.0576690068300922   0.00930418497142674   0.00121302812101994   0
0.145093841895961   0.0786445893925959   -0.0308608000360158   0.0209755825625036   0
0.349411739472274   0.335930673333238   0.204317897576313   0.257286083940642   1
0.274402543797994   0.349707030875503   -0.0750091956742796   0.0137763575422652   1
0.423913509085474   0.898158000465319   0.14951096528748   0.548450969589816   1
0.35245540498124   0.69488168634988   -0.0714581041042336   -0.203276314115439   1
0.308573258200123   0.576236777128821   -0.0438821467811167   -0.118644909221059   0
0.267503768450016   0.510733246704588   -0.0410694897501069   -0.0655035304242323   0
0.222469468917625   0.427243022858551   -0.0450342995323917   -0.0834902238460372   0
0.221859697182701   0.403836530367747   -0.000609771734923326   -0.0234064924908045   0
0.232557260575562   0.354714095000681   0.0106975633928609   -0.0491224353670652   0
0.174737053964063   0.331323605961755   -0.057820206611499   -0.0233904890389269   0
0.14722994712775   0.331517387653348   -0.0275071068363136   0.00019378169159312   0
0.198368030110323   0.338846044709467   0.0511380829825732   0.00732865705611924   0
0.190132220069351   0.315360557486189   -0.00823581004097226   -0.0234854872232777   0
0.168456247488213   0.308206823874813   -0.0216759725811379   -0.00715373361137617   0
0.200302253907064   0.325578442928889   0.0318460064188513   0.0173716190540763   0
0.204737083008941   0.316956357135332   0.00443482910187687   -0.0086220857935575   0
0.170549497099728   0.297593145294881   -0.0341875859092134   -0.0193632118404511   0
0.165242659761243   0.291926385930169   -0.00530683733848439   -0.00566675936471167   0
0.165890791880622   0.283140464187389   0.000648132119379224   -0.00878592174278026   0
0.109396245584801   0.262866077549957   -0.0564945462958219   -0.0202743866374319   0
0.118669500607233   0.262378370848285   0.00927325502243212   -0.000487706701672308   0
0.10281007161796   0.263539426487765   -0.015859428989273   0.00116105563948021   0
0.108935785239287   0.262362219954112   0.00612571362132705   -0.00117720653365255   0
0.090540677509007   0.276098998950105   -0.0183951077302798   0.0137367789959926   0
0.121534867393888   0.265873679764   0.0309941898848813   -0.0102253191861049   0
0.132578605767183   0.274517903509953   0.0110437383732943   0.00864422374595325   0
0.0618788484710244   0.286657905762252   -0.0706997572961581   0.0121400022522985   0
0.294792614563204   0.396576316073905   0.23291376609218   0.109918410311654   1
0.495452237970009   0.594917899258587   0.200659623406804   0.198341583184681   0
0.324792017460405   0.462408098820998   -0.170660220509604   -0.132509800437589   0
0.276182884913693   0.430948479912332   -0.0486091325467123   -0.0314596189086657   0
0.26866542288698   0.433236936395663   -0.00751746202671227   0.00228845648333087   0
0.244806285904264   0.412370917719715   -0.0238591369827169   -0.0208660186759482   0
0.207246020131654   0.394754514919399   -0.0375602657726094   -0.0176164028003161   0
0.190329750782793   0.396190709052471   -0.0169162693488614   0.00143619413307233   0
0.190814014354292   0.383772384713908   0.00048426357149936   -0.012418324338563   0
0.193965138441834   0.365275767885374   0.00315112408754228   -0.0184966168285339   0
0.155735230732484   0.351080364633584   -0.0382299077093505   -0.0141954032517909   0
0.173289693423354   0.341167369165414   0.01755446269087   -0.00991299546816937   0
0.190795657489708   0.334034998331387   0.0175059640663542   -0.00713237083402679   0
0.166630238436726   0.310204642688097   -0.0241654190529826   -0.0238303556432903   0
0.167051803143606   0.308421816441785   0.000421564706880234   -0.00178282624631232   0
0.166625717477855   0.294179747472952   -0.000426085665750614   -0.0142420689688325   0
0.134588606046351   0.290252106554371   -0.0320371114315036   -0.00392764091858122   0
0.13245171288821   0.281395746032612   -0.00213689315814114   -0.00885636052175959   0
0.116693880986365   0.266925847689953   -0.015757831901845   -0.0144698983426585   0
0.123623057629627   0.28555663631975   0.00692917664326174   0.0186307886297971   0
0.113524691441818   0.292584184825923   -0.010098366187809   0.0070275485061731   0
0.0955534184919095   0.27858747168035   -0.0179712729499085   -0.0139967131455729   0
0.114378464489518   0.294651455071072   0.0188250459976088   0.0160639833907217   0
0.136261210586506   0.286597802530393   0.0218827460969872   -0.0080536525406793   0
0.121927658560353   0.305896708102997   -0.0143335520261526   0.0192989055726041   0
0.149532558146947   0.307082974456823   0.0276048995865938   0.00118626635382657   0
0.146140459421784   0.32604030040702   -0.00339209872516305   0.0189573259501969   0
0.129465889104196   0.324559351352723   -0.0166745703175876   -0.00148094905429769   0
0.128321616533342   0.317216175503788   -0.00114427257085437   -0.00734317584893462   0
0.167046393644101   0.318966601570211   0.0387247771107594   0.00175042606642345   0
0.147724979377254   0.286001948209274   -0.0193214142668475   -0.0329646533609378   0
0.13106482506508   0.275522969471694   -0.0166601543121737   -0.0104789787375796   0
0.124629804637334   0.271151403491205   -0.00643502042774607   -0.00437156598048943   0
0.119637275547465   0.272926972877819   -0.00499252908986911   0.00177556938661494   0
0.088501008899899   0.272723604048586   -0.0311362666475657   -0.00020336882923333   0
0.0928779041138957   0.272085993345394   0.00437689521399669   -0.000637610703191738   0
0.110276626611581   0.269736490225646   0.0173987224976851   -0.00234950311974846   0
0.09726197900629   0.274837434368483   -0.0130146476052907   0.00510094414283668   0
0.0572843888474862   0.272563954055282   -0.0399775901588038   -0.0022734803132004   0
0.0967859263234588   0.27282682238968   0.0395015374759726   0.000262868334397814   0
0.0965165150797002   0.264195973741558   -0.000269411243758608   -0.00863084864812208   0
0.0591029457209199   0.264539551353385   -0.0374135693587803   0.000343577611826629   0
0.0389978968153733   0.272078698134841   -0.0201050489055466   0.00753914678145656   0
0.0612917181907964   0.279637711089724   0.0222938213754231   0.00755901295488293   0
0.0557688554325799   0.276533492120304   -0.00552286275821645   -0.00310421896942048   0
0.0497942611618046   0.273781826166384   -0.00597459427077535   -0.00275166595391979   0
0.0568916053669608   0.272816149850041   0.0070973442051562   -0.000965676316342812   0
0.0597126076092185   0.29439166441749   0.00282100224225773   0.0215755145674489   0
0.0575823394484594   0.306015326638226   -0.00213026816075915   0.0116236622207359   0
0.0576233572665842   0.28409037381703   4.10178181248153e-05   -0.0219249528211956   0
0.046343500856215   0.28370297251527   -0.0112798564103692   -0.000387401301760348   0
0.0596647965369865   0.296286536436437   0.0133212956807715   0.0125835639211669   0
0.060858424618539   0.313486151905471   0.00119362808155251   0.0171996154690341   0
0.0380252456461493   0.294600754901867   -0.0228331789723897   -0.0188853970036038   0
0.0381766023730504   0.301455010225821   0.000151356726901086   0.00685425532395406   0
0.0542014510933508   0.313732014982931   0.0160248487203004   0.0122770047571097   0
0.044776170736538   0.306364178784009   -0.00942528035681283   -0.00736783619892223   0
0.0308895456874021   0.296893994286681   -0.0138866250491359   -0.00947018449732728   0
0.0422719406615074   0.303173835265347   0.0113823949741053   0.00627984097866596   0
0.05805923535077   0.31123278997159   0.0157872946892626   0.00805895470624285   0
0.0218978185869643   0.301678407391464   -0.0361614167638057   -0.00955438258012636   0
0.0255243995620191   0.294184383013868   0.00362658097505476   -0.00749402437759616   0
0.40112740556666   0.42955934742856   0.375603006004641   0.135374964414692   0
0.28316913372866   0.419850682272877   -0.117958271838   -0.00970866515568303   0
0.215295833726619   0.379337756551467   -0.0678733000020414   -0.0405129257214097   0
0.203888450211721   0.349331844596581   -0.0114073835148976   -0.0300059119548856   0
0.117496768857446   0.328670749586878   -0.0863916813542758   -0.0206610950097037   0
0.113089801061634   0.340577033567297   -0.00440696779581141   0.0119062839804198   0
0.128704325710046   0.32650325130081   0.0156145246484118   -0.0140737822664872   0
0.138375883617052   0.312360193690713   0.00967155790700633   -0.0141430576100967   0
0.12459352746396   0.31286575750991   -0.0137823561530925   0.000505563819196919   0
0.17090833563015   0.316187714964544   0.0463148081661905   0.00332195745463409   0
0.16369845364514   0.327971745686652   -0.00720988198501044   0.0117840307221076   0
0.130111816428255   0.309690630026564   -0.0335866372168846   -0.0182811156600883   0
0.131374313538835   0.300608077079609   0.00126249711057924   -0.00908255294695504   0
0.134250067644117   0.298985509359986   0.00287575410528251   -0.00162256771962321   0
0.109612129874481   0.283562406000866   -0.0246379377696364   -0.0154231033591195   0
0.0821802329980878   0.275413873774089   -0.0274318968763928   -0.00814853222677669   0
0.122277824458413   0.286829046581758   0.0400975914603249   0.0114151728076682   0
0.0751788720081753   0.290032912462534   -0.0470989524502375   0.00320386588077665   0
0.0770556179541479   0.285498198908505   0.00187674594597262   -0.00453471355402962   0
0.0946542742551017   0.303351549663505   0.0175986563009538   0.0178533507550006   0
0.0914797498749729   0.296438301430078   -0.00317452438012879   -0.00691324823342671   0
0.0718116664676445   0.308238093717746   -0.0196680834073283   0.0117997922876677   0
0.0806530407350033   0.315777506238966   0.00884137426735875   0.00753941252121959   0
0.0920319230645046   0.311569150471448   0.0113788823295013   -0.00420835576751738   0
0.0418165229440421   0.307538546604324   -0.0502154001204625   -0.00403060386712423   0
0.0670773098099357   0.31705595539037   0.0252607868658936   0.00951740878604551   0
0.0749057205777109   0.310498207552797   0.00782841076777516   -0.00655774783757224   0
0.0260020574721713   0.309768931604672   -0.0489036631055396   -0.000729275948125274   0
0.0553824692291634   0.318566175418468   0.029380411756992   0.00879724381379571   0
0.0552727277230182   0.324843529832826   -0.000109741506145192   0.00627735441435801   0
0.0361798179808592   0.323166713419715   -0.019092909742159   -0.00167681641311113   0
0.0652289133946757   0.321687872144335   0.0290490954138165   -0.00147884127537967   0
0.0653155411438709   0.325874936651317   8.66277491951978e-05   0.0041870645069822   0
0.0658914625791023   0.327348819617545   0.000575921435231441   0.0014738829662278   0
0.0411953004624314   0.308470683267065   -0.0246961621166709   -0.0188781363504799   0
0.06249667866719   0.329129534164742   0.0213013782047586   0.0206588508976767   0
0.0343652642340256   0.321082243515583   -0.0281314144331644   -0.0080472906491591   0
0.0349129024698549   0.314277516595604   0.000547638235829276   -0.00680472691997897   0
0.0225962277718406   0.309225366395207   -0.0123166746980143   -0.00505215020039673   0
0.0370402801192162   0.306873857241864   0.0144440523473756   -0.00235150915334287   0
0.022692615392874   0.309251785895409   -0.0143476647263422   0.00237792865354503   0
0.0490499417900582   0.309897183937673   0.0263573263971843   0.000645398042263934   0
0.0414246475080959   0.291441162558586   -0.00762529428196228   -0.0184560213790874   0
0.0206684009045209   0.296052296806662   -0.0207562466035751   0.00461113424807652   0
0.0444450079648997   0.30064406886591   0.0237766070603788   0.00459177205924766   0
0.0254380096436592   0.296005168094241   -0.0190069983212405   -0.00463890077166867   0
0.0555834013450059   0.292769355017119   0.0301453917013466   -0.00323581307712195   0
0.0429667246220794   0.294284940123514   -0.0126166767229265   0.00151558510639438   0
0.083874491628206   0.272559847611951   0.0409077670061267   -0.0217250925115625   0
0.0235098888349784   0.296122620938101   -0.0603646027932276   0.0235627733261494   0
0.0176538082148696   0.298422533086059   -0.00585608062010882   0.00229991214795849   0
0.0611081650718863   0.298125804580084   0.0434543568570167   -0.000296728505974897   0
0.0472028862024347   0.32288556762923   -0.0139052788694516   0.0247597630491458   0
0.0292829655284245   0.316260385882424   -0.0179199206740102   -0.00662518174680554   0
0.0312234082079071   0.317820376696492   0.00194044267948255   0.00155999081406749   0
0.0552722508817951   0.320284116313548   0.024048842673888   0.00246373961705565   0
0.0280868831078655   0.321776360787271   -0.0271853677739296   0.00149224447372348   0
0.0312842426844314   0.319369208268815   0.00319735957656591   -0.00240715251845564   0
0.0706994526966793   0.325637901026969   0.0394152100122479   0.00626869275815356   0
0.0644466954840851   0.340293607811695   -0.00625275721259419   0.0146557067847265   0
0.0576124048593703   0.338735440393384   -0.0068342906247148   -0.00155816741831116   0
0.105038098894592   0.318250466371618   0.0474256940352212   -0.020484974021766   0
0.104193562113069   0.316648878093718   -0.000844536781522409   -0.00160158827790069   0
0.104573234029746   0.304530751395077   0.000379671916676733   -0.0121181266986409   0
0.10573892254104   0.303018318325926   0.00116568851129385   -0.00151243306915028   0
0.0599573920968883   0.296901066444536   -0.0457815304441515   -0.00611725188139084   0
0.0774009669228363   0.277071904007263   0.017443574825948   -0.0198291624372725   0
0.0967850723101574   0.277422134222961   0.0193841053873211   0.000350230215697744   0
0.0755261759429564   0.29817176962449   -0.0212588963672011   0.0207496354015293   0
0.0959028499498842   0.275793573486584   0.0203766740069278   -0.0223781961379058   0
0.130867409891886   0.278636328408649   0.0349645599420018   0.00284275492206465   0
0.108929065817393   0.280338656570477   -0.0219383440744927   0.0017023281618283   0
0.119127089620624   0.275859803951341   0.0101980238032304   -0.00447885261913589   0
0.142790054399162   0.272314784954109   0.0236629647785382   -0.00354501899723264   0
0.123375012997182   0.279867992287882   -0.0194150414019796   0.00755320733377329   0
0.165775646370848   0.270046259792855   0.0424006333736656   -0.00982173249502727   0
0.159036223198315   0.262371555934237   -0.0067394231725324   -0.00767470385861768   0
0.144640795931922   0.275414015532071   -0.0143954272663931   0.0130424595978342   0
0.213850736276708   0.248932076757039   0.0692099403447854   -0.0264819387750321   0
0.187882193476248   0.246720301559093   -0.0259685428004594   -0.00221177519794583   0
0.196517317268597   0.248004566410888   0.00863512379234868   0.00128426485179445   0
0.215572157355165   0.237810625165277   0.019054840086568   -0.0101939412456106   0
0.210147464053245   0.220417839180816   -0.00542469330191975   -0.0173927859844614   0
0.236167629793776   0.214652504709682   0.0260201657405307   -0.005765334471134   0
0.248284236408275   0.231260488011214   0.0121166066144987   0.0166079833015325   0
0.19632850697237   0.240934529809578   -0.0519557294359044   0.00967404179836376   0
0.22651862571941   0.232400308455265   0.0301901187470395   -0.00853422135431278   0
0.251017675629446   0.251108277671207   0.0244990499100368   0.0187079692159416   0
0.243039727522083   0.268651153999941   -0.00797794810736333   0.0175428763287339   0
0.288255442828076   0.23538938129937   0.0452157153059926   -0.0332617727005714   0
0.298524073086058   0.244705850476649   0.0102686302579821   0.00931646917727924   0
0.296094378077937   0.23520496810548   -0.00242969500812129   -0.00950088237116856   0
0.347783590683646   0.216980188288009   0.0516892126057097   -0.0182247798174709   0
0.33761898720968   0.220768316874274   -0.0101646034739664   0.00378812858626498   0
0.335367827608448   0.204504716025083   -0.00225115960123146   -0.016263600849191   0
0.3548870811278   0.200122399417207   0.019519253519352   -0.00438231660787672   0
0.310686768917973   0.207590516735471   -0.0442003122098273   0.00746811731826463   0
0.316180373588004   0.191932930103852   0.00549360467003135   -0.0156575866316196   0
0.365365372881024   0.201423489452571   0.04918499929302   0.0094905593487194   0
0.324330504954452   0.192101558089725   -0.0410348679265721   -0.00932193136284601   0
0.345053409452233   0.200403551725013   0.0207229044977802   0.00830199363528805   0
0.374077796921977   0.190668145820821   0.0290243874697447   -0.00973540590419172   0
0.337703342983157   0.197486772843405   -0.0363744539388198   0.00681862702258326   0
0.386437883898981   0.174064498884817   0.0487345409158239   -0.0234222739585875   0
0.372304635021014   0.191088179427038   -0.014133248877967   0.0170236805422212   0
0.391171706451681   0.205044593343472   0.0188670714306668   0.0139564139164342   0
0.418224599089693   0.185153405592829   0.0270528926380119   -0.0198911877506439   0
0.379724411025052   0.191839350154635   -0.0385001880646411   0.00668594456180596   0
0.371793502937355   0.196547130614142   -0.00793090808769698   0.00470778045950718   0
0.386945546688132   0.182153835824036   0.0151520437507774   -0.0143932947901054   0
0.353331200517198   0.197275963431078   -0.0336143461709346   0.0151221276070415   0
0.384805397549952   0.186508672482843   0.0314741970327541   -0.0107672909482346   0
0.397853231456524   0.181296742741451   0.0130478339065722   -0.0052119297413919   0
0.381649397899643   0.201760154701591   -0.0162038335568809   0.0204634119601398   0
0.409494444683148   0.194156220297316   0.0278450467835053   -0.00760393440427493   0
0.38838713617936   0.183595264800335   -0.0211073085037881   -0.0105609554969816   0
0.326125551457588   0.181921961363389   -0.0622615847217727   -0.00167330343694533   0
0.356345482381236   0.186823075347513   0.0302199309236482   0.00490111398412368   0
0.328709952118295   0.187377617452059   -0.0276355302629411   0.000554542104545586   0
