0   0   0   0   0
0.151219310701676   0.0326163718596693   0.151219310701676   0.0326163718596693   0
0.168121468097236   0.069272201706258   0.0169021573955603   0.0366558298465888   0
0.145843805103816   0.128808403359301   -0.0222776629934197   0.0595362016530434   0
0.116024250758667   0.1196970617963   -0.0298195543451496   -0.0091113415630016   0
0.143553573742001   0.135550062097913   0.0275293229833338   0.015853000301613   0
0.0825734589091434   0.116409901460541   -0.0609801148328572   -0.0191401606373717   0
0.205241370146689   0.116532058952998   0.122667911237545   0.000122157492456823   0
0.159690215610882   0.130052968013114   -0.0455511545358065   0.0135209090601158   0
0.196245191667083   0.166498684207068   0.0365549760562006   0.0364457161939543   0
0.169565874345636   0.154981810456106   -0.0266793173214467   -0.0115168737509617   0
0.212328562782801   0.161901041378152   0.0427626884371654   0.0069192309220453   0
0.165240097146334   0.166305995353603   -0.047088465636467   0.00440495397545088   0
0.222382752763878   0.170038451920441   0.0571426556175435   0.00373245656683799   0
0.180899436862059   0.176624054329733   -0.041483315901819   0.00658560240929246   0
0.242284889240931   0.155024177140261   0.0613854523788718   -0.0215998771894721   0
0.405831401569469   0.33897727755891   0.163546512328539   0.183953100418649   0
0.294356288971376   0.271887445708353   -0.111475112598094   -0.0670898318505568   0
0.480293471965839   0.202269028215913   0.185937182994463   -0.0696184174924394   0
0.192777601294367   0.166830052510729   -0.287515870671472   -0.0354389757051847   0
0.191402916648519   0.179826191180852   -0.00137468464584795   0.0129961386701237   0
0.22280442321516   0.148367018847123   0.0314015065666405   -0.0314591723337296   0
0.227839533602138   0.137759343096142   0.00503511038697876   -0.0106076757509806   0
0.149399489354014   0.154258701429206   -0.0784400442481249   0.016499358333064   0
0.139843788498632   0.181567029973671   -0.00955570085538196   0.0273083285444649   0
0.191524851083991   0.159024349593073   0.0516810625853593   -0.0225426803805978   0
0.257811951423901   0.175733244822586   0.0662871003399103   0.0167088952295128   0
0.227145607992406   0.177350497965533   -0.0306663434314947   0.00161725314294683   0
0.18991450575975   0.168148463763292   -0.0372311022326568   -0.0092020342022413   0
0.169759046027745   0.158888774419403   -0.0201554597320048   -0.00925968934388846   0
0.266224316336882   0.130717755627419   0.0964652703091367   -0.0281710187919843   0
0.200396492322346   0.157484070738631   -0.0658278240145357   0.0267663151112117   0
0.225054869608036   0.12473904678827   0.02465837728569   -0.0327450239503601   0
0.185939316768267   0.137454443188486   -0.0391155528397686   0.0127153964002156   0
0.156041220749551   0.166264052612388   -0.0298980960187165   0.0288096094239022   0
0.221106965841061   0.158820936261919   0.0650657450915101   -0.00744311635046935   0
0.171670510129841   0.17195621666216   -0.0494364557112193   0.0131352804002408   0
0.182316945762839   0.174969324760385   0.0106464356329976   0.00301310809822575   0
0.168084561362726   0.192107868247737   -0.014232384400113   0.0171385434873519   0
0.160082257453598   0.28770966001259   -0.00800230390912809   0.0956017917648525   0
0.197679220683025   0.336882648766436   0.0375969632294271   0.0491729887538463   0
0.2330271235175   0.329316619508297   0.0353479028344746   -0.0075660292581391   0
0.322715875484922   0.28754689823314   0.0896887519674229   -0.0417697212751566   0
0.208605162712455   0.292223439296666   -0.114110712772467   0.004676541063526   0
0.26068200355061   0.249709743144521   0.0520768408381542   -0.0425136961521458   0
0.209986547574577   0.254592364082885   -0.0506954559760328   0.00488262093836475   0
0.277884365474652   0.214897530305754   0.0678978179000753   -0.0396948337771313   0
0.163357522339622   0.150833819283692   -0.11452684313503   -0.0640637110220617   0
0.23531507501977   0.156711199226005   0.0719575526801483   0.00587737994231213   0
0.0962088911726458   0.126979831162906   -0.139106183847124   -0.029731368063099   0
0.0626529623057841   0.168627420537853   -0.0335559288668617   0.0416475893749476   0
0.267908389066673   0.156804022276216   0.205255426760889   -0.0118233982616374   0
0.504731074922835   0.330831147038822   0.236822685856161   0.174027124762606   0
0.323936676705865   0.160760972656807   -0.18079439821697   -0.170070174382015   0
0.153952019401501   0.0874776028344399   -0.169984657304364   -0.0732833698223667   0
0.324098268262883   0.0913882386648441   0.170146248861383   0.00391063583040421   0
0.142175551073453   0.101455863514437   -0.181922717189431   0.0100676248495926   0
0.30013144349408   0.0848690661467563   0.157955892420627   -0.0165867973676804   0
0.206539060355687   0.129819331720087   -0.0935923831383931   0.0449502655733307   0
0.256440296720484   0.16070798515599   0.0499012363647975   0.0308886534359033   0
0.341062583937318   0.14323408312008   0.0846222872168336   -0.0174739020359103   0
0.225146107379208   0.141804058372821   -0.11591647655811   -0.00143002474725878   0
0.208253986200121   0.14720895750705   -0.0168921211790878   0.0054048991342289   0
0.320105643013365   0.122355384454057   0.111851656813245   -0.0248535730529935   0
0.148506301922309   0.148916442788607   -0.171599341091056   0.0265610583345505   0
0.32054132243299   0.130871411802817   0.172035020510681   -0.0180450309857902   0
0.163025283018248   0.14182375428635   -0.157516039414741   0.0109523424835331   0
0.259679840102789   0.145409612879789   0.0966545570845405   0.00358585859343857   0
0.186605248907125   0.137656786106207   -0.0730745911956641   -0.00775282677358172   0
0.166096872681125   0.176618144886143   -0.0205083762259993   0.0389613587799358   0
0.212742249439292   0.156391978696927   0.0466453767581667   -0.0202261661892159   0
0.157043419233938   0.191394425583083   -0.0556988302053542   0.035002446886156   0
0.280834979042854   0.178642531171723   0.123791559808916   -0.0127518944113598   0
0.197589444146316   0.2304869922626   -0.0832455348965379   0.0518444610908774   0
0.282271564599217   0.197239064170545   0.0846821204529014   -0.033247928092055   0
0.261005411785733   0.216582732716398   -0.0212661528134842   0.0193436685458522   0
0.340478682817295   0.334056909682037   0.0794732710315619   0.117474176965639   0
0.359091096388493   0.27520525151898   0.0186124135711982   -0.0588516581630565   0
0.227304576539343   0.274423256504054   -0.13178651984915   -0.000781995014925985   0
0.31895258143906   0.254659790511282   0.0916480048997168   -0.0197634659927725   0
0.232271420747452   0.243852011026919   -0.0866811606916074   -0.0108077794843632   0
0.263725340190206   0.277079289520238   0.0314539194427539   0.0332272784933195   0
0.311156660077267   0.264981231525065   0.047431319887061   -0.0120980579951734   0
0.233256040038752   0.29411855603238   -0.0779006200385149   0.0291373245073156   0
0.370426953257994   0.236023423587365   0.137170913219242   -0.0580951324450154   0
0.402980802793148   0.18532039277077   0.032553849535154   -0.0507030308165949   0
0.173916858626759   0.244282948669161   -0.229063944166389   0.058962555898391   1
0.260886778257082   0.224648273478776   0.0869699196303235   -0.019634675190385   0
0.231888110536871   0.239882457737639   -0.0289986677202115   0.0152341842588625   0
0.274843742832177   0.273757122838731   0.0429556322953065   0.0338746651010922   0
0.301796231538699   0.241446250780319   0.0269524887065217   -0.0323108720584123   0
0.216504881853736   0.241916585982255   -0.0852913496849634   0.000470335201936845   0
0.290285376083605   0.22561739296927   0.0737804942298695   -0.0162991930129854   0
0.270016756431893   0.169242519529587   -0.0202686196517124   -0.0563748734396834   0
0.253164075326655   0.311203622309413   -0.0168526811052381   0.141961102779827   0
0.236204326720935   0.372747848192649   -0.0169597486057199   0.0615442258832355   0
0.281280896615821   0.304857633632738   0.0450765698948861   -0.0678902145599112   0
0.19317717269059   0.352268161525776   -0.0881037239252307   0.047410527893038   0
0.256587924837491   0.3913945489671   0.0634107521469012   0.0391263874413248   0
0.1917704734559   0.380330542895913   -0.0648174513815913   -0.0110640060711873   0
0.199076234097519   0.390508945466042   0.00730576064161864   0.0101784025701286   0
0.262902009384885   0.387599433115233   0.0638257752873662   -0.00290951235080872   0
0.277292449756949   0.380670814139986   0.0143904403720642   -0.00692861897524671   0
0.336090066401315   0.317036712350577   0.0587976166443657   -0.0636341017894093   0
0.362126412289907   0.314233192549435   0.0260363458885929   -0.00280351980114246   0
0.408842313253032   0.339294050656492   0.0467159009631242   0.0250608581070572   0
0.34260287829452   0.340742268275118   -0.0662394349585111   0.00144821761862624   0
0.49222111356686   0.298944236743113   0.14961823527234   -0.0417980315320048   0
0.292856265695307   0.252530315155894   -0.199364847871554   -0.0464139215872195   0
0.240219225861836   0.275058426370271   -0.0526370398334702   0.0225281112143776   0
0.432614005573097   0.263586049344517   0.192394779711261   -0.0114723770257547   0
0.303975458154108   0.26170482071252   -0.128638547418989   -0.00188122863199619   0
0.325850149519683   0.241076765472432   0.0218746913655751   -0.0206280552400885   0
0.404443299156075   0.262322508430848   0.0785931496363912   0.0212457429584164   0
0.345069034406161   0.233281160501529   -0.059374264749914   -0.0290413479293196   0
0.309415884913816   0.198319949026245   -0.0356531494923443   -0.0349612114752835   0
0.38517815965732   0.212819573403047   0.0757622747435039   0.014499624376802   0
0.397770183221417   0.244522793812668   0.0125920235640973   0.0317032204096207   0
0.225808209184653   0.216499924549531   -0.171961974036764   -0.0280228692631372   0
0.239573144279571   0.159919948892321   0.0137649350949177   -0.0565799756572099   0
0.410832963738014   0.136336722824195   0.171259819458443   -0.0235832260681257   0
0.380630946192555   0.153838542014136   -0.0302020175454582   0.0175018191899406   0
0.413558724197665   0.18162221349274   0.0329277780051092   0.0277836714786045   0
0.411833802583032   0.199260922983007   -0.00172492161463222   0.0176387094902672   0
0.392959879791818   0.202829000506122   -0.0188739227912144   0.00356807752311475   0
0.475354557736644   0.223803612800375   0.0823946779448256   0.0209746122942525   0
0.368997561837473   0.195840604574869   -0.10635699589917   -0.0279630082255061   0
0.300586184203466   0.201834968585724   -0.0684113776340074   0.00599436401085501   0
0.456372582082885   0.203266695517398   0.155786397879419   0.00143172693167426   0
0.35080643987675   0.206629767528882   -0.105566142206135   0.00336307201148464   0
0.480158207936717   0.200825210495028   0.129351768059967   -0.00580455703385394   0
0.487564784419466   0.207780859480584   0.00740657648274823   0.00695564898555504   0
0.365253522269122   0.226473916344708   -0.122311262150344   0.0186930568641249   0
0.461587203098179   0.222223238242741   0.0963336808290575   -0.00425067810196753   0
0.366726391535979   0.217907348775924   -0.0948608115622007   -0.0043158894668173   0
0.152433329208826   0.190737012564054   -0.214293062327153   -0.0271703362118699   0
0.349814858465789   0.175887451859449   0.197381529256963   -0.0148495607046047   0
0.672799925691881   0.224783655886054   0.322985067226091   0.0488962040266051   0
0.530631730658844   0.210839861338529   -0.142168195033036   -0.0139437945475255   0
0.490066875467012   0.200062179172501   -0.0405648551918319   -0.0107776821660274   0
0.409052986866751   0.176226230849078   -0.0810138886002616   -0.0238359483234233   0
0.423889399892236   0.208309392232377   0.0148364130254855   0.0320831613832996   0
0.398940629317196   0.227757107929154   -0.0249487705750405   0.0194477156967769   0
0.39657776363533   0.26790822616243   -0.00236286568186506   0.0401511182332761   0
0.445173489869961   0.28062521954958   0.0485957262346303   0.0127169933871495   0
0.380739301504323   0.294788626298997   -0.0644341883656375   0.0141634067494175   0
0.498092390318302   0.311322460812338   0.117353088813979   0.0165338345133409   0
0.393349574118239   0.306511316646303   -0.104742816200063   -0.00481114416603573   0
0.476404833193367   0.306482637996951   0.0830552590751281   -2.86786493518543e-05   0
0.400009283419773   0.298425217182278   -0.0763955497735944   -0.00805742081467248   0
0.430288237299139   0.288151344579637   0.0302789538793661   -0.0102738726026417   0
0.326790157058012   0.258218646102368   -0.103498080241127   -0.0299326984772685   0
0.37822393395712   0.239076112945335   0.0514337768991084   -0.019142533157033   0
0.326321254810348   0.219527120707875   -0.0519026791467723   -0.0195489922374599   0
0.421908598121678   0.218425526591862   0.0955873433113306   -0.00110159411601318   0
0.280280647498182   0.206744773365501   -0.141627950623497   -0.0116807532263607   0
0.409345949810182   0.214152292813642   0.129065302312   0.00740751944814103   0
0.265183027973134   0.193934598594475   -0.144162921837048   -0.0202176942191677   0
0.339589455350133   0.17260039585545   0.0744064273769989   -0.0213342027390245   0
0.303543957490509   0.156632772981303   -0.0360454978596239   -0.0159676228741469   0
0.350484295191668   0.159088865905977   0.0469403377011585   0.00245609292467394   0
0.545925492855939   0.214199623471308   0.195441197664271   0.0551107575653305   0
0.33451760533939   0.182056572174695   -0.211407887516549   -0.0321430512966125   0
0.363136628125008   0.16619644936114   0.0286190227856173   -0.0158601228135551   0
0.412489012877919   0.17383783929355   0.0493523847529115   0.00764138993240956   0
0.337162316626577   0.148201511744989   -0.0753266962513422   -0.025636327548561   0
0.276782477872065   0.130214957584106   -0.0603798387545121   -0.0179865541608823   0
0.365147389548385   0.166599684232144   0.0883649116763202   0.0363847266480374   0
0.394291320986146   0.172434394653655   0.0291439314377611   0.00583471042151143   0
0.349321597770593   0.175303844415411   -0.0449697232155529   0.00286944976175549   0
0.356421741570292   0.179178200279889   0.00710014379969892   0.00387435586447832   0
0.287352686796487   0.158026057587032   -0.0690690547738049   -0.0211521426928568   0
0.324739182700517   0.155478670138616   0.0373864959040304   -0.00254738744841637   0
0.29947186074721   0.164895130533962   -0.0252673219533079   0.00941646039534663   0
0.333675483287115   0.1635507152148   0.0342036225399058   -0.00134441531916274   0
0.337894574213615   0.164508215371915   0.00421909092649936   0.000957500157115737   0
0.320173117250652   0.162300451839328   -0.0177214569629623   -0.00220776353258748   0
0.368631400774541   0.185869153988095   0.0484582835238883   0.0235687021487666   0
0.302532491778982   0.174803151193707   -0.0660989089955583   -0.0110660027943875   0
0.338443025197743   0.166540465329969   0.0359105334187605   -0.00826268586373835   0
0.317884780212894   0.169916357071649   -0.0205582449848487   0.00337589174167993   0
0.326263392310569   0.149954573981456   0.00837861209767449   -0.0199617830901925   0
0.433769902512841   0.161247352921536   0.107506510202273   0.0112927789400802   0
0.273057401291835   0.132619551403592   -0.160712501221007   -0.0286278015179443   0
0.316435529209348   0.154114213971562   0.0433781279175131   0.0214946625679703   0
0.335170095066669   0.134739869634047   0.0187345658573214   -0.0193743443375153   0
0.385463104815493   0.159830152601128   0.0502930097488242   0.0250902829670814   0
0.318065645680259   0.139220994216928   -0.0673974591352344   -0.0206091583842   0
0.396109338801801   0.174378256003035   0.0780436931215421   0.0351572617861066   0
0.306522784864356   0.162383925333606   -0.0895865539374455   -0.0119943306694294   0
0.389461734171664   0.170367586038248   0.0829389493073086   0.00798366070464288   0
0.383722655307189   0.174383203510975   -0.00573907886447489   0.00401561747272622   0
0.32655628435086   0.152205834410019   -0.0571663709563289   -0.0221773691009561   0
0.425472152175674   0.17510238133078   0.0989158678248137   0.0228965469207617   0
0.322653687908894   0.151591585606095   -0.10281846426678   -0.0235107957246854   0
0.396833413494882   0.160853120758885   0.074179725585988   0.00926153515279027   0
0.294815100680817   0.130422680662721   -0.102018312814065   -0.0304304400961646   0
0.355485480063589   0.13711339185324   0.060670379382772   0.00669071119051889   0
0.465462051078281   0.184422187937081   0.109976571014692   0.0473087960838414   0
0.348926126538269   0.146737686743215   -0.116535924540012   -0.0376845011938656   0
0.381341978342275   0.160685113906827   0.032415851804006   0.0139474271636117   0
0.341650765052561   0.150961853020887   -0.0396912132897142   -0.00972326088593972   0
0.42009544060606   0.175102006157839   0.0784446755534998   0.024140153136952   0
0.400594712428909   0.17020201531489   -0.0195007281771518   -0.00489999084294948   0
0.379587197008329   0.14901376820784   -0.0210075154205795   -0.0211882471070494   0
0.461484193008818   0.208336609338709   0.0818969960004889   0.0593228411308689   0
0.37740704788121   0.174113786249108   -0.0840771451276079   -0.0342228230896015   0
0.409065208794393   0.164481876601193   0.0316581609131825   -0.00963190964791505   0
0.432217728746751   0.187625057670877   0.0231525199523585   0.0231431810696845   0
0.313087214958404   0.142870602689112   -0.119130513788347   -0.0447544549817656   0
0.401643767631218   0.175792456204753   0.088556552672814   0.0329218535156413   0
0.326130298224207   0.16448729503065   -0.0755134694070115   -0.0113051611741033   0
0.424647241053089   0.217514826739932   0.098516942828882   0.053027531709282   0
0.308648686643585   0.166952170134061   -0.115998554409504   -0.0505626566058706   0
0.424456243106401   0.165513897891537   0.115807556462816   -0.00143827224252455   0
0.409842927714997   0.179545109118154   -0.014613315391404   0.0140312112266179   0
0.343380709744796   0.167437312142485   -0.0664622179702005   -0.0121077969756694   0
0.480623090512722   0.187995270257658   0.137242380767926   0.0205579581151732   1
1.01143783698824   0.322851567717758   0.530814746475513   0.1348562974601   1
0.904190708484665   0.43682829870454   -0.107247128503571   0.113976730986781   1
0.606998683156726   0.345493712242528   -0.297192025327938   -0.091334586462012   1
0.56623718261785   0.343030231791602   -0.0407615005388768   -0.00246348045092587   0
0.518711496662644   0.310712742589116   -0.0475256859552057   -0.0323174892024862   0
0.533390706718818   0.299864523565826   0.0146792100561739   -0.0108482190232891   0
0.651283226049927   0.299080301497775   0.117892519331109   -0.000784222068051343   0
0.667358723390202   0.303689703513306   0.016075497340275   0.00460940201553145   0
0.595999343503833   0.297563639086247   -0.0713593798863688   -0.00612606442705993   0
0.612772857151816   0.301659685948421   0.016773513647983   0.00409604686217446   0
0.444699140665911   0.25048111706474   -0.168073716485905   -0.051178568883681   0
0.554717448979208   0.273874232731924   0.110018308313296   0.0233931156671839   0
0.386113732644929   0.21687793698069   -0.168603716334278   -0.0569962957512342   0
0.497223235806614   0.268423684738326   0.111109503161685   0.0515457477576359   0
0.326892906288895   0.178957148084395   -0.17033032951772   -0.0894665366539308   0
0.486730592459525   0.252675121769536   0.15983768617063   0.0737179736851415   0
0.251837563969683   0.187185900381145   -0.234893028489841   -0.0654892213883912   0
0.38526299341359   0.227811699081879   0.133425429443907   0.0406257987007337   0
0.394688398386385   0.250224745903058   0.00942540497279515   0.0224130468211793   0
0.462476827244879   0.298236189320226   0.0677884288584941   0.0480114434171683   0
0.429019747873929   0.30209907974413   -0.0334570793709499   0.00386289042390314   0
0.467882368581303   0.319359856509863   0.0388626207073732   0.0172607767657329   0
0.46474260610454   0.324388776691257   -0.00313976247676234   0.00502892018139411   0
0.357972922186358   0.286880208192374   -0.106769683918183   -0.0375085684988823   0
0.453279703358324   0.320455710676608   0.0953067811719662   0.0335755024842339   0
0.371348968160193   0.299076401939789   -0.0819307351981308   -0.0213793087368195   0
0.452211177883973   0.32237684144065   0.0808622097237797   0.0233004395008613   0
0.394124775955483   0.323997943826037   -0.0580864019284892   0.00162110238538726   0
0.460036208943481   0.351813927439279   0.0659114329879974   0.0278159836132413   0
0.39063547955557   0.315568130684168   -0.069400729387911   -0.0362457967551109   0
0.429163337094177   0.337635360795489   0.038527857538607   0.0220672301113213   0
0.380639217856281   0.341031426168836   -0.0485241192378955   0.00339606537334664   0
0.527504838712983   0.389267679468126   0.146865620856701   0.0482362532992908   0
0.454248582008089   0.390342129083577   -0.0732562567048934   0.00107444961545067   0
0.549107615467506   0.423992200047359   0.0948590334594162   0.0336500709637821   0
0.422089866184027   0.408776370523664   -0.127017749283478   -0.015215829523695   0
0.505828227838265   0.525252955655416   0.0837383616542381   0.116476585131751   1
0.996413643556776   1.32489305519247   0.490585415718511   0.799640099537059   1
0.409146987946875   0.875331003525708   -0.587266655609902   -0.449562051666767   1
0.358777900273972   0.648318481877148   -0.050369087672903   -0.22701252164856   1
0.369933947811295   0.612745288562631   0.0111560475373234   -0.0355731933145166   0
0.49175800804054   0.658032271983846   0.121824060229245   0.0452869834212148   0
0.477951303477969   0.664752224366984   -0.0138067045625708   0.00671995238313727   0
0.607392471532567   0.705135473431709   0.129441168054597   0.0403832490647252   0
0.517357847624795   0.672827860633552   -0.0900346239077723   -0.0323076127981567   0
0.560489450234132   0.691069902506078   0.0431316026093379   0.0182420418725259   0
0.388279807999656   0.639437552432605   -0.172209642234476   -0.0516323500734733   0
0.486628007232465   0.674624831312197   0.0983481992328086   0.0351872788795922   0
0.370971036758936   0.640834777956261   -0.115656970473529   -0.033790053355936   0
0.487877422325772   0.675367041129505   0.116906385566836   0.0345322631732442   0
0.401366761543604   0.628533148903797   -0.0865106607821687   -0.046833892225708   0
0.528573130005679   0.64023771795751   0.127206368462075   0.011704569053713   0
0.423054046497608   0.593462849154486   -0.105519083508071   -0.0467748688030242   0
0.587356789544107   0.601712400442373   0.164302743046499   0.00824955128788707   0
0.410467127811717   0.562461159023323   -0.17688966173239   -0.0392512414190497   0
0.384642643369141   0.569979115750226   -0.0258244844425758   0.00751795672690325   0
0.430234816379381   0.550372461841617   0.0455921730102407   -0.0196066539086091   0
0.4752419434951   0.537214590667894   0.0450071271157188   -0.0131578711737237   0
0.431296655287286   0.49643103293053   -0.0439452882078142   -0.0407835577373641   0
0.462685434343896   0.503273106113629   0.0313887790566104   0.00684207318309943   0
0.455389766541026   0.484681394377265   -0.0072956678028705   -0.0185917117363639   0
0.482099315774758   0.426975406449954   0.0267095492337324   -0.0577059879273115   0
0.495560986173246   0.455554511198331   0.0134616703984877   0.0285791047483778   0
0.448994357800891   0.449890031560075   -0.0465666283723544   -0.00566447963825645   0
0.42340774799831   0.462827601538089   -0.0255866098025819   0.012937569978014   0
0.414120823883562   0.480821137592424   -0.0092869241147478   0.0179935360543347   0
0.421845154015072   0.498612688831221   0.00772433013151042   0.0177915512387973   0
0.373761906400318   0.475586478816074   -0.0480832476147544   -0.0230262100151466   0
0.387402761036883   0.459829847131458   0.0136408546365648   -0.0157566316846165   0
