0.149507661951198   0.236512746665481   0   0   0
0.149507661951198   0.236512746665481   -0.330523651888848   -0.116084449164552   0
0.122393173580529   0.201157765282004   -0.0271144883706683   -0.0353549813834766   0
0.122393173580529   0.201157765282004   -0.0271144883706683   -0.0353549813834766   0
0.15585371059516   0.218403261435126   0.033460537014631   0.0172454961531216   0
0.15585371059516   0.218403261435126   0.033460537014631   0.0172454961531216   0
0.151340359986522   0.216380176824265   -0.00451335060863867   -0.00202308461086148   0
0.151340359986522   0.216380176824265   -0.00451335060863867   -0.00202308461086148   0
0.113477392245768   0.195190189140617   -0.0378629677407533   -0.0211899876836471   0
0.113477392245768   0.195190189140617   -0.0378629677407533   -0.0211899876836471   0
0.11151249591809   0.175572311196128   -0.00196489632767821   -0.0196178779444895   0
0.11151249591809   0.175572311196128   -0.00196489632767821   -0.0196178779444895   0
0.127943658339482   0.180605567583754   0.0164311624213913   0.00503325638762622   0
0.127943658339482   0.180605567583754   0.0164311624213913   0.00503325638762622   0
0.100601789242289   0.0967243223582362   -0.0273418690971922   -0.0838812452255179   0
0.100601789242289   0.0967243223582362   -0.0273418690971922   -0.0838812452255179   0
0.0798319806503634   0.074453111712347   -0.0207698085919259   -0.0222712106458892   0
0.0798319806503634   0.074453111712347   -0.0207698085919259   -0.0222712106458892   0
0.0826643663538438   0.0674743293403128   0.00283238570348036   -0.00697878237203418   0
0.0826643663538438   0.0674743293403128   0.00283238570348036   -0.00697878237203418   0
0.104774219912486   0.0627967869794705   0.0221098535586423   -0.00467754236084229   0
0.104774219912486   0.0627967869794705   0.0221098535586423   -0.00467754236084229   0
0.0585479729948868   0.040015971319993   -0.0462262469175993   -0.0227808156594776   0
0.0585479729948868   0.040015971319993   -0.0462262469175993   -0.0227808156594776   0
0.0927778089773627   0.0317975550902931   0.0342298359824758   -0.00821841622969987   0
0.0927778089773627   0.0317975550902931   0.0342298359824758   -0.00821841622969987   0
0.0883501150008872   0.0571033441704838   -0.00442769397647544   0.0253057890801907   0
0.0883501150008872   0.0571033441704838   -0.00442769397647544   0.0253057890801907   0
0.0631771780820646   0.0552527732404956   -0.0251729369188227   -0.00185057092998821   0
0.0631771780820646   0.0552527732404956   -0.0251729369188227   -0.00185057092998821   0
0.0813386587195166   0.0591387256182233   0.0181614806374521   0.0038859523777277   0
0.0813386587195166   0.0591387256182233   0.0181614806374521   0.0038859523777277   0
0.0851743135264382   0.0579589526499626   0.00383565480692161   -0.00117977296826073   0
0.0851743135264382   0.0579589526499626   0.00383565480692161   -0.00117977296826073   0
0.0342555048548405   0.0670140032729101   -0.0509188086715978   0.00905505062294751   0
0.0342555048548405   0.0670140032729101   -0.0509188086715978   0.00905505062294751   0
0.0595983572223262   0.0324417704187441   0.0253428523674857   -0.034572232854166   0
0.0595983572223262   0.0324417704187441   0.0253428523674857   -0.034572232854166   0
0.0747340405505416   0.047614446903038   0.0151356833282154   0.0151726764842939   0
0.0747340405505416   0.047614446903038   0.0151356833282154   0.0151726764842939   0
0.0538332349514684   0.046985754380744   -0.0209008055990732   -0.000628692522294041   0
0.0538332349514684   0.046985754380744   -0.0209008055990732   -0.000628692522294041   0
0.0166727738197128   0.0592431972188588   -0.0371604611317556   0.0122574428381148   0
0.0166727738197128   0.0592431972188588   -0.0371604611317556   0.0122574428381148   0
0.0502917604636187   0.016201661312705   0.0336189866439059   -0.0430415359061538   0
0.0502917604636187   0.016201661312705   0.0336189866439059   -0.0430415359061538   0
0.0575348377741695   0.0297963942918871   0.0072430773105508   0.0135947329791821   0
0.0575348377741695   0.0297963942918871   0.0072430773105508   0.0135947329791821   0
0.0550944543076706   0.0583591849522849   -0.00244038346649892   0.0285627906603979   0
0.0550944543076706   0.0583591849522849   -0.00244038346649892   0.0285627906603979   0
0.0378458782835397   0.0685262846948162   -0.0172485760241309   0.0101670997425313   0
0.0378458782835397   0.0685262846948162   -0.0172485760241309   0.0101670997425313   0
0.0417824448793988   0.0705586723627401   0.00393656659585914   0.00203238766792391   0
0.0417824448793988   0.0705586723627401   0.00393656659585914   0.00203238766792391   0
0.044436366803104   0.0522382739334889   0.00265392192370515   -0.0183203984292512   0
0.044436366803104   0.0522382739334889   0.00265392192370515   -0.0183203984292512   0
0.0542738408451991   0.0774811418817508   0.00983747404209512   0.0252428679482619   0
0.0542738408451991   0.0774811418817508   0.00983747404209512   0.0252428679482619   0
0.0422459326773596   0.0706201659200472   -0.0120279081678395   -0.0068609759617036   0
0.0422459326773596   0.0706201659200472   -0.0120279081678395   -0.0068609759617036   0
0.0413450076777548   0.0713706801347024   -0.000900924999604855   0.000750514214655149   0
0.0413450076777548   0.0713706801347024   -0.000900924999604855   0.000750514214655149   0
0.0495918939894415   0.0704951781732338   0.00824688631168671   -0.000875501961468614   0
0.0495918939894415   0.0704951781732338   0.00824688631168671   -0.000875501961468614   0
0.0466603525471036   0.0669082003645667   -0.00293154144233784   -0.0035869778086671   0
0.0466603525471036   0.0669082003645667   -0.00293154144233784   -0.0035869778086671   0
0.053484745194401   0.0801733920883045   0.00682439264729736   0.0132651917237378   0
0.053484745194401   0.0801733920883045   0.00682439264729736   0.0132651917237378   0
0.0196328792298357   0.0979476154354969   -0.0338518659645652   0.0177742233471925   0
0.0196328792298357   0.0979476154354969   -0.0338518659645652   0.0177742233471925   0
0.0334014546681129   0.0908885031427105   0.0137685754382771   -0.00705911229278643   0
0.0334014546681129   0.0908885031427105   0.0137685754382771   -0.00705911229278643   0
0.0745690650768132   0.0774604363214803   0.0411676104087003   -0.0134280668212303   0
0.0745690650768132   0.0774604363214803   0.0411676104087003   -0.0134280668212303   0
0.0247964347524689   0.091499841431297   -0.0497726303243442   0.0140394051098168   0
0.0247964347524689   0.091499841431297   -0.0497726303243442   0.0140394051098168   0
0.0614232479017709   0.0742882741392779   0.0366268131493019   -0.0172115672920192   0
0.0614232479017709   0.0742882741392779   0.0366268131493019   -0.0172115672920192   0
0.0881830596341497   0.0870489598827472   0.0267598117323788   0.0127606857434693   0
0.0881830596341497   0.0870489598827472   0.0267598117323788   0.0127606857434693   0
0.0139699575080599   0.096210314594824   -0.0742131021260898   0.00916135471207681   0
0.0139699575080599   0.096210314594824   -0.0742131021260898   0.00916135471207681   0
0.0690354324723906   0.0889626369237249   0.0550654749643306   -0.00724767767109909   0
0.0690354324723906   0.0889626369237249   0.0550654749643306   -0.00724767767109909   0
0.0885223580186384   0.0970387528132962   0.0194869255462479   0.00807611588957131   0
0.0885223580186384   0.0970387528132962   0.0194869255462479   0.00807611588957131   0
0.0650753604730308   0.108336615164311   -0.0234469975456076   0.0112978623510147   0
0.0650753604730308   0.108336615164311   -0.0234469975456076   0.0112978623510147   0
0.115123502888203   0.119825908318235   0.0500481424151718   0.0114892931539238   0
0.115123502888203   0.119825908318235   0.0500481424151718   0.0114892931539238   0
0.114905497665429   0.112348760996728   -0.000218005222773252   -0.00747714732150637   0
0.114905497665429   0.112348760996728   -0.000218005222773252   -0.00747714732150637   0
0.0491533372461118   0.104701647004823   -0.0657521604193176   -0.00764711399190568   0
0.0491533372461118   0.104701647004823   -0.0657521604193176   -0.00764711399190568   0
0.0813135499357272   0.108347561036232   0.0321602126896154   0.00364591403140921   0
0.0813135499357272   0.108347561036232   0.0321602126896154   0.00364591403140921   0
0.0946662307415902   0.123436580148279   0.013352680805863   0.0150890191120471   0
0.0946662307415902   0.123436580148279   0.013352680805863   0.0150890191120471   0
0.0380961448604711   0.117342757682784   -0.0565700858811191   -0.00609382246549481   0
0.0380961448604711   0.117342757682784   -0.0565700858811191   -0.00609382246549481   0
0.0606818744748677   0.106175591126492   0.0225857296143966   -0.0111671665562922   0
0.0606818744748677   0.106175591126492   0.0225857296143966   -0.0111671665562922   0
0.0838857934425729   0.136048501877602   0.0232039189677052   0.0298729107511105   0
0.0838857934425729   0.136048501877602   0.0232039189677052   0.0298729107511105   0
0.0355606751873766   0.128468960358874   -0.0483251182551963   -0.00757954151872825   0
0.0355606751873766   0.128468960358874   -0.0483251182551963   -0.00757954151872825   0
0.0723308754752077   0.130594531808418   0.0367702002878311   0.00212557144954414   0
0.0723308754752077   0.130594531808418   0.0367702002878311   0.00212557144954414   0
0.112871825321734   0.141800221828361   0.0405409498465262   0.011205690019943   0
0.112871825321734   0.141800221828361   0.0405409498465262   0.011205690019943   0
0.0855139632717956   0.140177216048338   -0.0273578620499383   -0.00162300578002314   0
0.0855139632717956   0.140177216048338   -0.0273578620499383   -0.00162300578002314   0
0.0929807666318685   0.133126835402643   0.00746680336007299   -0.00705038064569491   0
0.0929807666318685   0.133126835402643   0.00746680336007299   -0.00705038064569491   0
0.108905355135227   0.135864484275104   0.0159245885033588   0.0027376488724607   0
0.108905355135227   0.135864484275104   0.0159245885033588   0.0027376488724607   0
0.0834661271396373   0.14564939705591   -0.0254392279955901   0.00978491278080551   0
0.0834661271396373   0.14564939705591   -0.0254392279955901   0.00978491278080551   0
0.0647650733832673   0.136153025385557   -0.01870105375637   -0.00949637167035303   0
0.0647650733832673   0.136153025385557   -0.01870105375637   -0.00949637167035303   0
0.0969637905753483   0.145717573152657   0.032198717192081   0.00956454776710064   0
0.0969637905753483   0.145717573152657   0.032198717192081   0.00956454776710064   0
0.0805343779492491   0.141281919417914   -0.0164294126260992   -0.004435653734743   0
0.0805343779492491   0.141281919417914   -0.0164294126260992   -0.004435653734743   0
0.0692599114257129   0.136304801545103   -0.0112744665235362   -0.00497711787281088   0
0.0692599114257129   0.136304801545103   -0.0112744665235362   -0.00497711787281088   0
0.0895969194384494   0.133451806582938   0.0203370080127365   -0.0028529949621649   0
0.0895969194384494   0.133451806582938   0.0203370080127365   -0.0028529949621649   0
0.0710986439238921   0.133374849820909   -0.0184982755145573   -7.69567620294842e-05   0
0.0710986439238921   0.133374849820909   -0.0184982755145573   -7.69567620294842e-05   0
0.0488910556398448   0.131343740653875   -0.0222075882840473   -0.00203110916703345   0
0.0488910556398448   0.131343740653875   -0.0222075882840473   -0.00203110916703345   0
0.041025360097018   0.142104641132195   -0.00786569554282676   0.0107609004783198   0
0.041025360097018   0.142104641132195   -0.00786569554282676   0.0107609004783198   0
0.0764039711880214   0.158080759141815   0.0353786110910033   0.0159761180096196   0
0.0764039711880214   0.158080759141815   0.0353786110910033   0.0159761180096196   0
0.0596535352758745   0.159626173795214   -0.0167504359121469   0.00154541465339952   0
0.0596535352758745   0.159626173795214   -0.0167504359121469   0.00154541465339952   0
0.0472424171960633   0.150179878522133   -0.0124111180798111   -0.00944629527308188   0
0.0472424171960633   0.150179878522133   -0.0124111180798111   -0.00944629527308188   0
0.0820353208983179   0.156285403806274   0.0347929037022546   0.00610552528414102   0
0.0820353208983179   0.156285403806274   0.0347929037022546   0.00610552528414102   0
0.102226336543672   0.306479403309994   0.0201910156453536   0.15019399950372   0
0.102226336543672   0.306479403309994   0.0201910156453536   0.15019399950372   0
0.110087382595146   0.574026952557543   0.0078610460514742   0.267547549247549   0
0.110087382595146   0.574026952557543   0.0078610460514742   0.267547549247549   0
0.10542617372893   0.436542209524176   -0.0046612088662159   -0.137484743033367   0
0.10542617372893   0.436542209524176   -0.0046612088662159   -0.137484743033367   0
0.12368798709895   0.421693849763664   0.0182618133700201   -0.0148483597605121   0
0.12368798709895   0.421693849763664   0.0182618133700201   -0.0148483597605121   0
0.0328809273097642   0.393340109929549   -0.0908070597891857   -0.028353739834115   0
0.0328809273097642   0.393340109929549   -0.0908070597891857   -0.028353739834115   0
0.036206608840238   0.369633098028332   0.00332568153047375   -0.0237070119012174   0
0.036206608840238   0.369633098028332   0.00332568153047375   -0.0237070119012174   0
0.0477549156759804   0.371190806972671   0.0115483068357424   0.00155770894433876   0
0.0477549156759804   0.371190806972671   0.0115483068357424   0.00155770894433876   0
0.0699074653445539   0.376150110731969   0.0221525496685735   0.00495930375929826   0
0.0699074653445539   0.376150110731969   0.0221525496685735   0.00495930375929826   0
0.0380960621908144   0.357715737523879   -0.0318114031537395   -0.0184343732080902   0
0.0380960621908144   0.357715737523879   -0.0318114031537395   -0.0184343732080902   0
0.0404146950890391   0.374980444590851   0.00231863289822466   0.0172647070669725   0
0.0404146950890391   0.374980444590851   0.00231863289822466   0.0172647070669725   0
0.0225440002053762   0.362988321579045   -0.0178706948836629   -0.0119921230118058   0
0.0225440002053762   0.362988321579045   -0.0178706948836629   -0.0119921230118058   0
0.0234627013015778   0.319775832952261   0.000918701096201621   -0.0432124886267842   0
0.0234627013015778   0.319775832952261   0.000918701096201621   -0.0432124886267842   0
0.0559400367854724   0.31830434934823   0.0324773354838946   -0.00147148360403132   0
0.0559400367854724   0.31830434934823   0.0324773354838946   -0.00147148360403132   0
0.0386200112881045   0.320993471850788   -0.0173200254973679   0.00268912250255793   0
0.0386200112881045   0.320993471850788   -0.0173200254973679   0.00268912250255793   0
0.0375052830185147   0.289496967445123   -0.0011147282695898   -0.031496504405665   0
0.0375052830185147   0.289496967445123   -0.0011147282695898   -0.031496504405665   0
0.0461657706099443   0.301882499807131   0.00866048759142968   0.0123855323620083   0
0.0461657706099443   0.301882499807131   0.00866048759142968   0.0123855323620083   0
0.0552541528395188   0.29683499438646   0.00908838222957443   -0.00504750542067062   0
0.0552541528395188   0.29683499438646   0.00908838222957443   -0.00504750542067062   0
0.0428294365254833   0.282802384676191   -0.0124247163140355   -0.01403260971027   0
0.0428294365254833   0.282802384676191   -0.0124247163140355   -0.01403260971027   0
0.0703389700818117   0.319003553622056   0.0275095335563284   0.0362011689458656   0
0.0703389700818117   0.319003553622056   0.0275095335563284   0.0362011689458656   0
0.073502820520712   0.3151655670128   0.00316385043890031   -0.00383798660925566   0
0.073502820520712   0.3151655670128   0.00316385043890031   -0.00383798660925566   0
0.0569695036473024   0.310797324823188   -0.0165333168734096   -0.00436824218961279   0
0.0569695036473024   0.310797324823188   -0.0165333168734096   -0.00436824218961279   0
0.0496984494371293   0.317112457239936   -0.00727105421017305   0.00631513241674803   0
0.0496984494371293   0.317112457239936   -0.00727105421017305   0.00631513241674803   0
0.085466149026208   0.318958098684608   0.0357676995890787   0.00184564144467214   0
0.085466149026208   0.318958098684608   0.0357676995890787   0.00184564144467214   0
0.0707165147428096   0.323830963038975   -0.0147496342833985   0.00487286435436723   0
0.0707165147428096   0.323830963038975   -0.0147496342833985   0.00487286435436723   0
0.0503350867227832   0.286399141455155   -0.0203814280200264   -0.0374318215838198   0
0.0503350867227832   0.286399141455155   -0.0203814280200264   -0.0374318215838198   0
0.0853554560626326   0.314478821877563   0.0350203693398494   0.0280796804224078   0
0.0853554560626326   0.314478821877563   0.0350203693398494   0.0280796804224078   0
0.0567982078686467   0.293597248860258   -0.0285572481939859   -0.0208815730173047   0
0.0567982078686467   0.293597248860258   -0.0285572481939859   -0.0208815730173047   0
0.040418204834521   0.240956793144539   -0.0163800030341257   -0.0526404557157197   0
0.040418204834521   0.240956793144539   -0.0163800030341257   -0.0526404557157197   0
0.0606685628929844   0.276828881008648   0.0202503580584633   0.035872087864109   0
0.0606685628929844   0.276828881008648   0.0202503580584633   0.035872087864109   0
0.0648780036889882   0.292076903999614   0.00420944079600385   0.0152480229909668   0
0.0648780036889882   0.292076903999614   0.00420944079600385   0.0152480229909668   0
0.0659102415861116   0.272140142438138   0.00103223789712342   -0.0199367615614766   0
0.0659102415861116   0.272140142438138   0.00103223789712342   -0.0199367615614766   0
0.0748721060348919   0.31556933353108   0.00896186444878029   0.0434291910929421   0
0.0748721060348919   0.31556933353108   0.00896186444878029   0.0434291910929421   0
0.0880700285433007   0.353556242375948   0.0131979225084087   0.0379869088448679   0
0.0880700285433007   0.353556242375948   0.0131979225084087   0.0379869088448679   0
0.0684358631101413   0.294517700665427   -0.0196341654331594   -0.059038541710521   0
0.0684358631101413   0.294517700665427   -0.0196341654331594   -0.059038541710521   0
0.076555822224113   0.273691673440662   0.00811995911397172   -0.0208260272247648   0
0.076555822224113   0.273691673440662   0.00811995911397172   -0.0208260272247648   0
0.0987626054720105   0.269732124630739   0.0222067832478975   -0.00395954880992311   0
0.0987626054720105   0.269732124630739   0.0222067832478975   -0.00395954880992311   0
0.102203252379217   0.252668902452028   0.00344064690720687   -0.0170632221787109   0
0.102203252379217   0.252668902452028   0.00344064690720687   -0.0170632221787109   0
0.084803119550934   0.270763154593092   -0.0174001328282834   0.0180942521410636   0
0.084803119550934   0.270763154593092   -0.0174001328282834   0.0180942521410636   0
0.17773153711317   0.569123165856469   0.0929284175622357   0.298360011263377   0
0.17773153711317   0.569123165856469   0.0929284175622357   0.298360011263377   0
0.178875157759707   0.561286534379946   0.00114362064653714   -0.00783663147652325   0
0.178875157759707   0.561286534379946   0.00114362064653714   -0.00783663147652325   0
0.0784639192173065   0.510438263126365   -0.1004112385424   -0.0508482712535812   0
0.0784639192173065   0.510438263126365   -0.1004112385424   -0.0508482712535812   0
0.0707347837255964   0.445026471235771   -0.00772913549171007   -0.0654117918905938   0
0.0707347837255964   0.445026471235771   -0.00772913549171007   -0.0654117918905938   0
0.0786859010501093   0.436122090372997   0.00795111732451292   -0.00890438086277417   0
0.0786859010501093   0.436122090372997   0.00795111732451292   -0.00890438086277417   0
0.0797837165865943   0.403235811408861   0.00109781553648494   -0.0328862789641359   0
0.0797837165865943   0.403235811408861   0.00109781553648494   -0.0328862789641359   0
0.0926498107290565   0.388711654861611   0.0128660941424622   -0.0145241565472496   0
0.0926498107290565   0.388711654861611   0.0128660941424622   -0.0145241565472496   0
0.0772420624717517   0.375248284729271   -0.0154077482573048   -0.0134633701323404   0
0.0772420624717517   0.375248284729271   -0.0154077482573048   -0.0134633701323404   0
0.0840805112618257   0.410784515447868   0.00683844879007396   0.0355362307185974   0
0.0840805112618257   0.410784515447868   0.00683844879007396   0.0355362307185974   0
0.115229267286875   0.391556698049851   0.0311487560250489   -0.0192278173980169   0
0.115229267286875   0.391556698049851   0.0311487560250489   -0.0192278173980169   0
0.128372195432383   0.423494299276357   0.0131429281455086   0.0319376012265055   0
0.128372195432383   0.423494299276357   0.0131429281455086   0.0319376012265055   0
0.137918689292786   0.416483547964014   0.00954649386040257   -0.00701075131234324   0
0.137918689292786   0.416483547964014   0.00954649386040257   -0.00701075131234324   0
0.176052620084138   0.375717207458698   0.0381339307913526   -0.0407663405053154   0
0.176052620084138   0.375717207458698   0.0381339307913526   -0.0407663405053154   0
0.152980069401017   0.421979590029272   -0.0230725506831214   0.0462623825705738   0
0.152980069401017   0.421979590029272   -0.0230725506831214   0.0462623825705738   0
0.178692109068672   0.405146501837635   0.0257120396676545   -0.0168330881916374   0
0.178692109068672   0.405146501837635   0.0257120396676545   -0.0168330881916374   0
0.170759344438306   0.407893876672625   -0.0079327646303656   0.00274737483499027   0
0.170759344438306   0.407893876672625   -0.0079327646303656   0.00274737483499027   0
0.180505742139274   0.393901931587702   0.00974639770096786   -0.0139919450849231   0
0.180505742139274   0.393901931587702   0.00974639770096786   -0.0139919450849231   0
0.197621561622208   0.36415094647999   0.0171158194829338   -0.0297509851077118   0
0.197621561622208   0.36415094647999   0.0171158194829338   -0.0297509851077118   0
0.186258377426252   0.370096372644464   -0.0113631841959559   0.00594542616447408   0
0.186258377426252   0.370096372644464   -0.0113631841959559   0.00594542616447408   0
0.175136095223971   0.377367805290144   -0.0111222822022802   0.00727143264567992   0
0.175136095223971   0.377367805290144   -0.0111222822022802   0.00727143264567992   0
0.198454945015235   0.322964078661703   0.0233188497912637   -0.0544037266284412   0
0.198454945015235   0.322964078661703   0.0233188497912637   -0.0544037266284412   0
0.20822997847092   0.336655391286787   0.00977503345568534   0.0136913126250847   0
0.20822997847092   0.336655391286787   0.00977503345568534   0.0136913126250847   0
0.198329585538038   0.356718480775895   -0.00990039293288228   0.0200630894891074   0
0.198329585538038   0.356718480775895   -0.00990039293288228   0.0200630894891074   0
0.195342066066785   0.343192831981996   -0.0029875194712537   -0.0135256487938989   0
0.195342066066785   0.343192831981996   -0.0029875194712537   -0.0135256487938989   0
0.193062769612113   0.36416544796819   -0.00227929645467106   0.020972615986194   0
0.193062769612113   0.36416544796819   -0.00227929645467106   0.020972615986194   0
0.212078882218386   0.369510851125447   0.0190161126062725   0.00534540315725734   0
0.212078882218386   0.369510851125447   0.0190161126062725   0.00534540315725734   0
0.212592485871444   0.385858877386979   0.000513603653057804   0.0163480262615321   0
0.212592485871444   0.385858877386979   0.000513603653057804   0.0163480262615321   0
0.199708003335795   0.382283363892444   -0.0128844825356485   -0.00357551349453578   0
0.199708003335795   0.382283363892444   -0.0128844825356485   -0.00357551349453578   0
0.192295876824492   0.385237231094066   -0.00741212651130368   0.002953867201622   0
0.192295876824492   0.385237231094066   -0.00741212651130368   0.002953867201622   0
0.196749375255984   0.388943513733897   0.00445349843149245   0.00370628263983147   0
0.196749375255984   0.388943513733897   0.00445349843149245   0.00370628263983147   0
0.201187534930224   0.408045241692225   0.0044381596742398   0.0191017279583277   0
0.201187534930224   0.408045241692225   0.0044381596742398   0.0191017279583277   0
0.196398722604731   0.390002581547237   -0.00478881232549294   -0.0180426601449877   0
0.196398722604731   0.390002581547237   -0.00478881232549294   -0.0180426601449877   0
0.186689055974741   0.373027842253192   -0.00970966662998976   -0.0169747392940449   0
0.186689055974741   0.373027842253192   -0.00970966662998976   -0.0169747392940449   0
0.185004759995898   0.401443759537237   -0.00168429597884256   0.0284159172840444   0
0.185004759995898   0.401443759537237   -0.00168429597884256   0.0284159172840444   0
0.193141949671116   0.378198667252547   0.00813718967521776   -0.02324509228469   0
0.193141949671116   0.378198667252547   0.00813718967521776   -0.02324509228469   0
0.194236196984548   0.377640487652175   0.00109424731343138   -0.000558179600371633   0
0.194236196984548   0.377640487652175   0.00109424731343138   -0.000558179600371633   0
0.190844838309764   0.409411302220591   -0.00339135867478357   0.031770814568416   0
0.190844838309764   0.409411302220591   -0.00339135867478357   0.031770814568416   0
0.190424039784634   0.417872053856922   -0.000420798525129745   0.00846075163633137   0
0.190424039784634   0.417872053856922   -0.000420798525129745   0.00846075163633137   0
0.202922767342652   0.365382301070399   0.0124987275580175   -0.0524897527865228   0
0.202922767342652   0.365382301070399   0.0124987275580175   -0.0524897527865228   0
0.184108550275347   0.350187332305924   -0.0188142170673048   -0.015194968764475   0
0.184108550275347   0.350187332305924   -0.0188142170673048   -0.015194968764475   0
0.198186373758238   0.354016100470078   0.0140778234828909   0.00382876816415306   0
0.198186373758238   0.354016100470078   0.0140778234828909   0.00382876816415306   0
0.201858376262765   0.344869237345418   0.00367200250452696   -0.00914686312465984   0
0.201858376262765   0.344869237345418   0.00367200250452696   -0.00914686312465984   0
0.17834946717187   0.324161660850343   -0.0235089090908948   -0.0207075764950752   0
0.17834946717187   0.324161660850343   -0.0235089090908948   -0.0207075764950752   0
0.178829167059068   0.347298381419623   0.000479699887197649   0.0231367205692806   0
0.178829167059068   0.347298381419623   0.000479699887197649   0.0231367205692806   0
0.207723846770273   0.327850752116096   0.0288946797112055   -0.0194476293035268   0
0.207723846770273   0.327850752116096   0.0288946797112055   -0.0194476293035268   0
0.193846082118159   0.297326672079638   -0.0138777646521144   -0.0305240800364585   0
0.193846082118159   0.297326672079638   -0.0138777646521144   -0.0305240800364585   0
0.181039234015282   0.316316531641345   -0.012806848102877   0.0189898595617072   0
0.181039234015282   0.316316531641345   -0.012806848102877   0.0189898595617072   0
0.188866430672473   0.317393677749432   0.00782719665719095   0.00107714610808657   0
0.188866430672473   0.317393677749432   0.00782719665719095   0.00107714610808657   0
0.207376388379319   0.309002316454909   0.0185099577068458   -0.00839136129452211   0
0.207376388379319   0.309002316454909   0.0185099577068458   -0.00839136129452211   0
0.197359529011117   0.327829803228554   -0.0100168593682015   0.0188274867736447   0
0.197359529011117   0.327829803228554   -0.0100168593682015   0.0188274867736447   0
0.175279867398455   0.32684416805412   -0.022079661612662   -0.000985635174433841   0
0.175279867398455   0.32684416805412   -0.022079661612662   -0.000985635174433841   0
0.147303112324553   0.324282108689722   -0.0279767550739017   -0.00256205936439852   0
0.147303112324553   0.324282108689722   -0.0279767550739017   -0.00256205936439852   0
0.14778812323421   0.328655401652708   0.000485010909656414   0.00437329296298578   0
0.14778812323421   0.328655401652708   0.000485010909656414   0.00437329296298578   0
0.158283430252885   0.344784585740593   0.0104953070186755   0.0161291840878858   0
0.158283430252885   0.344784585740593   0.0104953070186755   0.0161291840878858   0
0.173248322501835   0.326711049676855   0.0149648922489502   -0.0180735360637382   0
0.173248322501835   0.326711049676855   0.0149648922489502   -0.0180735360637382   0
0.178235708556535   0.313466533133826   0.00498738605469926   -0.0132445165430292   0
0.178235708556535   0.313466533133826   0.00498738605469926   -0.0132445165430292   0
0.175489262786816   0.336728703689261   -0.00274644576971925   0.0232621705554349   0
0.175489262786816   0.336728703689261   -0.00274644576971925   0.0232621705554349   0
0.20190233502622   0.334333933549094   0.0264130722394045   -0.00239477014016681   0
0.20190233502622   0.334333933549094   0.0264130722394045   -0.00239477014016681   0
0.217214367565523   0.316080292341693   0.0153120325393026   -0.0182536412074012   0
0.217214367565523   0.316080292341693   0.0153120325393026   -0.0182536412074012   0
0.210081843154638   0.319640598320712   -0.00713252441088452   0.00356030597901874   0
0.210081843154638   0.319640598320712   -0.00713252441088452   0.00356030597901874   0
0.216329981089076   0.344025001131971   0.00624813793443788   0.0243844028112592   0
0.216329981089076   0.344025001131971   0.00624813793443788   0.0243844028112592   0
0.228614076417901   0.338568646610067   0.0122840953288252   -0.00545635452190363   0
0.228614076417901   0.338568646610067   0.0122840953288252   -0.00545635452190363   0
0.217246841778218   0.365052400724964   -0.0113672346396835   0.0264837541148972   0
0.217246841778218   0.365052400724964   -0.0113672346396835   0.0264837541148972   0
0.234088162624277   0.351304399420375   0.0168413208460593   -0.0137480013045899   0
0.234088162624277   0.351304399420375   0.0168413208460593   -0.0137480013045899   0
0.253464207060879   0.38089262214681   0.0193760444366016   0.0295882227264355   0
0.253464207060879   0.38089262214681   0.0193760444366016   0.0295882227264355   0
0.253804062631413   0.366446927637281   0.000339855570533898   -0.0144456945095292   0
0.253804062631413   0.366446927637281   0.000339855570533898   -0.0144456945095292   0
0.24871450985417   0.366560552632512   -0.00508955277724268   0.000113624995231043   0
0.24871450985417   0.366560552632512   -0.00508955277724268   0.000113624995231043   0
0.24106531608925   0.335128302843855   -0.00764919376491993   -0.0314322497886571   0
0.24106531608925   0.335128302843855   -0.00764919376491993   -0.0314322497886571   0
0.240196149170298   0.340749160739909   -0.000869166918952058   0.00562085789605438   0
0.240196149170298   0.340749160739909   -0.000869166918952058   0.00562085789605438   0
0.248075830977627   0.340687417182705   0.00787968180732876   -6.17435572041747e-05   0
0.248075830977627   0.340687417182705   0.00787968180732876   -6.17435572041747e-05   0
0.271955639766856   0.331321485729933   0.0238798087892294   -0.00936593145277226   0
0.271955639766856   0.331321485729933   0.0238798087892294   -0.00936593145277226   0
0.252792778040117   0.341540214882249   -0.0191628617267388   0.0102187291523158   0
0.252792778040117   0.341540214882249   -0.0191628617267388   0.0102187291523158   0
0.23786029318228   0.375364203696853   -0.0149324848578377   0.0338239888146044   0
0.23786029318228   0.375364203696853   -0.0149324848578377   0.0338239888146044   0
0.243212767755807   0.376403199346329   0.00535247457352719   0.00103899564947635   0
0.243212767755807   0.376403199346329   0.00535247457352719   0.00103899564947635   0
0.235317763431089   0.353035864953906   -0.00789500432471768   -0.0233673343924233   0
0.235317763431089   0.353035864953906   -0.00789500432471768   -0.0233673343924233   0
0.210660120618498   0.327983292544853   -0.0246576428125914   -0.0250525724090531   0
0.210660120618498   0.327983292544853   -0.0246576428125914   -0.0250525724090531   0
0.213384025719921   0.340430085508479   0.00272390510142351   0.0124467929636258   0
0.213384025719921   0.340430085508479   0.00272390510142351   0.0124467929636258   0
0.212158073319895   0.334485909098429   -0.00122595240002604   -0.00594417641004963   0
0.212158073319895   0.334485909098429   -0.00122595240002604   -0.00594417641004963   0
0.206164461601048   0.314771996174787   -0.00599361171884713   -0.0197139129236422   0
0.206164461601048   0.314771996174787   -0.00599361171884713   -0.0197139129236422   0
0.210366534013944   0.289322323311147   0.00420207241289633   -0.0254496728636396   0
0.210366534013944   0.289322323311147   0.00420207241289633   -0.0254496728636396   0
0.20749175399143   0.327204849416829   -0.00287478002251459   0.0378825261056822   0
0.20749175399143   0.327204849416829   -0.00287478002251459   0.0378825261056822   0
0.23966273292692   0.360650957539974   0.0321709789354899   0.0334461081231445   0
0.23966273292692   0.360650957539974   0.0321709789354899   0.0334461081231445   0
0.248421074265047   0.344257296233606   0.00875834133812736   -0.0163936613063682   0
0.248421074265047   0.344257296233606   0.00875834133812736   -0.0163936613063682   0
0.253413016178254   0.354480579996144   0.00499194191320695   0.0102232837625382   0
0.253413016178254   0.354480579996144   0.00499194191320695   0.0102232837625382   0
0.271378647463281   0.360549117727325   0.0179656312850275   0.00606853773118116   0
0.271378647463281   0.360549117727325   0.0179656312850275   0.00606853773118116   0
0.28684947763592   0.336641736379526   0.0154708301726383   -0.0239073813477987   0
0.28684947763592   0.336641736379526   0.0154708301726383   -0.0239073813477987   0
0.282925019469824   0.341415032345974   -0.00392445816609621   0.00477329596644765   0
0.282925019469824   0.341415032345974   -0.00392445816609621   0.00477329596644765   0
0.258265573278922   0.315339446925452   -0.0246594461909019   -0.0260755854205219   0
0.258265573278922   0.315339446925452   -0.0246594461909019   -0.0260755854205219   0
0.301822084180399   0.282837377010935   0.0435565109014777   -0.0325020699145166   0
0.301822084180399   0.282837377010935   0.0435565109014777   -0.0325020699145166   0
0.25251853618695   0.315198967839558   -0.0493035479934492   0.0323615908286222   0
0.25251853618695   0.315198967839558   -0.0493035479934492   0.0323615908286222   0
0.271010957494342   0.328871112804606   0.0184924213073918   0.0136721449650485   0
0.271010957494342   0.328871112804606   0.0184924213073918   0.0136721449650485   0
0.29228102128089   0.322654266524639   0.021270063786548   -0.00621684627996683   0
0.29228102128089   0.322654266524639   0.021270063786548   -0.00621684627996683   0
0.270906893011234   0.324257083668117   -0.0213741282696562   0.0016028171434776   0
0.270906893011234   0.324257083668117   -0.0213741282696562   0.0016028171434776   0
0.2612696972364   0.331354275742264   -0.00963719577483391   0.00709719207414716   0
0.2612696972364   0.331354275742264   -0.00963719577483391   0.00709719207414716   0
0.265632833365908   0.324903722325378   0.00436313612950778   -0.0064505534168865   0
0.265632833365908   0.324903722325378   0.00436313612950778   -0.0064505534168865   0
0.271493183756057   0.333772890521369   0.0058603503901492   0.0088691681959911   0
0.271493183756057   0.333772890521369   0.0058603503901492   0.0088691681959911   0
0.27731095790466   0.34641351390507   0.00581777414860313   0.0126406233837018   0
0.27731095790466   0.34641351390507   0.00581777414860313   0.0126406233837018   0
0.286007720920258   0.325299926148372   0.0086967630155978   -0.0211135877566987   0
0.286007720920258   0.325299926148372   0.0086967630155978   -0.0211135877566987   0
0.269581092727216   0.327310615128443   -0.0164266281930414   0.00201068898007162   0
0.269581092727216   0.327310615128443   -0.0164266281930414   0.00201068898007162   0
0.281662307222674   0.343754768288252   0.0120812144954577   0.016444153159809   0
0.281662307222674   0.343754768288252   0.0120812144954577   0.016444153159809   0
0.277507444370417   0.338710615160253   -0.00415486285225719   -0.00504415312799927   0
0.277507444370417   0.338710615160253   -0.00415486285225719   -0.00504415312799927   0
0.263417442222416   0.351460619583919   -0.0140900021480006   0.0127500044236663   0
0.263417442222416   0.351460619583919   -0.0140900021480006   0.0127500044236663   0
0.38977471216717   0.417070916593273   0.126357269944753   0.0656102970093532   0
0.38977471216717   0.417070916593273   0.126357269944753   0.0656102970093532   0
0.358966344503214   0.389992599440762   -0.0308083676639559   -0.0270783171525107   0
0.358966344503214   0.389992599440762   -0.0308083676639559   -0.0270783171525107   0
0.340128764480454   0.354671707592035   -0.0188375800227601   -0.0353208918487269   0
0.340128764480454   0.354671707592035   -0.0188375800227601   -0.0353208918487269   0
0.349155776596922   0.321097927819053   0.00902701211646867   -0.0335737797729816   0
0.349155776596922   0.321097927819053   0.00902701211646867   -0.0335737797729816   0
0.324935480923521   0.338025078075858   -0.0242202956734013   0.0169271502568048   0
0.324935480923521   0.338025078075858   -0.0242202956734013   0.0169271502568048   0
0.330050386048858   0.32679560273922   0.00511490512533658   -0.0112294753366383   0
0.330050386048858   0.32679560273922   0.00511490512533658   -0.0112294753366383   0
0.355046516649579   0.331298689497484   0.0249961306007216   0.00450308675826366   0
0.355046516649579   0.331298689497484   0.0249961306007216   0.00450308675826366   0
0.342072067409778   0.31808329103554   -0.0129744492398009   -0.0132153984619436   0
0.342072067409778   0.31808329103554   -0.0129744492398009   -0.0132153984619436   0
0.333978938997656   0.314592445848196   -0.00809312841212245   -0.00349084518734416   0
0.333978938997656   0.314592445848196   -0.00809312841212245   -0.00349084518734416   0
0.354167639083528   0.307526534496212   0.0201887000858718   -0.00706591135198353   0
0.354167639083528   0.307526534496212   0.0201887000858718   -0.00706591135198353   0
0.334325416112805   0.339408976308082   -0.0198422229707231   0.0318824418118695   0
0.334325416112805   0.339408976308082   -0.0198422229707231   0.0318824418118695   0
0.336930937766184   0.338922786989898   0.00260552165337907   -0.000486189318183394   0
0.336930937766184   0.338922786989898   0.00260552165337907   -0.000486189318183394   0
0.340991308170751   0.334374045569105   0.00406037040456708   -0.0045487414207932   0
0.340991308170751   0.334374045569105   0.00406037040456708   -0.0045487414207932   0
0.338073052422106   0.323216761911028   -0.0029182557486449   -0.0111572836580773   0
0.338073052422106   0.323216761911028   -0.0029182557486449   -0.0111572836580773   0
0.368480989253177   0.334996456115957   0.0304079368310711   0.0117796942049287   0
0.368480989253177   0.334996456115957   0.0304079368310711   0.0117796942049287   0
0.3629261635457   0.325863635578212   -0.00555482570747734   -0.00913282053774411   0
0.3629261635457   0.325863635578212   -0.00555482570747734   -0.00913282053774411   0
0.427729496280067   0.31869001681336   0.0648033327343674   -0.00717361876485195   0
0.427729496280067   0.31869001681336   0.0648033327343674   -0.00717361876485195   0
0.482662408936101   0.342024832896955   0.0549329126560338   0.0233348160835946   0
0.482662408936101   0.342024832896955   0.0549329126560338   0.0233348160835946   0
0.475309695888901   0.33907316486785   -0.00735271304719948   -0.00295166802910529   0
0.475309695888901   0.33907316486785   -0.00735271304719948   -0.00295166802910529   0
0.350182322860535   0.274477697665407   -0.125127373028366   -0.0645954672024429   0
0.350182322860535   0.274477697665407   -0.125127373028366   -0.0645954672024429   0
0.385773254137712   0.28602955648034   0.0355909312771773   0.0115518588149331   0
0.385773254137712   0.28602955648034   0.0355909312771773   0.0115518588149331   0
0.42723635714438   0.303653232042308   0.0414631030066674   0.0176236755619684   0
0.42723635714438   0.303653232042308   0.0414631030066674   0.0176236755619684   0
0.433655253274995   0.308209772193388   0.00641889613061514   0.00455654015107931   0
0.433655253274995   0.308209772193388   0.00641889613061514   0.00455654015107931   0
0.443633030286294   0.339810751608156   0.00997777701129926   0.0316009794147684   0
0.443633030286294   0.339810751608156   0.00997777701129926   0.0316009794147684   0
0.434560009227724   0.347191115643099   -0.00907302105856972   0.00738036403494319   0
0.434560009227724   0.347191115643099   -0.00907302105856972   0.00738036403494319   0
0.414960601355117   0.343709559192191   -0.0195994078726078   -0.00348155645090864   0
0.414960601355117   0.343709559192191   -0.0195994078726078   -0.00348155645090864   0
0.412265852746744   0.367199590507754   -0.0026947486083726   0.0234900313155637   0
0.412265852746744   0.367199590507754   -0.0026947486083726   0.0234900313155637   0
0.425102996109178   0.364907306023122   0.0128371433624342   -0.0022922844846322   0
0.425102996109178   0.364907306023122   0.0128371433624342   -0.0022922844846322   0
0.413364912372833   0.358077033344307   -0.0117380837363451   -0.00683027267881503   0
0.413364912372833   0.358077033344307   -0.0117380837363451   -0.00683027267881503   0
0.403783584282472   0.366610170339354   -0.00958132809036133   0.00853313699504665   0
0.403783584282472   0.366610170339354   -0.00958132809036133   0.00853313699504665   0
0.410219518158266   0.371085935741511   0.00643593387579422   0.00447576540215683   0
0.410219518158266   0.371085935741511   0.00643593387579422   0.00447576540215683   0
0.41923096873442   0.355706152941318   0.00901145057615371   -0.0153797828001923   0
0.41923096873442   0.355706152941318   0.00901145057615371   -0.0153797828001923   0
0.424720114863895   0.372654313608806   0.0054891461294751   0.0169481606674872   0
0.424720114863895   0.372654313608806   0.0054891461294751   0.0169481606674872   0
0.391149684321744   0.36398948920848   -0.0335704305421508   -0.00866482440032573   0
0.391149684321744   0.36398948920848   -0.0335704305421508   -0.00866482440032573   0
0.409496490569822   0.355011661535928   0.0183468062480776   -0.00897782767255223   0
0.409496490569822   0.355011661535928   0.0183468062480776   -0.00897782767255223   0
0.41976702415864   0.340412773243382   0.0102705335888181   -0.0145988882925459   0
0.41976702415864   0.340412773243382   0.0102705335888181   -0.0145988882925459   0
0.396021376703329   0.347707887749904   -0.0237456474553107   0.00729511450652248   0
0.396021376703329   0.347707887749904   -0.0237456474553107   0.00729511450652248   0
0.426498047856025   0.360344207566529   0.0304766711526957   0.0126363198166252   0
0.426498047856025   0.360344207566529   0.0304766711526957   0.0126363198166252   0
0.453760421713926   0.333726070024878   0.0272623738579013   -0.026618137541651   0
0.453760421713926   0.333726070024878   0.0272623738579013   -0.026618137541651   0
0.414644171861851   0.299307338378965   -0.0391162498520753   -0.0344187316459137   0
0.414644171861851   0.299307338378965   -0.0391162498520753   -0.0344187316459137   0
0.440350139035972   0.328925920050777   0.0257059671741214   0.0296185816718121   0
0.440350139035972   0.328925920050777   0.0257059671741214   0.0296185816718121   0
0.43454802272131   0.32259232481919   -0.00580211631466232   -0.00633359523158644   0
0.43454802272131   0.32259232481919   -0.00580211631466232   -0.00633359523158644   0
0.431862676591761   0.311580280506084   -0.00268534612954879   -0.0110120443131063   0
0.431862676591761   0.311580280506084   -0.00268534612954879   -0.0110120443131063   0
0.321568876754266   0.316756022722537   -0.110293799837495   0.00517574221645245   0
0.321568876754266   0.316756022722537   -0.110293799837495   0.00517574221645245   0
0.392374598798138   0.396780964158123   0.0708057220438728   0.0800249414355869   0
0.392374598798138   0.396780964158123   0.0708057220438728   0.0800249414355869   0
0.403398975166026   0.387866363653772   0.0110243763678877   -0.00891460050435161   0
0.403398975166026   0.387866363653772   0.0110243763678877   -0.00891460050435161   0
0.409441879151364   0.397066919758496   0.0060429039853378   0.00920055610472431   0
0.409441879151364   0.397066919758496   0.0060429039853378   0.00920055610472431   0
0.418369600412124   0.379725375703942   0.00892772126075986   -0.017341544054554   0
0.418369600412124   0.379725375703942   0.00892772126075986   -0.017341544054554   0
0.448044444689363   0.417051411834321   0.0296748442772398   0.0373260361303784   0
0.448044444689363   0.417051411834321   0.0296748442772398   0.0373260361303784   0
0.443689550886653   0.42245252178233   -0.00435489380271031   0.00540110994800946   0
0.443689550886653   0.42245252178233   -0.00435489380271031   0.00540110994800946   0
0.380357946657211   0.415083057003354   -0.0633316042294419   -0.00736946477897554   0
0.380357946657211   0.415083057003354   -0.0633316042294419   -0.00736946477897554   0
0.41209400969439   0.416361936104275   0.0317360630371787   0.00127887910092012   0
0.41209400969439   0.416361936104275   0.0317360630371787   0.00127887910092012   0
0.414218896389337   0.414144606207783   0.00212488669494665   -0.00221732989649115   0
0.414218896389337   0.414144606207783   0.00212488669494665   -0.00221732989649115   0
0.413978985691303   0.409298310059118   -0.000239910698033696   -0.00484629614866527   0
0.413978985691303   0.409298310059118   -0.000239910698033696   -0.00484629614866527   0
0.431107025228075   0.397428531850067   0.0171280395367719   -0.0118697782090508   0
0.431107025228075   0.397428531850067   0.0171280395367719   -0.0118697782090508   0
0.423152693113254   0.375155776251013   -0.00795433211482049   -0.0222727555990546   0
0.423152693113254   0.375155776251013   -0.00795433211482049   -0.0222727555990546   0
0.41837610846223   0.381528927151664   -0.00477658465102393   0.0063731509006516   0
0.41837610846223   0.381528927151664   -0.00477658465102393   0.0063731509006516   0
0.427244947328813   0.399686941504535   0.0088688388665823   0.0181580143528711   0
0.427244947328813   0.399686941504535   0.0088688388665823   0.0181580143528711   0
0.429647731793152   0.395412945922993   0.00240278446433895   -0.00427399558154223   0
0.429647731793152   0.395412945922993   0.00240278446433895   -0.00427399558154223   0
0.406691706530881   0.396020896325244   -0.022956025262271   0.000607950402251145   0
0.406691706530881   0.396020896325244   -0.022956025262271   0.000607950402251145   0
0.400175213009252   0.394621986226693   -0.00651649352162892   -0.00139891009855175   0
0.400175213009252   0.394621986226693   -0.00651649352162892   -0.00139891009855175   0
0.412996438052436   0.425403589374549   0.0128212250431846   0.0307816031478564   0
0.412996438052436   0.425403589374549   0.0128212250431846   0.0307816031478564   0
0.410262141409611   0.400710397745367   -0.00273429664282498   -0.0246931916291824   0
0.410262141409611   0.400710397745367   -0.00273429664282498   -0.0246931916291824   0
0.322628214500855   0.313417405124141   -0.0876339269087559   -0.0872929926212256   0
0.322628214500855   0.313417405124141   -0.0876339269087559   -0.0872929926212256   0
0.33283951251773   0.33986906374404   0.0102112980168743   0.0264516586198985   0
0.33283951251773   0.33986906374404   0.0102112980168743   0.0264516586198985   0
0.366464387853499   0.356205228609154   0.0336248753357695   0.0163361648651149   0
0.366464387853499   0.356205228609154   0.0336248753357695   0.0163361648651149   0
0.390412060470729   0.375627390359449   0.0239476726172295   0.0194221617502947   0
0.390412060470729   0.375627390359449   0.0239476726172295   0.0194221617502947   0
0.412805198748756   0.366397492367579   0.0223931382780272   -0.00922989799187035   0
0.412805198748756   0.366397492367579   0.0223931382780272   -0.00922989799187035   0
0.410338543614903   0.357200325708488   -0.00246665513385264   -0.00919716665909071   0
0.410338543614903   0.357200325708488   -0.00246665513385264   -0.00919716665909071   0
0.419599669488669   0.369336709778489   0.00926112587376526   0.0121363840700012   0
0.419599669488669   0.369336709778489   0.00926112587376526   0.0121363840700012   0
0.445849409713639   0.356658112260187   0.02624974022497   -0.0126785975183025   0
0.445849409713639   0.356658112260187   0.02624974022497   -0.0126785975183025   0
0.44538832739981   0.350375309473998   -0.00046108231382902   -0.00628280278618865   0
0.44538832739981   0.350375309473998   -0.00046108231382902   -0.00628280278618865   0
0.440178740953036   0.350251352483113   -0.00520958644677361   -0.000123956990884966   0
0.440178740953036   0.350251352483113   -0.00520958644677361   -0.000123956990884966   0
0.439652902355938   0.339655757604667   -0.000525838597097983   -0.0105955948784467   0
0.439652902355938   0.339655757604667   -0.000525838597097983   -0.0105955948784467   0
0.43703819795757   0.341340001141457   -0.0026147043983682   0.00168424353679064   0
0.43703819795757   0.341340001141457   -0.0026147043983682   0.00168424353679064   0
0.44306000990385   0.345202744930063   0.00602181194628054   0.00386274378860563   0
0.44306000990385   0.345202744930063   0.00602181194628054   0.00386274378860563   0
0.432831369027246   0.345111723154256   -0.0102286408766044   -9.10217758065546e-05   0
0.432831369027246   0.345111723154256   -0.0102286408766044   -9.10217758065546e-05   0
0.435395295773852   0.31729788728035   0.00256392674660594   -0.0278138358739066   0
0.435395295773852   0.31729788728035   0.00256392674660594   -0.0278138358739066   0
0.438657171896231   0.315114916333554   0.00326187612237955   -0.00218297094679604   0
0.438657171896231   0.315114916333554   0.00326187612237955   -0.00218297094679604   0
0.426799379547347   0.31194773684581   -0.011857792348885   -0.00316717948774398   0
0.426799379547347   0.31194773684581   -0.011857792348885   -0.00316717948774398   0
0.435420917501674   0.312992593667965   0.00862153795432796   0.00104485682215555   0
0.435420917501674   0.312992593667965   0.00862153795432796   0.00104485682215555   0
0.446951551335265   0.313140037700787   0.0115306338335905   0.000147444032821298   0
0.446951551335265   0.313140037700787   0.0115306338335905   0.000147444032821298   0
0.448598021823548   0.330486336887019   0.00164647048828248   0.0173462991862322   0
0.448598021823548   0.330486336887019   0.00164647048828248   0.0173462991862322   0
0.480031313840045   0.352597195830033   0.0314332920164977   0.0221108589430142   0
0.480031313840045   0.352597195830033   0.0314332920164977   0.0221108589430142   0
