0.0825899941529239   0.0923148514571328   0   0   0
0.0825899941529239   0.0923148514571328   -0.564746467740735   -0.439794486668266   0
0.084241548070118   0.0690650118327109   0.00165155391719413   -0.0232498396244219   0
0.084241548070118   0.0690650118327109   0.00165155391719413   -0.0232498396244219   0
0.077266623238045   0.0784170680454938   -0.00697492483207297   0.00935205621278283   0
0.077266623238045   0.0784170680454938   -0.00697492483207297   0.00935205621278283   0
0.0903857942611006   0.0894964026623223   0.0131191710230555   0.0110793346168285   0
0.0903857942611006   0.0894964026623223   0.0131191710230555   0.0110793346168285   0
0.0600848653137377   0.106192345876068   -0.0303009289473629   0.0166959432137459   0
0.0600848653137377   0.106192345876068   -0.0303009289473629   0.0166959432137459   0
0.109548479394185   0.113452632362464   0.049463614080447   0.00726028648639616   0
0.109548479394185   0.113452632362464   0.049463614080447   0.00726028648639616   0
0.0694007545793531   0.132485445356169   -0.0401477248148316   0.0190328129937048   0
0.0694007545793531   0.132485445356169   -0.0401477248148316   0.0190328129937048   0
0.119331890125817   0.0998525144461696   0.0499311355464636   -0.0326329309099996   0
0.119331890125817   0.0998525144461696   0.0499311355464636   -0.0326329309099996   0
0.0793880675558361   0.106932929508279   -0.0399438225699806   0.00708041506210912   0
0.0793880675558361   0.106932929508279   -0.0399438225699806   0.00708041506210912   0
0.0743239513257765   0.0919759227067742   -0.00506411623005962   -0.0149570068015045   0
0.0743239513257765   0.0919759227067742   -0.00506411623005962   -0.0149570068015045   0
0.0565116332346712   0.0882646652235905   -0.0178123180911053   -0.00371125748318371   0
0.0565116332346712   0.0882646652235905   -0.0178123180911053   -0.00371125748318371   0
0.0870000881205876   0.0929162081310495   0.0304884548859163   0.00465154290745899   0
0.0870000881205876   0.0929162081310495   0.0304884548859163   0.00465154290745899   0
0.0674493513893944   0.0883618593863608   -0.0195507367311932   -0.00455434874468866   0
0.0674493513893944   0.0883618593863608   -0.0195507367311932   -0.00455434874468866   0
0.0604773525744968   0.0761882793380977   -0.00697199881489755   -0.0121735800482631   0
0.0604773525744968   0.0761882793380977   -0.00697199881489755   -0.0121735800482631   0
0.0727246294493138   0.0662867599394102   0.0122472768748169   -0.00990151939868747   0
0.0727246294493138   0.0662867599394102   0.0122472768748169   -0.00990151939868747   0
0.0751848531709014   0.0772073637505679   0.00246022372158759   0.0109206038111576   0
0.0751848531709014   0.0772073637505679   0.00246022372158759   0.0109206038111576   0
0.0672580982535932   0.0688054892674633   -0.00792675491730815   -0.0084018744831046   0
0.0672580982535932   0.0688054892674633   -0.00792675491730815   -0.0084018744831046   0
0.0794877233566291   0.0834515163575925   0.0122296251030359   0.0146460270901292   0
0.0794877233566291   0.0834515163575925   0.0122296251030359   0.0146460270901292   0
0.0745571583070331   0.0307298186299968   -0.00493056504959595   -0.0527216977275956   0
0.0745571583070331   0.0307298186299968   -0.00493056504959595   -0.0527216977275956   0
0.0634231478394127   0.0300861720544921   -0.0111340104676205   -0.000643646575504749   0
0.0634231478394127   0.0300861720544921   -0.0111340104676205   -0.000643646575504749   0
0.0537050854002673   0.0266170340044679   -0.00971806243914543   -0.00346913805002419   0
0.0537050854002673   0.0266170340044679   -0.00971806243914543   -0.00346913805002419   0
0.0548142587290023   0.0420108567053208   0.00110917332873499   0.0153938227008529   0
0.0548142587290023   0.0420108567053208   0.00110917332873499   0.0153938227008529   0
0.088620820274809   0.0376217798662557   0.0338065615458067   -0.00438907683906516   0
0.088620820274809   0.0376217798662557   0.0338065615458067   -0.00438907683906516   0
0.0469904693049559   0.0648898249783624   -0.0416303509698531   0.0272680451121067   0
0.0469904693049559   0.0648898249783624   -0.0416303509698531   0.0272680451121067   0
0.0747748144154167   0.0378570917046004   0.0277843451104608   -0.027032733273762   0
0.0747748144154167   0.0378570917046004   0.0277843451104608   -0.027032733273762   0
0.0709272425818881   0.0615691162929922   -0.00384757183352856   0.0237120245883918   0
0.0709272425818881   0.0615691162929922   -0.00384757183352856   0.0237120245883918   0
0.0670714860310997   0.0873123839825285   -0.0038557565507884   0.0257432676895363   0
0.0670714860310997   0.0873123839825285   -0.0038557565507884   0.0257432676895363   0
0.078727400676067   0.0730010278414284   0.0116559146449673   -0.0143113561411001   0
0.078727400676067   0.0730010278414284   0.0116559146449673   -0.0143113561411001   0
0.0766873797964176   0.0628065463566498   -0.00204002087964943   -0.0101944814847786   0
0.0766873797964176   0.0628065463566498   -0.00204002087964943   -0.0101944814847786   0
0.0783529059012491   0.0621481829762947   0.00166552610483152   -0.000658363380355124   0
0.0783529059012491   0.0621481829762947   0.00166552610483152   -0.000658363380355124   0
0.0823413274462466   0.0430483410741924   0.00398842154499746   -0.0190998419021023   0
0.0823413274462466   0.0430483410741924   0.00398842154499746   -0.0190998419021023   0
0.0850113284659168   0.0594019935726487   0.00267000101967023   0.0163536524984563   0
0.0850113284659168   0.0594019935726487   0.00267000101967023   0.0163536524984563   0
0.0848030060915885   0.0422384196030403   -0.000208322374328315   -0.0171635739696084   0
0.0848030060915885   0.0422384196030403   -0.000208322374328315   -0.0171635739696084   0
0.0975208340947718   0.0766389517785088   0.0127178280031833   0.0344005321754685   0
0.0975208340947718   0.0766389517785088   0.0127178280031833   0.0344005321754685   0
0.0923578218872663   0.0685619005897226   -0.00516301220750549   -0.00807705118878625   0
0.0923578218872663   0.0685619005897226   -0.00516301220750549   -0.00807705118878625   0
0.069094481839652   0.0723661458190223   -0.0232633400476143   0.00380424522929974   0
0.069094481839652   0.0723661458190223   -0.0232633400476143   0.00380424522929974   0
0.0905755077928708   0.0746796403019759   0.0214810259532188   0.00231349448295355   0
0.0905755077928708   0.0746796403019759   0.0214810259532188   0.00231349448295355   0
0.0850125565121888   0.0740770786426712   -0.00556295128068197   -0.000602561659304626   0
0.0850125565121888   0.0740770786426712   -0.00556295128068197   -0.000602561659304626   0
0.110040532963359   0.0337106775544148   0.0250279764511697   -0.0403664010882564   0
0.110040532963359   0.0337106775544148   0.0250279764511697   -0.0403664010882564   0
0.0815487226183832   0.0549661027436683   -0.0284918103449754   0.0212554251892535   0
0.0815487226183832   0.0549661027436683   -0.0284918103449754   0.0212554251892535   0
0.0801735701127248   0.0584768199601132   -0.00137515250565837   0.00351071721644495   0
0.0801735701127248   0.0584768199601132   -0.00137515250565837   0.00351071721644495   0
0.133375682528638   0.0573068697310148   0.0532021124159131   -0.00116995022909845   0
0.133375682528638   0.0573068697310148   0.0532021124159131   -0.00116995022909845   0
0.117756582475716   0.0773301604218884   -0.0156191000529223   0.0200232906908736   0
0.117756582475716   0.0773301604218884   -0.0156191000529223   0.0200232906908736   0
0.117949881410623   0.0692214822099506   0.000193298934907313   -0.00810867821193788   0
0.117949881410623   0.0692214822099506   0.000193298934907313   -0.00810867821193788   0
0.123082879502256   0.0673520862413704   0.00513299809163326   -0.00186939596858013   0
0.123082879502256   0.0673520862413704   0.00513299809163326   -0.00186939596858013   0
0.0983333109424777   0.0693276427542434   -0.0247495685597785   0.00197555651287298   0
0.0983333109424777   0.0693276427542434   -0.0247495685597785   0.00197555651287298   0
0.0984657850521693   0.0733399459917649   0.000132474109691597   0.00401230323752153   0
0.0984657850521693   0.0733399459917649   0.000132474109691597   0.00401230323752153   0
0.111701888619009   0.0691247277338219   0.0132361035668402   -0.00421521825794308   0
0.111701888619009   0.0691247277338219   0.0132361035668402   -0.00421521825794308   0
0.105919555958897   0.0757184558454047   -0.00578233266011208   0.00659372811158282   0
0.105919555958897   0.0757184558454047   -0.00578233266011208   0.00659372811158282   0
0.103155711431845   0.0709327513827357   -0.00276384452705279   -0.00478570446266895   0
0.103155711431845   0.0709327513827357   -0.00276384452705279   -0.00478570446266895   0
0.106984632190649   0.0712241451536977   0.00382892075880416   0.000291393770961962   0
0.106984632190649   0.0712241451536977   0.00382892075880416   0.000291393770961962   0
0.114986275861869   0.0542107012153966   0.0080016436712199   -0.0170134439383011   0
0.114986275861869   0.0542107012153966   0.0080016436712199   -0.0170134439383011   0
0.0912806839011743   0.0634834112101342   -0.0237055919606944   0.00927270999473768   0
0.0912806839011743   0.0634834112101342   -0.0237055919606944   0.00927270999473768   0
0.0910440279153801   0.0629932114012494   -0.000236655985794226   -0.000490199808884831   0
0.0910440279153801   0.0629932114012494   -0.000236655985794226   -0.000490199808884831   0
0.119236389185887   0.0519623973504399   0.0281923612705073   -0.0110308140508096   0
0.119236389185887   0.0519623973504399   0.0281923612705073   -0.0110308140508096   0
0.0895916791403314   0.070582660248605   -0.0296447100455559   0.0186202628981651   0
0.0895916791403314   0.070582660248605   -0.0296447100455559   0.0186202628981651   0
0.108261305253863   0.0657748997144237   0.0186696261135315   -0.00480776053418125   0
0.108261305253863   0.0657748997144237   0.0186696261135315   -0.00480776053418125   0
0.10971186330104   0.0598179578087969   0.00145055804717713   -0.00595694190562687   0
0.10971186330104   0.0598179578087969   0.00145055804717713   -0.00595694190562687   0
0.0995366017873325   0.0611264630401801   -0.0101752615137076   0.00130850523138322   0
0.0995366017873325   0.0611264630401801   -0.0101752615137076   0.00130850523138322   0
0.0581045967672954   0.0660538992977894   -0.0414320050200371   0.00492743625760932   0
0.0581045967672954   0.0660538992977894   -0.0414320050200371   0.00492743625760932   0
0.0876435461556639   0.0781874598880313   0.0295389493883685   0.0121335605902419   0
0.0876435461556639   0.0781874598880313   0.0295389493883685   0.0121335605902419   0
0.082046954188623   0.0738899229582762   -0.00559659196704095   -0.00429753692975503   0
0.082046954188623   0.0738899229582762   -0.00559659196704095   -0.00429753692975503   0
0.0852201067486424   0.0834648809331955   0.00317315256001936   0.00957495797491927   0
0.0852201067486424   0.0834648809331955   0.00317315256001936   0.00957495797491927   0
0.0933508956852584   0.0664677388902316   0.00813078893661605   -0.0169971420429639   0
0.0933508956852584   0.0664677388902316   0.00813078893661605   -0.0169971420429639   0
0.105076685427882   0.07413539137669   0.0117257897426233   0.00766765248645843   0
0.105076685427882   0.07413539137669   0.0117257897426233   0.00766765248645843   0
0.0946204196364083   0.0758157460797098   -0.0104562657914734   0.00168035470301979   0
0.0946204196364083   0.0758157460797098   -0.0104562657914734   0.00168035470301979   0
0.104432662745618   0.0682891457329055   0.00981224310920975   -0.00752660034680432   0
0.104432662745618   0.0682891457329055   0.00981224310920975   -0.00752660034680432   0
0.0881231935227611   0.0747954359227421   -0.016309469222857   0.00650629018983669   0
0.0881231935227611   0.0747954359227421   -0.016309469222857   0.00650629018983669   0
0.116386169629428   0.03540181205793   0.028262976106667   -0.0393936238648121   0
0.116386169629428   0.03540181205793   0.028262976106667   -0.0393936238648121   0
0.120071230449471   0.077235612974165   0.00368506082004307   0.0418338009162349   0
0.120071230449471   0.077235612974165   0.00368506082004307   0.0418338009162349   0
0.105931686255294   0.0685675842287257   -0.0141395441941773   -0.00866802874543922   0
0.105931686255294   0.0685675842287257   -0.0141395441941773   -0.00866802874543922   0
0.140365865153534   0.0350178747795397   0.0344341788982399   -0.033549709449186   0
0.140365865153534   0.0350178747795397   0.0344341788982399   -0.033549709449186   0
0.107600277256567   0.0726019280455416   -0.0327655878969671   0.0375840532660019   0
0.107600277256567   0.0726019280455416   -0.0327655878969671   0.0375840532660019   0
0.111797818959892   0.0668394474250611   0.00419754170332501   -0.00576248062048056   0
0.111797818959892   0.0668394474250611   0.00419754170332501   -0.00576248062048056   0
0.114177768077617   0.0901413399587698   0.00237994911772541   0.0233018925337087   0
0.114177768077617   0.0901413399587698   0.00237994911772541   0.0233018925337087   0
0.116466557381293   0.100820815455552   0.00228878930367593   0.0106794754967824   0
0.116466557381293   0.100820815455552   0.00228878930367593   0.0106794754967824   0
0.109882599920324   0.0986522614414515   -0.00658395746096889   -0.00216855401410061   0
0.109882599920324   0.0986522614414515   -0.00658395746096889   -0.00216855401410061   0
0.135700281545397   0.0801211319542167   0.0258176816250729   -0.0185311294872348   0
0.135700281545397   0.0801211319542167   0.0258176816250729   -0.0185311294872348   0
0.104487844292222   0.0844825694996607   -0.0312124372531751   0.00436143754544402   0
0.104487844292222   0.0844825694996607   -0.0312124372531751   0.00436143754544402   0
0.0977551626534885   0.0889809473902279   -0.00673268163873332   0.00449837789056716   0
0.0977551626534885   0.0889809473902279   -0.00673268163873332   0.00449837789056716   0
0.117468541239644   0.0904566223092732   0.0197133785861557   0.00147567491904532   0
0.117468541239644   0.0904566223092732   0.0197133785861557   0.00147567491904532   0
0.100519452417579   0.0887024118559496   -0.0169490888220649   -0.00175421045332362   0
0.100519452417579   0.0887024118559496   -0.0169490888220649   -0.00175421045332362   0
0.102229140206743   0.0934993112790142   0.00170968778916405   0.00479689942306467   0
0.102229140206743   0.0934993112790142   0.00170968778916405   0.00479689942306467   0
0.122033355165191   0.0791912364713907   0.0198042149584474   -0.0143080748076235   0
0.122033355165191   0.0791912364713907   0.0198042149584474   -0.0143080748076235   0
0.142517290921348   0.117050703597864   0.0204839357561567   0.0378594671264732   0
0.142517290921348   0.117050703597864   0.0204839357561567   0.0378594671264732   0
0.120066661069174   0.123138263481279   -0.0224506298521731   0.00608755988341553   0
0.120066661069174   0.123138263481279   -0.0224506298521731   0.00608755988341553   0
0.138822143771806   0.128205490208347   0.0187554827026317   0.00506722672706729   0
0.138822143771806   0.128205490208347   0.0187554827026317   0.00506722672706729   0
0.135548989813277   0.113426086108752   -0.00327315395852859   -0.0147794040995949   0
0.135548989813277   0.113426086108752   -0.00327315395852859   -0.0147794040995949   0
0.13984564632283   0.125956351283977   0.00429665650955233   0.0125302651752246   0
0.13984564632283   0.125956351283977   0.00429665650955233   0.0125302651752246   0
0.134950093609638   0.128532027937542   -0.00489555271319203   0.00257567665356528   0
0.134950093609638   0.128532027937542   -0.00489555271319203   0.00257567665356528   0
0.139591359780769   0.123316021286381   0.00464126617113125   -0.005216006651161   0
0.139591359780769   0.123316021286381   0.00464126617113125   -0.005216006651161   0
0.138381903176571   0.134211337332346   -0.00120945660419758   0.0108953160459656   0
0.138381903176571   0.134211337332346   -0.00120945660419758   0.0108953160459656   0
0.12280298520317   0.133813136566518   -0.0155789179734014   -0.000398200765828721   0
0.12280298520317   0.133813136566518   -0.0155789179734014   -0.000398200765828721   0
0.13192291647486   0.122437678441767   0.00911993127169   -0.0113754581247508   0
0.13192291647486   0.122437678441767   0.00911993127169   -0.0113754581247508   0
0.121104575975394   0.120660743504889   -0.010818340499466   -0.00177693493687749   0
0.121104575975394   0.120660743504889   -0.010818340499466   -0.00177693493687749   0
0.113642255782297   0.115070287690492   -0.00746232019309757   -0.00559045581439788   0
0.113642255782297   0.115070287690492   -0.00746232019309757   -0.00559045581439788   0
0.123583448783767   0.118917884708906   0.00994119300147066   0.00384759701841425   0
0.123583448783767   0.118917884708906   0.00994119300147066   0.00384759701841425   0
0.103949824666182   0.124034010638907   -0.0196336241175851   0.00511612593000116   0
0.103949824666182   0.124034010638907   -0.0196336241175851   0.00511612593000116   0
0.105807894628   0.126576008327763   0.00185806996181814   0.00254199768885628   0
0.105807894628   0.126576008327763   0.00185806996181814   0.00254199768885628   0
0.113712390573147   0.123402444592684   0.00790449594514707   -0.00317356373507896   0
0.113712390573147   0.123402444592684   0.00790449594514707   -0.00317356373507896   0
0.108374908625844   0.124781475312059   -0.00533748194730348   0.00137903071937513   0
0.108374908625844   0.124781475312059   -0.00533748194730348   0.00137903071937513   0
0.107634688993605   0.116351321209656   -0.000740219632239164   -0.00843015410240364   0
0.107634688993605   0.116351321209656   -0.000740219632239164   -0.00843015410240364   0
0.118161971024226   0.134582504082678   0.0105272820306212   0.0182311828730224   0
0.118161971024226   0.134582504082678   0.0105272820306212   0.0182311828730224   0
0.1184466662503   0.140015452310324   0.000284695226074314   0.00543294822764573   0
0.1184466662503   0.140015452310324   0.000284695226074314   0.00543294822764573   0
0.125199269891242   0.12887029031674   0.00675260364094159   -0.0111451619935838   0
0.125199269891242   0.12887029031674   0.00675260364094159   -0.0111451619935838   0
0.132819276884871   0.145155769040187   0.00762000699362911   0.0162854787234469   0
0.132819276884871   0.145155769040187   0.00762000699362911   0.0162854787234469   0
0.113723937687059   0.126715319659049   -0.0190953391978122   -0.0184404493811379   0
0.113723937687059   0.126715319659049   -0.0190953391978122   -0.0184404493811379   0
0.127027450812098   0.135062815868515   0.0133035131250394   0.00834749620946632   0
0.127027450812098   0.135062815868515   0.0133035131250394   0.00834749620946632   0
0.11333073323812   0.13881374750457   -0.0136967175739777   0.0037509316360545   0
0.11333073323812   0.13881374750457   -0.0136967175739777   0.0037509316360545   0
0.123613439590079   0.133576542947078   0.0102827063519582   -0.00523720455749221   0
0.123613439590079   0.133576542947078   0.0102827063519582   -0.00523720455749221   0
0.120808609423377   0.136488834742132   -0.00280483016670177   0.00291229179505423   0
0.120808609423377   0.136488834742132   -0.00280483016670177   0.00291229179505423   0
0.108988888391478   0.123003193035275   -0.011819721031899   -0.0134856417068572   0
0.108988888391478   0.123003193035275   -0.011819721031899   -0.0134856417068572   0
0.129652850045882   0.109970097610669   0.0206639616544043   -0.0130330954246061   0
0.129652850045882   0.109970097610669   0.0206639616544043   -0.0130330954246061   0
0.116399268158266   0.111195559623397   -0.0132535818876158   0.00122546201272837   0
0.116399268158266   0.111195559623397   -0.0132535818876158   0.00122546201272837   0
0.114467362823034   0.115518100312907   -0.00193190533523284   0.0043225406895103   0
0.114467362823034   0.115518100312907   -0.00193190533523284   0.0043225406895103   0
0.126275077875603   0.135152550176271   0.0118077150525695   0.0196344498633638   0
0.126275077875603   0.135152550176271   0.0118077150525695   0.0196344498633638   0
0.109958566843198   0.152232656896681   -0.0163165110324052   0.0170801067204095   0
0.109958566843198   0.152232656896681   -0.0163165110324052   0.0170801067204095   0
0.0803264913620033   0.12809483108668   -0.0296320754811945   -0.024137825810001   0
0.0803264913620033   0.12809483108668   -0.0296320754811945   -0.024137825810001   0
0.100061194120698   0.142424902813456   0.0197347027586946   0.0143300717267767   0
0.100061194120698   0.142424902813456   0.0197347027586946   0.0143300717267767   0
0.104896642895995   0.14623945671027   0.00483544877529751   0.00381455389681382   0
0.104896642895995   0.14623945671027   0.00483544877529751   0.00381455389681382   0
0.113365141085609   0.144308398472455   0.00846849818961339   -0.00193105823781473   0
0.113365141085609   0.144308398472455   0.00846849818961339   -0.00193105823781473   0
0.119622567288326   0.149651259723587   0.0062574262027168   0.00534286125113162   0
0.119622567288326   0.149651259723587   0.0062574262027168   0.00534286125113162   0
0.125470735346893   0.148409851047969   0.00584816805856708   -0.00124140867561792   0
0.125470735346893   0.148409851047969   0.00584816805856708   -0.00124140867561792   0
0.121962824128379   0.146606384982516   -0.00350791121851336   -0.00180346606545345   0
0.121962824128379   0.146606384982516   -0.00350791121851336   -0.00180346606545345   0
0.120071043525864   0.137315264207525   -0.00189178060251508   -0.00929112077499036   0
0.120071043525864   0.137315264207525   -0.00189178060251508   -0.00929112077499036   0
0.0970915197924231   0.109394926368971   -0.0229795237334412   -0.0279203378385548   0
0.0970915197924231   0.109394926368971   -0.0229795237334412   -0.0279203378385548   0
0.100817999852506   0.112210325113147   0.00372648006008335   0.00281539874417618   0
0.100817999852506   0.112210325113147   0.00372648006008335   0.00281539874417618   0
0.0847418929177299   0.131795750988841   -0.0160761069347766   0.0195854258756939   0
0.0847418929177299   0.131795750988841   -0.0160761069347766   0.0195854258756939   0
0.0775199139691215   0.126473743895225   -0.00722197894860839   -0.00532200709361555   0
0.0775199139691215   0.126473743895225   -0.00722197894860839   -0.00532200709361555   0
0.12131659412331   0.121382089817506   0.0437966801541888   -0.00509165407771951   0
0.12131659412331   0.121382089817506   0.0437966801541888   -0.00509165407771951   0
0.106816943952212   0.133264306626418   -0.0144996501710983   0.0118822168089125   0
0.106816943952212   0.133264306626418   -0.0144996501710983   0.0118822168089125   0
0.101320877338138   0.112931726895112   -0.00549606661407405   -0.0203325797313059   0
0.101320877338138   0.112931726895112   -0.00549606661407405   -0.0203325797313059   0
0.128027667250521   0.114906820084536   0.0267067899123825   0.00197509318942406   0
0.128027667250521   0.114906820084536   0.0267067899123825   0.00197509318942406   0
0.131919633499946   0.118185147026519   0.00389196624942523   0.00327832694198303   0
0.131919633499946   0.118185147026519   0.00389196624942523   0.00327832694198303   0
0.124179642174311   0.120641431182244   -0.00773999132563441   0.00245628415572417   0
0.124179642174311   0.120641431182244   -0.00773999132563441   0.00245628415572417   0
0.147176935251723   0.118205325034876   0.0229972930774121   -0.00243610614736779   0
0.147176935251723   0.118205325034876   0.0229972930774121   -0.00243610614736779   0
0.126495621905147   0.130018812165375   -0.0206813133465761   0.011813487130499   0
0.126495621905147   0.130018812165375   -0.0206813133465761   0.011813487130499   0
0.106603972645301   0.116089518907428   -0.0198916492598468   -0.0139292932579466   0
0.106603972645301   0.116089518907428   -0.0198916492598468   -0.0139292932579466   0
0.140512553347272   0.11942281179961   0.0339085807019715   0.00333329289218152   0
0.140512553347272   0.11942281179961   0.0339085807019715   0.00333329289218152   0
0.119280202921063   0.120784403856458   -0.021232350426209   0.00136159205684849   0
0.119280202921063   0.120784403856458   -0.021232350426209   0.00136159205684849   0
0.103369717572266   0.116178708047753   -0.0159104853487973   -0.00460569580870535   0
0.103369717572266   0.116178708047753   -0.0159104853487973   -0.00460569580870535   0
0.116853879164579   0.129321363010358   0.0134841615923131   0.0131426549626055   0
0.116853879164579   0.129321363010358   0.0134841615923131   0.0131426549626055   0
0.0925726273610618   0.139317650033242   -0.0242812518035171   0.00999628702288397   0
0.0925726273610618   0.139317650033242   -0.0242812518035171   0.00999628702288397   0
0.135092469702423   0.1482761558387   0.0425198423413609   0.00895850580545779   0
0.135092469702423   0.1482761558387   0.0425198423413609   0.00895850580545779   0
0.154364049498839   0.152611963574592   0.0192715797964162   0.00433580773589151   0
0.154364049498839   0.152611963574592   0.0192715797964162   0.00433580773589151   0
0.158739563531748   0.10697217341081   0.00437551403290951   -0.0456397901637812   0
0.158739563531748   0.10697217341081   0.00437551403290951   -0.0456397901637812   0
0.066621134276219   0.122435309322607   -0.0921184292555295   0.0154631359117967   0
0.066621134276219   0.122435309322607   -0.0921184292555295   0.0154631359117967   0
0.101440668892653   0.133103814565708   0.0348195346164342   0.0106685052431013   0
0.101440668892653   0.133103814565708   0.0348195346164342   0.0106685052431013   0
0.106714435056498   0.139973369636442   0.00527376616384512   0.00686955507073347   0
0.106714435056498   0.139973369636442   0.00527376616384512   0.00686955507073347   0
0.107692663154414   0.165810851012419   0.000978228097915312   0.0258374813759767   0
0.107692663154414   0.165810851012419   0.000978228097915312   0.0258374813759767   0
0.124636509229238   0.15159371385008   0.0169438460748247   -0.0142171371623385   0
0.124636509229238   0.15159371385008   0.0169438460748247   -0.0142171371623385   0
0.132721308817876   0.132244429838049   0.00808479958863767   -0.019349284012031   0
0.132721308817876   0.132244429838049   0.00808479958863767   -0.019349284012031   0
0.113850933961944   0.13063292239961   -0.0188703748559321   -0.00161150743843935   0
0.113850933961944   0.13063292239961   -0.0188703748559321   -0.00161150743843935   0
0.127769770975024   0.119846063116528   0.0139188370130798   -0.0107868592830822   0
0.127769770975024   0.119846063116528   0.0139188370130798   -0.0107868592830822   0
0.117603889528621   0.116342083796151   -0.0101658814464031   -0.00350397932037619   0
0.117603889528621   0.116342083796151   -0.0101658814464031   -0.00350397932037619   0
0.117569246362154   0.113656959260586   -3.46431664664665e-05   -0.00268512453556546   0
0.117569246362154   0.113656959260586   -3.46431664664665e-05   -0.00268512453556546   0
0.13564222196923   0.131098968126574   0.0180729756070763   0.0174420088659882   0
0.13564222196923   0.131098968126574   0.0180729756070763   0.0174420088659882   0
0.12738537483793   0.132334952686252   -0.00825684713130018   0.00123598455967763   0
0.12738537483793   0.132334952686252   -0.00825684713130018   0.00123598455967763   0
0.138505852259643   0.140478071955457   0.0111204774217125   0.00814311926920502   0
0.138505852259643   0.140478071955457   0.0111204774217125   0.00814311926920502   0
0.138015313476802   0.143076045624766   -0.000490538782840555   0.00259797366930878   0
0.138015313476802   0.143076045624766   -0.000490538782840555   0.00259797366930878   0
0.14910573831513   0.163005900419471   0.0110904248383276   0.0199298547947054   0
0.14910573831513   0.163005900419471   0.0110904248383276   0.0199298547947054   0
0.168799658064138   0.159437543643522   0.0196939197490084   -0.00356835677594891   0
0.168799658064138   0.159437543643522   0.0196939197490084   -0.00356835677594891   0
0.155268582865498   0.145341754498879   -0.0135310751986403   -0.0140957891446428   0
0.155268582865498   0.145341754498879   -0.0135310751986403   -0.0140957891446428   0
0.149945671092866   0.142257531278005   -0.00532291177263181   -0.00308422322087459   0
0.149945671092866   0.142257531278005   -0.00532291177263181   -0.00308422322087459   0
0.186619222238037   0.154685635896566   0.0366735511451713   0.0124281046185613   0
0.186619222238037   0.154685635896566   0.0366735511451713   0.0124281046185613   0
0.164214332821529   0.131653439515411   -0.0224048894165081   -0.0230321963811549   0
0.164214332821529   0.131653439515411   -0.0224048894165081   -0.0230321963811549   0
0.197704063523287   0.150660072045283   0.0334897307017579   0.0190066325298723   0
0.197704063523287   0.150660072045283   0.0334897307017579   0.0190066325298723   0
0.176231878595928   0.166321405869659   -0.021472184927359   0.015661333824376   0
0.176231878595928   0.166321405869659   -0.021472184927359   0.015661333824376   0
0.190961154213861   0.166125343393656   0.0147292756179327   -0.000196062476003872   0
0.190961154213861   0.166125343393656   0.0147292756179327   -0.000196062476003872   0
0.2173608593016   0.179375826538646   0.0263997050877391   0.0132504831449906   0
0.2173608593016   0.179375826538646   0.0263997050877391   0.0132504831449906   0
0.221042253162806   0.173777996967546   0.00368139386120586   -0.00559782957110005   0
0.221042253162806   0.173777996967546   0.00368139386120586   -0.00559782957110005   0
0.199314241452662   0.169814435155819   -0.0217280117101441   -0.00396356181172675   0
0.199314241452662   0.169814435155819   -0.0217280117101441   -0.00396356181172675   0
0.196794868922896   0.199356229945919   -0.00251937252976545   0.0295417947900992   0
0.196794868922896   0.199356229945919   -0.00251937252976545   0.0295417947900992   0
0.184143721786924   0.189305668481355   -0.0126511471359726   -0.0100505614645641   0
0.184143721786924   0.189305668481355   -0.0126511471359726   -0.0100505614645641   0
0.183452998986116   0.174356366218824   -0.000690722800807481   -0.014949302262531   0
0.183452998986116   0.174356366218824   -0.000690722800807481   -0.014949302262531   0
0.204859293556651   0.165479832315943   0.0214062945705344   -0.00887653390288087   0
0.204859293556651   0.165479832315943   0.0214062945705344   -0.00887653390288087   0
0.183329517796262   0.167286981886667   -0.0215297757603886   0.0018071495707242   0
0.183329517796262   0.167286981886667   -0.0215297757603886   0.0018071495707242   0
0.17569791581547   0.174246441142431   -0.00763160198079207   0.00695945925576369   0
0.17569791581547   0.174246441142431   -0.00763160198079207   0.00695945925576369   0
0.192026057518713   0.166963489642564   0.0163281417032428   -0.00728295149986677   0
0.192026057518713   0.166963489642564   0.0163281417032428   -0.00728295149986677   0
0.180197509686843   0.189706173553011   -0.0118285478318695   0.0227426839104469   0
0.180197509686843   0.189706173553011   -0.0118285478318695   0.0227426839104469   0
0.133252154415229   0.136122557618493   -0.0469453552716144   -0.0535836159345175   0
0.133252154415229   0.136122557618493   -0.0469453552716144   -0.0535836159345175   0
0.151472736715607   0.147684848461564   0.0182205823003781   0.0115622908430704   0
0.151472736715607   0.147684848461564   0.0182205823003781   0.0115622908430704   0
0.139895382520307   0.144244232263937   -0.0115773541953005   -0.00344061619762695   0
0.139895382520307   0.144244232263937   -0.0115773541953005   -0.00344061619762695   0
0.139889281040614   0.156072430260961   -6.10147969215546e-06   0.0118281979970243   0
0.139889281040614   0.156072430260961   -6.10147969215546e-06   0.0118281979970243   0
0.151583194521063   0.156085806378647   0.0116939134804485   1.3376117686148e-05   0
0.151583194521063   0.156085806378647   0.0116939134804485   1.3376117686148e-05   0
0.166520217586934   0.157158152869848   0.0149370230658716   0.00107234649120092   0
0.166520217586934   0.157158152869848   0.0149370230658716   0.00107234649120092   0
0.162885250289306   0.17513575576071   -0.00363496729762802   0.0179776028908618   0
0.162885250289306   0.17513575576071   -0.00363496729762802   0.0179776028908618   0
0.169871416011818   0.177781318827971   0.00698616572251112   0.00264556306726071   0
0.169871416011818   0.177781318827971   0.00698616572251112   0.00264556306726071   0
0.1620839727354   0.161102421824363   -0.00778744327641723   -0.0166788970036075   0
0.1620839727354   0.161102421824363   -0.00778744327641723   -0.0166788970036075   0
0.155927594126761   0.140367678876318   -0.00615637860863907   -0.0207347429480455   0
0.155927594126761   0.140367678876318   -0.00615637860863907   -0.0207347429480455   0
0.142257996659485   0.149656004247775   -0.0136695974672764   0.0092883253714573   0
0.142257996659485   0.149656004247775   -0.0136695974672764   0.0092883253714573   0
0.17283490664831   0.151738381849559   0.0305769099888251   0.00208237760178392   0
0.17283490664831   0.151738381849559   0.0305769099888251   0.00208237760178392   0
0.184490591189497   0.154229236889962   0.0116556845411867   0.00249085504040317   0
0.184490591189497   0.154229236889962   0.0116556845411867   0.00249085504040317   0
0.166311307619807   0.1433196837238   -0.0181792835696899   -0.0109095531661622   0
0.166311307619807   0.1433196837238   -0.0181792835696899   -0.0109095531661622   0
0.191161516483575   0.1408772632367   0.0248502088637679   -0.00244242048709967   0
0.191161516483575   0.1408772632367   0.0248502088637679   -0.00244242048709967   0
0.174866009899294   0.148590163173896   -0.0162955065842807   0.00771289993719576   0
0.174866009899294   0.148590163173896   -0.0162955065842807   0.00771289993719576   0
0.172409633062918   0.166442202240117   -0.00245637683637609   0.0178520390662211   0
0.172409633062918   0.166442202240117   -0.00245637683637609   0.0178520390662211   0
0.195420340847236   0.163314926448786   0.0230107077843184   -0.00312727579133062   0
0.195420340847236   0.163314926448786   0.0230107077843184   -0.00312727579133062   0
0.205615755120297   0.169396293681422   0.0101954142730609   0.00608136723263544   0
0.205615755120297   0.169396293681422   0.0101954142730609   0.00608136723263544   0
0.18923812255822   0.149556206959323   -0.0163776325620769   -0.0198400867220983   0
0.18923812255822   0.149556206959323   -0.0163776325620769   -0.0198400867220983   0
0.236087236580549   0.156226527757524   0.0468491140223285   0.00667032079820076   0
0.236087236580549   0.156226527757524   0.0468491140223285   0.00667032079820076   0
0.253959703750438   0.160995734383368   0.0178724671698888   0.00476920662584382   0
0.253959703750438   0.160995734383368   0.0178724671698888   0.00476920662584382   0
0.241687432233474   0.158656105293343   -0.0122722715169638   -0.00233962909002458   0
0.241687432233474   0.158656105293343   -0.0122722715169638   -0.00233962909002458   0
0.266104533537574   0.185993816468451   0.0244171013041005   0.0273377111751079   0
0.266104533537574   0.185993816468451   0.0244171013041005   0.0273377111751079   0
0.280800658000814   0.194503900604204   0.0146961244632396   0.00851008413575241   0
0.280800658000814   0.194503900604204   0.0146961244632396   0.00851008413575241   0
0.254726332979219   0.173170580970008   -0.0260743250215947   -0.0213333196341961   0
0.254726332979219   0.173170580970008   -0.0260743250215947   -0.0213333196341961   0
0.23455777249164   0.172278247015548   -0.020168560487579   -0.000892333954460173   0
0.23455777249164   0.172278247015548   -0.020168560487579   -0.000892333954460173   0
0.284211623455129   0.196089955661936   0.0496538509634888   0.0238117086463884   0
0.284211623455129   0.196089955661936   0.0496538509634888   0.0238117086463884   0
0.246905076118333   0.178375908175684   -0.0373065473367956   -0.0177140474862521   0
0.246905076118333   0.178375908175684   -0.0373065473367956   -0.0177140474862521   0
0.267154985792891   0.183161770506976   0.020249909674558   0.00478586233129175   0
0.267154985792891   0.183161770506976   0.020249909674558   0.00478586233129175   0
0.248878367501075   0.177629396622575   -0.0182766182918167   -0.00553237388440078   0
0.248878367501075   0.177629396622575   -0.0182766182918167   -0.00553237388440078   0
0.24674555596606   0.177522220370437   -0.00213281153501479   -0.000107176252137825   0
0.24674555596606   0.177522220370437   -0.00213281153501479   -0.000107176252137825   0
0.277913608364632   0.189938993087912   0.031168052398572   0.0124167727174753   0
0.277913608364632   0.189938993087912   0.031168052398572   0.0124167727174753   0
0.272480523108276   0.191964496109307   -0.00543308525635544   0.00202550302139434   0
0.272480523108276   0.191964496109307   -0.00543308525635544   0.00202550302139434   0
0.242971391151818   0.17782581129015   -0.029509131956458   -0.0141386848191568   0
0.242971391151818   0.17782581129015   -0.029509131956458   -0.0141386848191568   0
0.253824676299784   0.179340182177615   0.0108532851479652   0.00151437088746473   0
0.253824676299784   0.179340182177615   0.0108532851479652   0.00151437088746473   0
0.233310377121893   0.175188387307064   -0.0205142991778906   -0.0041517948705502   0
0.233310377121893   0.175188387307064   -0.0205142991778906   -0.0041517948705502   0
0.23569832734451   0.170134268834948   0.00238795022261731   -0.00505411847211604   0
0.23569832734451   0.170134268834948   0.00238795022261731   -0.00505411847211604   0
0.235631566828386   0.163230754792104   -6.67605161247808e-05   -0.00690351404284431   0
0.235631566828386   0.163230754792104   -6.67605161247808e-05   -0.00690351404284431   0
0.231421554713471   0.172378718931601   -0.00421001211491476   0.0091479641394972   0
0.231421554713471   0.172378718931601   -0.00421001211491476   0.0091479641394972   0
0.206879951433192   0.181060614883525   -0.0245416032802786   0.00868189595192326   0
0.206879951433192   0.181060614883525   -0.0245416032802786   0.00868189595192326   0
0.292743370076933   0.188413038202641   0.0858634186437404   0.00735242331911684   0
0.292743370076933   0.188413038202641   0.0858634186437404   0.00735242331911684   0
0.240749444211196   0.183762873585771   -0.0519939258657363   -0.00465016461687054   0
0.240749444211196   0.183762873585771   -0.0519939258657363   -0.00465016461687054   0
0.26752202030674   0.179124935272842   0.0267725760955439   -0.00463793831292839   0
0.26752202030674   0.179124935272842   0.0267725760955439   -0.00463793831292839   0
0.253941180278032   0.168954581455343   -0.0135808400287083   -0.0101703538174999   0
0.253941180278032   0.168954581455343   -0.0135808400287083   -0.0101703538174999   0
0.287200808846354   0.177096626123283   0.033259628568322   0.00814204466794072   0
0.287200808846354   0.177096626123283   0.033259628568322   0.00814204466794072   0
0.277389799194203   0.190421510145913   -0.00981100965215154   0.0133248840226295   0
0.277389799194203   0.190421510145913   -0.00981100965215154   0.0133248840226295   0
0.255294383749428   0.194346335975881   -0.0220954154447749   0.00392482582996814   0
0.255294383749428   0.194346335975881   -0.0220954154447749   0.00392482582996814   0
0.250914128151445   0.193693662290484   -0.00438025559798216   -0.000652673685397148   0
0.250914128151445   0.193693662290484   -0.00438025559798216   -0.000652673685397148   0
0.279208108755817   0.202623270423834   0.0282939806043713   0.00892960813334975   0
0.279208108755817   0.202623270423834   0.0282939806043713   0.00892960813334975   0
0.278385165183061   0.190691091867187   -0.00082294357275603   -0.0119321785566465   0
0.278385165183061   0.190691091867187   -0.00082294357275603   -0.0119321785566465   0
0.307727218227442   0.202684414680804   0.0293420530443818   0.0119933228136166   0
0.307727218227442   0.202684414680804   0.0293420530443818   0.0119933228136166   0
0.318192861543121   0.236634784227193   0.0104656433156789   0.0339503695463889   0
0.318192861543121   0.236634784227193   0.0104656433156789   0.0339503695463889   0
0.296104556476255   0.206812445716524   -0.0220883050668659   -0.0298223385106691   0
0.296104556476255   0.206812445716524   -0.0220883050668659   -0.0298223385106691   0
0.334039356392327   0.224781892781091   0.0379347999160714   0.0179694470645677   0
0.334039356392327   0.224781892781091   0.0379347999160714   0.0179694470645677   0
0.302762893862508   0.218445138331687   -0.0312764625298194   -0.00633675444940396   0
0.302762893862508   0.218445138331687   -0.0312764625298194   -0.00633675444940396   0
0.341018841156907   0.231558556348605   0.0382559472943999   0.0131134180169175   0
0.341018841156907   0.231558556348605   0.0382559472943999   0.0131134180169175   0
0.307681036077949   0.256206958034418   -0.0333378050789587   0.0246484016858131   0
0.307681036077949   0.256206958034418   -0.0333378050789587   0.0246484016858131   0
0.337380677529108   0.265534382777918   0.0296996414511593   0.00932742474350029   0
0.337380677529108   0.265534382777918   0.0296996414511593   0.00932742474350029   0
0.378549448274595   0.274074329035939   0.0411687707454866   0.00853994625802046   0
0.378549448274595   0.274074329035939   0.0411687707454866   0.00853994625802046   0
0.321804620330411   0.255193520880723   -0.0567448279441836   -0.0188808081552157   0
0.321804620330411   0.255193520880723   -0.0567448279441836   -0.0188808081552157   0
0.359344766315025   0.272147983074007   0.0375401459846141   0.0169544621932841   0
0.359344766315025   0.272147983074007   0.0375401459846141   0.0169544621932841   0
0.364176090847546   0.276055764404133   0.00483132453252078   0.00390778133012559   0
0.364176090847546   0.276055764404133   0.00483132453252078   0.00390778133012559   0
0.327010894268066   0.280515852270865   -0.0371651965794803   0.00446008786673274   0
0.327010894268066   0.280515852270865   -0.0371651965794803   0.00446008786673274   0
0.385485659648968   0.289056488644088   0.0584747653809024   0.008540636373223   0
0.385485659648968   0.289056488644088   0.0584747653809024   0.008540636373223   0
0.361328603719661   0.276115288774001   -0.0241570559293068   -0.0129411998700873   0
0.361328603719661   0.276115288774001   -0.0241570559293068   -0.0129411998700873   0
0.32849033963269   0.272498961976922   -0.0328382640869713   -0.00361632679707902   0
0.32849033963269   0.272498961976922   -0.0328382640869713   -0.00361632679707902   0
0.379712716405442   0.283353448150009   0.0512223767727525   0.0108544861730872   0
0.379712716405442   0.283353448150009   0.0512223767727525   0.0108544861730872   0
0.371003375666583   0.287498447057545   -0.00870934073885909   0.00414499890753578   0
0.371003375666583   0.287498447057545   -0.00870934073885909   0.00414499890753578   0
0.356980468095945   0.274142740097768   -0.0140229075706384   -0.0133557069597768   0
0.356980468095945   0.274142740097768   -0.0140229075706384   -0.0133557069597768   0
0.380134454036989   0.285314414113185   0.0231539859410444   0.0111716740154167   0
0.380134454036989   0.285314414113185   0.0231539859410444   0.0111716740154167   0
0.377117029482891   0.307456958300264   -0.00301742455409798   0.0221425441870786   0
0.377117029482891   0.307456958300264   -0.00301742455409798   0.0221425441870786   0
0.348071323961053   0.29276896678183   -0.0290457055218388   -0.014687991518434   0
0.348071323961053   0.29276896678183   -0.0290457055218388   -0.014687991518434   0
0.375173631749354   0.306717111455038   0.0271023077883016   0.0139481446732089   0
0.375173631749354   0.306717111455038   0.0271023077883016   0.0139481446732089   0
0.381584646418065   0.318978490353206   0.00641101466871125   0.012261378898167   0
0.381584646418065   0.318978490353206   0.00641101466871125   0.012261378898167   0
0.392363548726178   0.326888703091163   0.0107789023081127   0.00791021273795744   0
0.392363548726178   0.326888703091163   0.0107789023081127   0.00791021273795744   0
0.42125320688987   0.33252379939045   0.0288896581636923   0.0056350962992866   0
0.42125320688987   0.33252379939045   0.0288896581636923   0.0056350962992866   0
0.433827996812101   0.344492462023787   0.0125747899222302   0.011968662633337   0
0.433827996812101   0.344492462023787   0.0125747899222302   0.011968662633337   0
0.388712843434585   0.327105325458422   -0.0451151533775159   -0.0173871365653648   0
0.388712843434585   0.327105325458422   -0.0451151533775159   -0.0173871365653648   0
0.566373539235371   0.395266634577534   0.177660695800786   0.0681613091191125   0
0.566373539235371   0.395266634577534   0.177660695800786   0.0681613091191125   0
0.551571890535586   0.428750073917486   -0.0148016486997852   0.0334834393399521   0
0.551571890535586   0.428750073917486   -0.0148016486997852   0.0334834393399521   0
0.48774713864153   0.400850129045757   -0.0638247518940555   -0.0278999448717293   0
0.48774713864153   0.400850129045757   -0.0638247518940555   -0.0278999448717293   0
0.467405629972511   0.378638055060502   -0.0203415086690188   -0.0222120739852546   0
0.467405629972511   0.378638055060502   -0.0203415086690188   -0.0222120739852546   0
0.521342550799376   0.404108684292048   0.0539369208268647   0.0254706292315455   0
0.521342550799376   0.404108684292048   0.0539369208268647   0.0254706292315455   0
0.542183767955109   0.409481468819408   0.0208412171557335   0.0053727845273604   0
0.542183767955109   0.409481468819408   0.0208412171557335   0.0053727845273604   0
0.522846614550577   0.374009393204569   -0.0193371534045321   -0.0354720756148392   0
0.522846614550577   0.374009393204569   -0.0193371534045321   -0.0354720756148392   0
0.558867514452218   0.393499481058108   0.0360208999016406   0.0194900878535385   0
0.558867514452218   0.393499481058108   0.0360208999016406   0.0194900878535385   0
0.543873269998628   0.396783140598552   -0.0149942444535904   0.00328365954044396   0
0.543873269998628   0.396783140598552   -0.0149942444535904   0.00328365954044396   0
0.502432050837723   0.388762329662031   -0.0414412191609048   -0.00802081093652013   0
0.502432050837723   0.388762329662031   -0.0414412191609048   -0.00802081093652013   0
0.546754219371008   0.394467176791999   0.044322168533285   0.00570484712996733   0
0.546754219371008   0.394467176791999   0.044322168533285   0.00570484712996733   0
0.521055272817577   0.398876995654049   -0.0256989465534303   0.00440981886205   0
0.521055272817577   0.398876995654049   -0.0256989465534303   0.00440981886205   0
0.555806922670994   0.428603619440212   0.0347516498534164   0.0297266237861631   0
0.555806922670994   0.428603619440212   0.0347516498534164   0.0297266237861631   0
0.574743183386284   0.409202118901528   0.0189362607152905   -0.0194015005386843   0
0.574743183386284   0.409202118901528   0.0189362607152905   -0.0194015005386843   0
0.454198401234527   0.40934032541212   -0.120544782151758   0.000138206510592098   0
0.454198401234527   0.40934032541212   -0.120544782151758   0.000138206510592098   0
0.420468900030668   0.400920227555461   -0.0337295012038585   -0.00842009785665887   0
0.420468900030668   0.400920227555461   -0.0337295012038585   -0.00842009785665887   0
0.461011118140333   0.416847918718413   0.0405422181096648   0.015927691162952   0
0.461011118140333   0.416847918718413   0.0405422181096648   0.015927691162952   0
0.434836722114175   0.428790184883575   -0.0261743960261582   0.0119422661651618   0
0.434836722114175   0.428790184883575   -0.0261743960261582   0.0119422661651618   0
0.447086418200106   0.441014990022165   0.0122496960859312   0.0122248051385901   0
0.447086418200106   0.441014990022165   0.0122496960859312   0.0122248051385901   0
0.473296949922562   0.4543568828157   0.0262105317224559   0.0133418927935356   0
0.473296949922562   0.4543568828157   0.0262105317224559   0.0133418927935356   0
0.423131023890946   0.41199461366382   -0.0501659260316162   -0.0423622691518806   0
0.423131023890946   0.41199461366382   -0.0501659260316162   -0.0423622691518806   0
0.492442806272972   0.415273120735318   0.0693117823820266   0.0032785070714984   0
0.492442806272972   0.415273120735318   0.0693117823820266   0.0032785070714984   0
0.466622327997707   0.401979119340532   -0.0258204782752648   -0.0132940013947856   0
0.466622327997707   0.401979119340532   -0.0258204782752648   -0.0132940013947856   0
0.454431258182137   0.432473309313826   -0.0121910698155704   0.0304941899732938   0
0.454431258182137   0.432473309313826   -0.0121910698155704   0.0304941899732938   0
0.496764575567743   0.457140135452194   0.0423333173856063   0.0246668261383674   0
0.496764575567743   0.457140135452194   0.0423333173856063   0.0246668261383674   0
0.427903549429074   0.432383302717623   -0.0688610261386691   -0.0247568327345702   0
0.427903549429074   0.432383302717623   -0.0688610261386691   -0.0247568327345702   0
0.474331384728019   0.462669657100506   0.046427835298945   0.0302863543828828   0
0.474331384728019   0.462669657100506   0.046427835298945   0.0302863543828828   0
0.467194720951554   0.449229493039471   -0.00713666377646544   -0.0134401640610355   0
0.467194720951554   0.449229493039471   -0.00713666377646544   -0.0134401640610355   0
0.452353486156568   0.456207453444428   -0.014841234794986   0.0069779604049573   0
0.452353486156568   0.456207453444428   -0.014841234794986   0.0069779604049573   0
0.463690229512117   0.46746117371339   0.0113367433555497   0.0112537202689618   0
0.463690229512117   0.46746117371339   0.0113367433555497   0.0112537202689618   0
0.447354479616556   0.443725108538214   -0.0163357498955609   -0.0237360651751757   0
0.447354479616556   0.443725108538214   -0.0163357498955609   -0.0237360651751757   0
0.501674853711047   0.462444019878352   0.0543203740944902   0.0187189113401383   0
0.501674853711047   0.462444019878352   0.0543203740944902   0.0187189113401383   0
0.529134954969902   0.480597932209971   0.0274601012588552   0.0181539123316187   0
0.529134954969902   0.480597932209971   0.0274601012588552   0.0181539123316187   0
0.475957176847876   0.459321043219772   -0.0531777781220262   -0.0212768889901988   0
0.475957176847876   0.459321043219772   -0.0531777781220262   -0.0212768889901988   0
0.523150218450686   0.484768594932417   0.0471930416028099   0.0254475517126448   0
0.523150218450686   0.484768594932417   0.0471930416028099   0.0254475517126448   0
0.518721790216104   0.509915047225025   -0.00442842823458134   0.0251464522926082   0
0.518721790216104   0.509915047225025   -0.00442842823458134   0.0251464522926082   0
0.516558302479981   0.501466577487722   -0.00216348773612274   -0.00844846973730307   0
0.516558302479981   0.501466577487722   -0.00216348773612274   -0.00844846973730307   0
0.550072315926733   0.504255180887118   0.033514013446752   0.00278860339939546   0
0.550072315926733   0.504255180887118   0.033514013446752   0.00278860339939546   0
0.546108435687456   0.493375240609518   -0.00396388023927774   -0.0108799402775996   0
0.546108435687456   0.493375240609518   -0.00396388023927774   -0.0108799402775996   0
0.620167077740346   0.495617786986605   0.07405864205289   0.00224254637708698   0
0.620167077740346   0.495617786986605   0.07405864205289   0.00224254637708698   0
0.610403079927518   0.49763026120856   -0.00976399781282766   0.00201247422195516   0
0.610403079927518   0.49763026120856   -0.00976399781282766   0.00201247422195516   0
0.552600996044162   0.488577081100567   -0.0578020838833561   -0.00905318010799339   0
0.552600996044162   0.488577081100567   -0.0578020838833561   -0.00905318010799339   0
0.536403178613811   0.474740485064735   -0.016197817430351   -0.0138365960358319   0
0.536403178613811   0.474740485064735   -0.016197817430351   -0.0138365960358319   0
0.502365043121036   0.457931392726301   -0.0340381354927753   -0.0168090923384338   0
0.502365043121036   0.457931392726301   -0.0340381354927753   -0.0168090923384338   0
0.586693591222028   0.487342567253518   0.0843285481009922   0.029411174527217   0
0.586693591222028   0.487342567253518   0.0843285481009922   0.029411174527217   0
0.561325673086489   0.495894124423248   -0.0253679181355388   0.00855155716973   0
0.561325673086489   0.495894124423248   -0.0253679181355388   0.00855155716973   0
0.604166492565584   0.498088815485   0.0428408194790951   0.00219469106175124   0
0.604166492565584   0.498088815485   0.0428408194790951   0.00219469106175124   0
0.575946131951592   0.489808673836019   -0.0282203606139927   -0.00828014164898011   0
0.575946131951592   0.489808673836019   -0.0282203606139927   -0.00828014164898011   0
0.601476035155184   0.489946980904567   0.0255299032035924   0.00013830706854745   0
0.601476035155184   0.489946980904567   0.0255299032035924   0.00013830706854745   0
0.605669751974622   0.492805878111757   0.00419371681943803   0.00285889720719024   0
0.605669751974622   0.492805878111757   0.00419371681943803   0.00285889720719024   0
0.608665298479386   0.494682011763365   0.00299554650476397   0.00187613365160788   0
0.608665298479386   0.494682011763365   0.00299554650476397   0.00187613365160788   0
0.633614822834031   0.51001585441435   0.0249495243546447   0.0153338426509855   0
0.633614822834031   0.51001585441435   0.0249495243546447   0.0153338426509855   0
0.647544028740903   0.508989304587287   0.0139292059068729   -0.00102654982706341   0
0.647544028740903   0.508989304587287   0.0139292059068729   -0.00102654982706341   0
0.589441431704627   0.508668359939214   -0.0581025970362768   -0.000320944648072863   0
0.589441431704627   0.508668359939214   -0.0581025970362768   -0.000320944648072863   0
0.597499160926607   0.514267081511397   0.00805772922198089   0.005598721572183   0
0.597499160926607   0.514267081511397   0.00805772922198089   0.005598721572183   0
0.647336461893659   0.532109338125399   0.0498373009670511   0.0178422566140016   0
0.647336461893659   0.532109338125399   0.0498373009670511   0.0178422566140016   0
