0.157141928245901   0.112911464805395   0   0   0
0.147677320593008   0.121352225924424   -0.00946460765289353   0.00844076111902906   0
0.123465250951553   0.11786581998247   -0.0242120696414546   -0.00348640594195436   0
0.140578367799388   0.0918002026517371   0.0171131168478348   -0.0260656173307328   0
0.12404533060833   0.0978923253366167   -0.0165330371910575   0.00609212268487956   0
0.107131663225293   0.0991907800385449   -0.0169136673830374   0.00129845470192824   0
0.0837784611318446   0.0674604368676375   -0.0233532020934484   -0.0317303431709074   0
0.080001610615287   0.0728724050950873   -0.00377685051655766   0.0054119682274498   0
0.0972883281576983   0.0647863203139752   0.0172867175424114   -0.00808608478111203   0
0.102788740861925   0.0537111402618442   0.0055004127042268   -0.011075180052131   0
0.0843203831410887   0.051023749900365   -0.0184683577208364   -0.00268739036147916   0
0.106138766809493   0.0511879325980499   0.0218183836684046   0.000164182697684867   0
0.0683047152908202   0.0519040337110951   -0.0378340515186732   0.000716101113045237   0
0.0747755221953013   0.039913190488985   0.00647080690448115   -0.0119908432221102   0
0.0734220240843985   0.042113244548301   -0.00135349811090277   0.002200054059316   0
0.0585982813654974   0.0475607786522939   -0.0148237427189011   0.00544753410399299   0
0.0739261135841727   0.0277893833790897   0.0153278322186753   -0.0197713952732043   0
0.0624543740850871   0.0492257934479984   -0.0114717394990856   0.0214364100689087   0
0.121668898396509   0.0604011768021741   0.0592145243114218   0.0111753833541758   0
0.108018360655955   0.0397562351087851   -0.0136505377405537   -0.020644941693389   0
0.0539930050700088   0.0387900952773063   -0.0540253555859463   -0.000966139831478849   0
0.0746680321633027   0.0389145306958082   0.0206750270932938   0.000124435418501927   0
0.050323287409589   0.0534650380673904   -0.0243447447537136   0.0145505073715821   0
0.0493589421184288   0.0598417976753289   -0.000964345291160247   0.00637675960793855   0
0.101996901030526   0.0504784496752079   0.0526379589120972   -0.00936334800012098   0
0.0918103402201517   0.0550389731744243   -0.0101865608103743   0.00456052349921639   0
0.0841056994295868   0.0793113934116051   -0.00770464079056485   0.0242724202371808   0
0.0765765605615713   0.0639659807797278   -0.0075291388680155   -0.0153454126318774   0
0.0681877769273937   0.0662637221884624   -0.00838878363417765   0.00229774140873465   0
0.0806584011186684   0.0584409987354049   0.0124706241912747   -0.00782272345305748   0
0.0794354018511897   0.0655386201651553   -0.00122299926747861   0.00709762142975037   0
0.124185834493995   0.0921767051730669   0.0447504326428056   0.0266380850079116   0
0.0888496496549649   0.105806391080739   -0.0353361848390305   0.0136296859076718   0
0.0955103893024209   0.090530604214666   0.00666073964745603   -0.0152757868660727   0
0.0966747579285307   0.0985375602981325   0.00116436862610975   0.00800695608346651   0
0.101502116885561   0.0940884550102987   0.00482735895702992   -0.00444910528783382   0
0.0865214923820666   0.0953103811555174   -0.014980624503494   0.00122192614521871   0
0.17682452727439   0.128984748858392   0.0903030348923237   0.0336743677028748   0
0.214622999262987   0.138713931965439   0.0377984719885965   0.00972918310704704   0
0.20025421058989   0.146981583400977   -0.0143687886730968   0.00826765143553734   0
0.273529503874463   0.181597523651315   0.0732752932845732   0.0346159402503387   0
0.301204818099329   0.213901242679525   0.027675314224866   0.0323037190282094   0
0.293176245702564   0.198484183724579   -0.00802857239676547   -0.0154170589549455   0
0.255928418235568   0.182479507292216   -0.0372478274669954   -0.0160046764323629   0
0.28378739710003   0.191403931474583   0.0278589788644615   0.00892442418236714   0
0.24448352821816   0.178952819755811   -0.0393038688818695   -0.0124511117187728   0
0.299737010584095   0.204962450818705   0.0552534823659348   0.0260096310628943   0
0.269827909390708   0.19868429781788   -0.0299091011933875   -0.00627815300082482   0
0.278627796522332   0.178582136218359   0.00879988713162422   -0.0201021615995211   0
0.249477488756721   0.173393420705772   -0.0291503077656106   -0.00518871551258676   0
0.325760454885565   0.229545534407533   0.0762829661288434   0.056152113701761   0
0.243800114619354   0.183060447915443   -0.0819603402662109   -0.0464850864920905   0
0.263548641844347   0.18040088091019   0.0197485272249935   -0.00265956700525283   0
0.311448829841902   0.201561776862883   0.0479001879975547   0.0211608959526928   0
0.315576730862971   0.218485571033055   0.00412790102106897   0.0169237941701721   0
0.310363638830792   0.2040713362392   -0.0052130920321794   -0.014414234793855   0
0.273740387643347   0.179266719926211   -0.0366232511874444   -0.0248046163129889   0
0.287572286278164   0.18317133689142   0.0138318986348163   0.003904616965209   0
0.31946296624767   0.198670234942914   0.0318906799695066   0.0154988980514938   0
0.268013322588859   0.177134075037674   -0.0514496436588107   -0.0215361599052392   0
0.31806076436744   0.198785092707432   0.0500474417785804   0.021651017669758   0
0.350451136413067   0.229720033189756   0.0323903720456271   0.0309349404823233   0
0.376559433123166   0.238564954803618   0.026108296710099   0.00884492161386263   0
0.307399291440644   0.207507764947989   -0.0691601416825219   -0.0310571898556291   0
0.333554817467069   0.234878959753854   0.0261555260264254   0.0273711948058645   0
0.307131202101398   0.230365805822479   -0.0264236153656711   -0.00451315393137505   0
0.324971697459474   0.240547796297202   0.0178404953580761   0.0101819904747228   0
0.375695904744569   0.242656045138942   0.0507242072850943   0.00210824884174088   0
0.297014211413364   0.221478544582771   -0.0786816933312047   -0.0211775005561714   0
0.360383286925604   0.242793363305718   0.0633690755122404   0.0213148187229472   0
0.320060506673285   0.220753287742929   -0.0403227802523193   -0.022040075562789   0
0.369429600736717   0.229618378668085   0.0493690940634317   0.00886509092515561   0
0.294293922664485   0.190780254613659   -0.0751356780722316   -0.038838124054426   0
0.320262592563915   0.212207564442111   0.0259686698994294   0.0214273098284517   0
0.334137148221565   0.201028364413389   0.0138745556576502   -0.0111792000287211   0
0.296229504895596   0.183041921136805   -0.0379076433259687   -0.017986443276584   0
0.33412459874867   0.194498773564006   0.0378950938530743   0.0114568524272007   0
0.291304060343158   0.187570475903059   -0.0428205384055128   -0.00692829766094716   0
0.381973290360151   0.232454249348662   0.0906692300169931   0.0448837734456032   0
0.302635209657783   0.19500602711535   -0.0793380807023681   -0.0374482222333124   0
0.289116486195876   0.18371008710128   -0.0135187234619069   -0.0112959400140694   0
0.329844792195299   0.198862472799854   0.0407283059994233   0.0151523856985732   0
0.28074345073394   0.176764592137226   -0.0491013414613594   -0.0220978806626272   0
0.324267115551731   0.188506335975883   0.0435236648177919   0.0117417438386566   0
0.291116818736414   0.178812605329127   -0.0331502968153177   -0.00969373064675644   0
0.361011228351751   0.218223918015241   0.069894409615337   0.0394113126861141   0
0.238007353061392   0.156452165470792   -0.123003875290359   -0.061771752544449   0
0.151478590160202   0.165557305100832   -0.0865287629011899   0.00910513963004037   0
0.210929905597215   0.155272403559527   0.0594513154370131   -0.0102849015413055   0
0.230039687948775   0.165286725795668   0.0191097823515606   0.0100143222361418   0
0.237988600353399   0.170995504249388   0.00794891240462384   0.00570877845371962   0
0.270321229081643   0.178100779175647   0.0323326287282435   0.0071052749262587   0
0.267701080508858   0.199697711984364   -0.00262014857278497   0.0215969328087172   0
0.313469803175059   0.186181602546418   0.0457687226662008   -0.0135161094379457   0
0.29081043380871   0.205222245918547   -0.0226593693663488   0.0190406433721284   0
0.279499204578841   0.175162780393724   -0.0113112292298687   -0.0300594655248227   0
0.238904938071055   0.189075618362628   -0.0405942665077866   0.0139128379689036   0
0.273649519295467   0.170133358564715   0.0347445812244122   -0.0189422597979123   0
0.230697725207445   0.178552521366726   -0.0429517940880213   0.0084191628020103   0
0.230085806053676   0.188169973379768   -0.000611919153768986   0.00961745201304212   0
0.238332224860509   0.178133584062249   0.00824641880683211   -0.0100363893175183   0
0.269649266583761   0.174256349235838   0.0313170417232521   -0.00387723482641097   0
0.25151816905671   0.172810784088812   -0.0181310975270502   -0.00144556514702643   0
0.248920575564303   0.178405947614562   -0.00259759349240704   0.0055951635257504   0
0.288740590201932   0.152970953738978   0.0398200146376285   -0.0254349938755846   0
0.24783774625498   0.163024012638001   -0.0409028439469515   0.0100530588990228   0
0.256044357332787   0.167368035133094   0.00820661107780668   0.00434402249509311   0
0.247829326928498   0.158142969729451   -0.008215030404289   -0.00922506540364296   0
0.254090412230797   0.169075942171144   0.00626108530229896   0.0109329724416931   0
0.262853651664496   0.154489023527248   0.0087632394336985   -0.0145869186438962   0
0.234257866043592   0.152746496019557   -0.0285957856209034   -0.00174252750769088   0
0.256212139450633   0.148239002026331   0.0219542734070404   -0.00450749399322609   0
0.241566405565948   0.148503790778215   -0.0146457338846846   0.000264788751884709   0
0.263756400865062   0.146988759880101   0.0221899952991136   -0.00151503089811444   0
0.260250516641178   0.164336345690264   -0.0035058842238837   0.0173475858101631   0
0.260848844583621   0.155125396436633   0.000598327942443022   -0.00921094925363131   0
0.259492549297355   0.162643699374307   -0.0013562952862663   0.0075183029376743   0
0.278528138221276   0.14614302418843   0.019035588923921   -0.0165006751858773   0
0.235178330970335   0.158998667431153   -0.0433498072509405   0.0128556432427235   0
0.272940341818885   0.159605117321039   0.0377620108485503   0.000606449889885285   0
0.251333838022579   0.162118305821621   -0.0216065037963064   0.00251318850058199   0
0.247659072154949   0.168205161525472   -0.00367476586763049   0.00608685570385104   0
0.298827412644222   0.168396557738393   0.0511683404892732   0.000191396212921552   0
0.269753854355485   0.174271374073175   -0.0290735582887371   0.00587481633478187   0
0.276826584155659   0.175543589638272   0.00707272980017404   0.00127221556509685   0
0.337756045137966   0.171060434403313   0.0609294609823077   -0.00448315523495935   0
0.271269691546494   0.186538381476581   -0.0664863535914724   0.0154779470732685   0
0.29325182339457   0.180387649982066   0.0219821318480758   -0.0061507314945147   0
0.274027515750809   0.187914653713627   -0.0192243076437607   0.00752700373156101   0
0.31261476369807   0.197577972719816   0.0385872479472605   0.00966331900618894   0
0.300553092262182   0.19642823739415   -0.0120616714358873   -0.00114973532566651   0
0.316878926432478   0.187818487426691   0.0163258341702958   -0.00860974996745908   0
0.280802303234856   0.194608774895943   -0.0360766231976223   0.00679028746925273   0
0.316545261996274   0.196881077864634   0.0357429587614184   0.0022723029686903   0
0.299336829718897   0.196697294706066   -0.0172084322773772   -0.000183783158567735   0
0.334645045230928   0.193278669302254   0.0353082155120311   -0.00341862540381221   0
0.330434163295035   0.194101423004804   -0.00421088193589297   0.000822753702550555   0
0.359795309404125   0.1974179215155   0.0293611461090898   0.00331649851069529   0
0.379498251585182   0.210140704492252   0.0197029421810568   0.0127227829767524   0
0.385445612087114   0.225746637162268   0.00594736050193223   0.0156059326700155   0
0.427262489537755   0.214612595658718   0.0418168774506407   -0.0111340415035493   0
0.469912230765236   0.23590342077798   0.0426497412274809   0.0212908251192613   0
0.431570549296358   0.251679218789638   -0.0383416814688778   0.0157757980116585   0
0.375135498945714   0.166025723105638   -0.0564350503506436   -0.085653495684   0
0.358565256464482   0.167627285859798   -0.016570242481232   0.00160156275416015   0
0.424199538469822   0.172179567024517   0.0656342820053398   0.00455228116471834   0
0.321971010901975   0.148679651684259   -0.102228527567847   -0.0234999153402578   0
0.341591319822226   0.153877597630462   0.0196203089202501   0.00519794594620371   0
0.35537773961689   0.157290481521642   0.0137864197946643   0.00341288389117955   0
0.432600206539583   0.154610512761908   0.0772224669226933   -0.00267996875973439   0
0.346588181639089   0.16488597340908   -0.0860120249004944   0.0102754606471729   0
0.357136289332644   0.181202593717667   0.0105481076935552   0.0163166203085868   0
0.400836549551111   0.148420740597465   0.0437002602184667   -0.0327818531202023   0
0.366109147502613   0.165014719814817   -0.0347274020484978   0.0165939792173518   0
0.375339246124103   0.166621933610712   0.00923009862149016   0.00160721379589515   0
0.394169442980503   0.167397522977649   0.0188301968564   0.000775589366936974   0
0.362699246883696   0.176698779536646   -0.0314701960968074   0.00930125655899672   0
0.425119499043787   0.179297664471682   0.0624202521600909   0.00259888493503677   0
0.347365461253548   0.187578831205316   -0.0777540377902388   0.00828116673363377   0
0.409017980725163   0.174585352330859   0.0616525194716155   -0.0129934788744577   0
0.366182962657754   0.186039192244732   -0.0428350180674094   0.0114538399138739   0
0.391120220430803   0.199869403694788   0.0249372577730492   0.0138302114500553   0
0.423680063030632   0.19056225792329   0.0325598425998285   -0.00930714577149766   0
0.391127402346409   0.196217029939994   -0.0325526606842222   0.005654772016704   0
0.362661096255512   0.185351981344171   -0.0284663060908971   -0.0108650485958228   0
0.387428790549554   0.197652268406931   0.0247676942940415   0.0123002870627601   0
0.386699593856381   0.174577761557715   -0.000729196693172784   -0.023074506849216   0
0.413043476907165   0.16989098295351   0.0263438830507843   -0.00468677860420483   0
0.430663616119135   0.177020931941176   0.01762013921197   0.00712994898766561   0
0.480869773735686   0.162797414619367   0.0502061576165508   -0.0142235173218094   0
0.41171648210147   0.159870516650382   -0.0691532916342162   -0.00292689796898496   0
0.474338717425734   0.163387055382304   0.0626222353242636   0.00351653873192204   0
0.405764482000138   0.166556212909216   -0.068574235425596   0.00316915752691191   0
0.49601918912655   0.161213049172516   0.0902547071264121   -0.00534316373669991   0
0.418446876836487   0.154735528515601   -0.0775723122900629   -0.0064775206569144   0
0.456216539589744   0.171763091327852   0.0377696627532567   0.0170275628122505   0
0.498989818067704   0.168264047033227   0.0427732784779601   -0.003499044294625   0
0.431811283232664   0.171058829244949   -0.0671785348350397   0.00279478221172172   0
0.491957710457932   0.18384232858961   0.0601464272252675   0.0127834993446609   0
0.43141510077985   0.186821338071465   -0.0605426096780812   0.00297900948185506   0
0.49804078800271   0.186240324928572   0.0666256872228593   -0.000581013142892883   0
0.458866899088668   0.192754478340323   -0.0391738889140414   0.0065141534117511   0
0.51920445928509   0.198106145796262   0.0603375601964215   0.00535166745593954   0
0.471804819433725   0.195953466890101   -0.0473996398513646   -0.00215267890616119   0
0.445988433985501   0.185006034903736   -0.0258163854482237   -0.0109474319863649   0
0.546901348968678   0.197887184497253   0.100912914983177   0.0128811495935171   0
0.448731261121219   0.174685756083603   -0.0981700878474588   -0.0232014284136505   0
0.538189125453601   0.217847079634431   0.0894578643323817   0.0431613235508279   0
0.496165426720806   0.24522396082357   -0.0420236987327947   0.0273768811891397   0
0.503969094737922   0.258442328348125   0.00780366801711502   0.0132183675245545   0
0.538246560304142   0.249319733595738   0.0342774655662201   -0.00912259475238644   0
0.534646731005259   0.243589670759558   -0.00359982929888247   -0.00573006283618016   0
0.507609907906741   0.253770979860779   -0.0270368230985182   0.0101813091012209   0
0.580994089267774   0.253324019292486   0.0733841813610329   -0.000446960568292798   0
0.546797102656772   0.259783782226682   -0.0341969866110022   0.00645976293419537   0
0.539971801694718   0.259730922780673   -0.00682530096205358   -5.28594460085796e-05   0
0.51307131601636   0.260950088354555   -0.0269004856783576   0.00121916557388174   0
0.580610633758985   0.258389718894735   0.0675393177426243   -0.00256036945982024   0
0.485313212059429   0.240700508501229   -0.0952974216995561   -0.0176892103935061   0
0.507786586722178   0.258967955478086   0.0224733746627492   0.0182674469768575   0
0.547642079591735   0.271628360530523   0.0398554928695569   0.0126604050524373   0
0.560509939814844   0.270926903321726   0.0128678602231092   -0.000701457208797107   0
0.561241708134882   0.28065723758038   0.000731768320037851   0.00973033425865399   0
0.51577541842299   0.267697346341909   -0.0454662897118923   -0.0129598912384712   0
0.61659055363313   0.286777819402059   0.100815135210141   0.0190804730601501   0
0.522962324513812   0.262047689744634   -0.0936282291193178   -0.024730129657425   0
0.5625595460097   0.276727267166158   0.0395972214958877   0.0146795774215236   0
0.574651200968031   0.280222889066008   0.0120916549583305   0.00349562189984992   0
0.559475297377856   0.28155282738813   -0.0151759035901751   0.00132993832212214   0
0.581452669528492   0.282351611644949   0.0219773721506367   0.000798784256819063   0
0.567872379815219   0.278131494130474   -0.0135802897132735   -0.00422011751447465   0
0.591243887907359   0.326639443657299   0.0233715080921405   0.0485079495268251   0
0.571747089570634   0.314319725733209   -0.0194967983367257   -0.0123197179240899   0
0.601988656292633   0.316031612991485   0.0302415667219995   0.00171188725827598   0
0.570801278305331   0.296079196642132   -0.031187377987302   -0.0199524163493539   0
0.550854175631809   0.316981737362344   -0.0199471026735221   0.0209025407202124   0
0.609620044712278   0.307422707590461   0.0587658690804691   -0.00955902977188311   0
0.557416980990901   0.307436389666627   -0.0522030637213776   1.36820761659218e-05   0
0.535709086709765   0.305332821714682   -0.021707894281136   -0.00210356795194439   0
0.594247915760931   0.300030154031224   0.0585388290511659   -0.00530266768345844   0
0.557961548301144   0.2888790415494   -0.0362863674597864   -0.0111511124818239   0
0.609084983409737   0.297233620628623   0.0511234351085933   0.00835457907922266   0
0.555886331851441   0.306695203467954   -0.0531986515582967   0.00946158283933179   0
0.606071507256561   0.294502834224902   0.0501851754051206   -0.0121923692430527   0
0.613894843759059   0.291876670080447   0.00782333650249822   -0.00262616414445499   0
0.560593218828278   0.300961054816898   -0.0533016249307811   0.00908438473645135   0
0.594164252416156   0.301078114025663   0.0335710335878779   0.000117059208764592   0
0.563548875717173   0.300279559161542   -0.0306153766989831   -0.000798554864120726   0
0.592657583435908   0.31163876073308   0.0291087077187345   0.0113592015715382   0
0.578104843716613   0.320414264729272   -0.0145527397192944   0.00877550399619176   0
0.618732120085777   0.33243499083317   0.0406272763691633   0.0120207261038983   0
0.592843405050178   0.324675206417121   -0.0258887150355983   -0.00775978441604946   0
0.576799747716562   0.337058990151947   -0.016043657333616   0.0123837837348258   0
0.633507363747739   0.351042150800655   0.0567076160311766   0.0139831606487087   0
0.632054063983644   0.375889570108696   -0.00145329976409514   0.0248474193080403   0
0.652407771551658   0.376595717067056   0.0203537075680139   0.000706146958360243   0
0.62931423682847   0.391046668898036   -0.0230935347231874   0.0144509518309799   0
0.67211670600276   0.395034290274591   0.0428024691742892   0.00398762137655545   0
0.629448792447011   0.393421264282004   -0.0426679135557488   -0.00161302599258767   0
0.680909060034451   0.412886241783678   0.0514602675874406   0.0194649775016746   0
0.69352305747538   0.412814867314938   0.0126139974409292   -7.13744687399487e-05   0
0.682697071675278   0.393737063076681   -0.0108259858001022   -0.0190778042382576   0
0.691394564350921   0.406613174358628   0.0086974926756429   0.0128761112819474   0
0.67332208244041   0.39694002620799   -0.0180724819105114   -0.00967314815063774   0
0.68873425493092   0.394650003018814   0.0154121724905105   -0.00229002318917615   0
0.665477789662893   0.407973755677066   -0.023256465268027   0.0133237526582515   0
0.737569324714965   0.435719281191744   0.072091535052072   0.0277455255146784   0
0.719548339270052   0.377544723169322   -0.0180209854449132   -0.0581745580224219   0
0.602928323475552   0.373132892509157   -0.1166200157945   -0.00441183066016515   0
0.662417098946608   0.414403536591147   0.0594887754710558   0.04127064408199   0
0.661592140659183   0.423295027720029   -0.000824958287424904   0.00889149112888205   0
0.681947708812047   0.432980302458437   0.0203555681528637   0.00968527473840852   0
0.750456248974582   0.441358934261277   0.0685085401625356   0.00837863180283932   0
0.693615702363348   0.44407555667054   -0.0568405466112345   0.00271662240926324   0
0.711119670903569   0.448272367197946   0.0175039685402211   0.00419681052740595   0
0.754037715627673   0.450566260430139   0.0429180447241045   0.0022938932321932   0
0.716562594433312   0.451560733473084   -0.0374751211943608   0.000994473042945254   0
0.758819027980321   0.460442046492553   0.0422564335470089   0.00888131301946821   0
0.707488561548524   0.461018623221449   -0.0513304664317972   0.00057657672889605   0
0.752936674155935   0.483368179081174   0.0454481126074104   0.0223495558597254   0
0.722576243319693   0.489239644784895   -0.0303604308362418   0.00587146570372066   0
0.747089963184488   0.508510917646072   0.0245137198647953   0.019271272861177   0
0.775828199238723   0.538544704334979   0.0287382360542351   0.0300337866889073   0
0.8085118320872   0.538485366293737   0.0326836328484764   -5.93380412422517e-05   0
0.789690732271185   0.539435949266222   -0.0188210998160149   0.00095058297248507   0
0.805644752449242   0.541725386269187   0.0159540201780569   0.00228943700296524   0
0.803525107409221   0.536394792518999   -0.00211964504002082   -0.00533059375018807   0
0.852230954925365   0.547846903065081   0.0487058475161444   0.0114521105460818   0
0.786323030097046   0.513964978475188   -0.0659079248283193   -0.0338819245898933   0
0.779065055427979   0.514496212965169   -0.00725797466906686   0.000531234489981047   0
0.836128389764395   0.529279702824036   0.057063334336416   0.0147834898588676   0
0.775555887710873   0.503053421161709   -0.0605725020535223   -0.0262262816623269   0
0.822795944358624   0.533674119297067   0.0472400566477511   0.0306206981353576   0
0.817966884586412   0.551344120853982   -0.00482905977221237   0.0176700015569148   0
0.826020018287087   0.554530930588186   0.00805313370067573   0.0031868097342046   0
0.879971359057214   0.574267497296338   0.0539513407701265   0.0197365667081522   0
0.80344215004442   0.55723070998398   -0.0765292090127939   -0.0170367873123588   0
0.854385500538838   0.586435684615329   0.0509433504944177   0.0292049746313497   0
0.872405612886002   0.588487597053031   0.0180201123471641   0.0020519124377012   0
0.844138083145761   0.584001552677302   -0.0282675297402405   -0.00448604437572819   0
0.920511923380681   0.619209016433667   0.0763738402349194   0.0352074637563651   0
0.827983036133591   0.602174124075005   -0.0925288872470892   -0.0170348923586621   0
0.859709269958164   0.619626504805516   0.0317262338245731   0.0174523807305106   0
0.876549656401165   0.618763198579836   0.0168403864430002   -0.00086330622567965   0
0.845343754505231   0.613787938641067   -0.0312059018959339   -0.00497525993876946   0
0.904054162479218   0.640060322389617   0.0587104079739871   0.0262723837485498   0
0.85738688138786   0.626101243145627   -0.0466672810913581   -0.0139590792439892   0
0.882674829886408   0.633530535292893   0.0252879484985487   0.00742929214726584   0
0.870535399329057   0.640834654838126   -0.0121394305573519   0.00730411954523258   0
0.886712569768806   0.66467143071389   0.0161771704397496   0.0238367758757644   0
0.898988598171301   0.654844874657159   0.0122760284024943   -0.00982655605673133   0
0.879479171920518   0.646285700934579   -0.0195094262507824   -0.00855917372257997   0
0.88258985917639   0.658935671834891   0.00311068725587194   0.0126499709003125   0
0.893575990281744   0.659062665025489   0.0109861311053544   0.000126993190597613   0
0.838086821968345   0.622557100629934   -0.0554891683133997   -0.0365055643955549   0
0.879932543211126   0.62429254990429   0.0418457212427812   0.00173544927435543   0
0.815862457126812   0.591538208398663   -0.0640700860843134   -0.0327543415056266   0
0.86829069910716   0.60272074337976   0.0524282419803472   0.0111825349810967   0
0.836264299408985   0.583877164875884   -0.032026399698175   -0.0188435785038759   0
0.875033701530404   0.599010041296471   0.0387694021214191   0.0151328764205872   0
0.85044709097921   0.593457805041142   -0.0245866105511943   -0.00555223625532908   0
0.847305461529076   0.5871030111239   -0.00314162945013385   -0.00635479391724214   0
0.849963069887745   0.59463908492547   0.00265760835866946   0.00753607380156984   0
