0.11664931179034   0.144862445724004   0   0   0
0.104841750983779   0.147003198267929   -0.0118075608065615   0.0021407525439249   0
0.285223082775027   0.202203503255384   0.180381331791248   0.0552003049874549   0
0.124748273480099   0.121774616995908   -0.160474809294928   -0.0804288862594762   0
0.175865177632309   0.14191545694092   0.0511169041522099   0.0201408399450119   0
0.0928966868139338   0.0963341214185815   -0.0829684908183752   -0.0455813355223381   0
0.16794933350416   0.108404563938748   0.0750526466902263   0.012070442520166   0
0.055213559836964   0.0971861679502799   -0.112735773667196   -0.0112183959884677   0
0.119383118667004   0.0843706447901905   0.0641695588300402   -0.0128155231600894   0
0.0677373271791853   0.0782985074002851   -0.0516457914878188   -0.0060721373899054   0
0.134153126400792   0.0628337511240774   0.0664157992216072   -0.0154647562762077   0
0.0339048906854407   0.0822900852295343   -0.100248235715352   0.0194563341054569   0
0.119732371500777   0.0541558638833783   0.085827480815336   -0.028134221346156   0
0.0983881384782231   0.0437606472065371   -0.0213442330225536   -0.0103952166768412   0
0.170945472276968   0.04972637063023   0.0725573337987448   0.00596572342369292   0
0.075857192418979   0.0387165563518697   -0.0950882798579889   -0.0110098142783603   0
0.128416076632367   0.0522994153098053   0.0525588842133882   0.0135828589579357   0
0.0868834259244788   0.0262793772801982   -0.0415326507078884   -0.0260200380296071   0
0.084089327579307   0.0238544950858324   -0.00279409834517182   -0.00242488219436589   0
0.106323385220873   0.0343077653784825   0.0222340576415657   0.0104532702926501   0
0.0508764338176331   0.0223535901619293   -0.0554469514032397   -0.0119541752165532   0
0.105422141844776   0.0228545756105648   0.0545457080271426   0.000500985448635582   0
0.0747702201575601   0.0301285659055505   -0.0306519216872156   0.00727399029498567   0
0.106272244692253   0.0226861403844181   0.0315020245346925   -0.00744242552113242   0
0.0780789417118982   0.0183540255157418   -0.0281933029803543   -0.00433211486867631   0
0.0856451063365619   0.0418082425766439   0.0075661646246637   0.0234542170609021   0
0.0697201463800099   0.0312278309785518   -0.0159249599565521   -0.0105804115980921   0
0.0884358086266536   0.0628025327014166   0.0187156622466438   0.0315747017228648   0
0.0724540132032036   0.0415973701414524   -0.01598179542345   -0.0212051625599641   0
0.0659277647053357   0.046800229346313   -0.00652624849786794   0.00520285920486059   0
0.0889907533998401   0.0481401602972508   0.0230629886945045   0.00133993095093773   0
0.116333207041146   0.0160342891933194   0.0273424536413057   -0.0321058711039314   0
0.0853839769007043   0.0449230348880727   -0.0309492301404415   0.0288887456947533   0
0.0867325612276035   0.0211884256684516   0.00134858432689927   -0.0237346092196211   0
0.0877114751955757   0.0638155566779371   0.000978913967972186   0.0426271310094854   0
0.0715553498322103   0.0325983375776281   -0.0161561253633654   -0.031217219100309   0
0.091364175592724   0.0711472893048815   0.0198088257605137   0.0385489517272534   0
0.067844859842582   0.0607193317053434   -0.0235193157501419   -0.010427957599538   0
0.0962304040240692   0.0900349027003613   0.0283855441814872   0.0293155709950178   0
0.0846206664964304   0.0897207098682546   -0.0116097375276388   -0.000314192832106652   0
0.0806658734879255   0.0795106500457236   -0.00395479300850492   -0.010210059822531   0
0.117159075532927   0.10305772835011   0.0364932020450011   0.0235470783043861   0
0.0812781370732622   0.0758742884654019   -0.0358809384596644   -0.0271834398847077   0
0.0968487401744597   0.0950287924802979   0.0155706031011975   0.019154504014896   0
0.0863034138268585   0.0685925849045106   -0.0105453263476011   -0.0264362075757873   0
0.115756130435153   0.089411178613443   0.0294527166082942   0.0208185937089323   0
0.10684689471688   0.14700818557333   -0.00890923571827293   0.0575970069598866   0
0.132801733526675   0.137615262817983   0.0259548388097952   -0.0093929227553467   0
0.100067821337881   0.0799722219748832   -0.0327339121887944   -0.0576430408430996   0
0.115030249324471   0.108556459764694   0.0149624279865905   0.0285842377898103   0
0.0778455296511624   0.0786862546755944   -0.0371847196733088   -0.0298702050890991   0
0.102622567637533   0.0702586758776525   0.0247770379863704   -0.0084275787979419   0
0.103250893502526   0.0745658871905411   0.000628325864993354   0.00430721131288864   0
0.100638440068296   0.0504111560400572   -0.00261245343423021   -0.0241547311504839   0
0.105947816784396   0.0651421265792231   0.00530937671610028   0.0147309705391659   0
0.102534597514644   0.0501012451635209   -0.00341321926975247   -0.0150408814157022   0
0.115399670564781   0.0615312127577364   0.0128650730501373   0.0114299675942156   0
0.0970720962374873   0.0251098550820609   -0.0183275743272937   -0.0364213576756755   0
0.111020110156404   0.0436346079014697   0.0139480139189163   0.0185247528194088   0
0.107501875051368   0.0342552638087565   -0.00351823510503535   -0.00937934409271322   0
0.115481245632397   0.0530840393263776   0.00797937058102867   0.0188287755176211   0
0.106314675827423   0.0294289809781956   -0.00916656980497416   -0.0236550583481819   0
0.112411192272923   0.0783167928743742   0.0060965164454999   0.0488878118961786   0
0.102233706251167   0.0319480744020163   -0.0101774860217552   -0.0463687184723579   0
0.117074332138902   0.0744629461929798   0.0148406258877348   0.0425148717909635   0
0.101156503470266   0.0574472889426437   -0.0159178286686359   -0.017015657250336   0
0.123701485495082   0.0545776539114483   0.0225449820248158   -0.00286963503119547   0
0.114904726792746   0.0575450951777786   -0.00879675870233609   0.00296744126633034   0
0.117778906407132   0.0653801714530914   0.00287417961438616   0.00783507627531278   0
0.133834572410421   0.0405671998100328   0.0160556660032884   -0.0248129716430586   0
0.119227000506177   0.0210800189593036   -0.0146075719042433   -0.0194871808507292   0
0.155535019953353   0.0231286302506077   0.036308019447176   0.00204861129130407   0
0.148386486542462   0.0386040317677574   -0.00714853341089078   0.0154754015171497   0
0.13310055213473   0.0354546043952827   -0.0152859344077324   -0.00314942737247472   0
0.154545068081935   0.0641745883924081   0.0214445159472052   0.0287199839971254   0
0.139164146278882   0.0567168948184754   -0.0153809218030535   -0.00745769357393272   0
0.140578470578464   0.0643899827243726   0.00141432429958199   0.00767308790589721   0
0.149870393264234   0.0612469864003528   0.00929192268577009   -0.0031429963240198   0
0.17514225004881   0.0521796121175215   0.0252718567845765   -0.00906737428283125   0
0.162985180633578   0.0370634687408302   -0.0121570694152325   -0.0151161433766913   0
0.205042133962657   0.0555122444920488   0.0420569533290787   0.0184487757512185   0
0.17003454427645   0.0491365736062264   -0.0350075896862067   -0.00637567088582242   0
0.206742983389135   0.0678770488497585   0.0367084391126847   0.0187404752435321   0
0.159982506654384   0.0540334019317912   -0.0467604767347507   -0.0138436469179672   0
0.185325045804419   0.064127994812913   0.025342539150035   0.0100945928811218   0
0.17267869501722   0.0664378282324159   -0.0126463507871992   0.00230983341950287   0
0.174352026631095   0.0696354435304501   0.00167333161387503   0.00319761529803417   0
0.166483263090138   0.0753573058032365   -0.00786876354095711   0.00572186227278644   0
0.161600855708316   0.0744393213031426   -0.00488240738182161   -0.000917984500093907   0
0.178170676617254   0.076388454411907   0.0165698209089376   0.00194913310876443   0
0.156805642809084   0.0791374161263969   -0.0213650338081698   0.00274896171448984   0
0.173328256236079   0.104670610503856   0.0165226134269955   0.0255331943774594   0
0.159748363537784   0.0855732987633993   -0.0135798926982954   -0.019097311740457   0
0.156144346508767   0.0831643322720143   -0.00360401702901669   -0.002408966491385   0
0.164202716540683   0.0784719022186604   0.00805837003191598   -0.0046924300533539   0
0.164702127009854   0.0726467000342239   0.000499410469170458   -0.00582520218443655   0
0.176237264746024   0.0897526093899364   0.0115351377361698   0.0171059093557126   0
0.166016353247775   0.0818267668732067   -0.0102209114982486   -0.00792584251672972   0
0.176448122562355   0.0777475003207338   0.0104317693145804   -0.00407926655247291   0
0.194838526687716   0.0798296173790781   0.0183904041253611   0.00208211705834428   0
0.163176628878924   0.0782549993656795   -0.0316618978087927   -0.00157461801339856   0
0.182033134424368   0.0894560216509705   0.0188565055454442   0.011201022285291   0
0.161683072379795   0.0695435828136572   -0.020350062044573   -0.0199124388373133   0
0.198874207275881   0.079845215852689   0.0371911348960859   0.0103016330390318   0
0.156162414769624   0.0856127756831888   -0.042711792506257   0.00576755983049979   0
0.203702941228373   0.0709892849897962   0.0475405264587493   -0.0146234906933926   0
0.149703240959573   0.0969903452175653   -0.0539997002688   0.0260010602277692   0
0.195524081626177   0.0774187912731948   0.0458208406666041   -0.0195715539443706   0
0.146936733750249   0.125420906192907   -0.0485873478759277   0.0480021149197123   0
0.20086363207201   0.0821891018822643   0.053926898321761   -0.0432318043106428   0
0.16628150102131   0.0975107255404373   -0.0345821310507003   0.015321623658173   0
0.188911101141489   0.119559247207451   0.0226296001201791   0.0220485216670141   0
0.154029658801057   0.108498879161261   -0.0348814423404324   -0.0110603680461901   0
0.199268933033771   0.118457140554084   0.0452392742327143   0.00995826139282256   0
0.148460500778018   0.105197490268257   -0.0508084322557528   -0.0132596502858271   0
0.200223001907873   0.127607597745981   0.0517625011298543   0.0224101074777238   0
0.162637083470068   0.111773722627783   -0.0375859184378043   -0.0158338751181979   0
0.20331720137315   0.11094593325635   0.0406801179030815   -0.000827789371432547   0
0.15588341070919   0.123153992258361   -0.04743379066396   0.0122080590020111   0
0.2065407364008   0.115101614685286   0.0506573256916104   -0.00805237757307542   0
0.160931715821711   0.113644859341503   -0.0456090205790891   -0.00145675534378283   0
0.232598508237177   0.123200908410216   0.0716667924154656   0.00955604906871331   0
0.163793642206589   0.114863805131164   -0.0688048660305881   -0.00833710327905238   0
0.198309035277165   0.123357322897994   0.0345153930705766   0.00849351776683027   0
0.157631789365026   0.129048537120496   -0.0406772459121391   0.0056912142225017   0
0.186142741523515   0.124029833348917   0.0285109521584885   -0.00501870377157937   0
0.149898986084796   0.13101609526334   -0.0362437554387183   0.00698626191442317   0
0.20035710208393   0.132784380653336   0.0504581159991337   0.00176828538999618   0
0.157692491334389   0.130723628458869   -0.042664610749541   -0.00206075219446661   0
0.204282839849778   0.146778625757985   0.0465903485153887   0.0160549972991153   0
0.172843915914706   0.143739913739504   -0.0314389239350717   -0.00303871201848074   0
0.220468033373299   0.118838350705504   0.0476241174585927   -0.0249015630339997   0
0.168169869985024   0.134949299598553   -0.0522981633882745   0.0161109488930488   0
0.205892974961969   0.149062523820116   0.0377231049769447   0.0141132242215626   0
0.164460454097421   0.136194748173167   -0.0414325208645477   -0.012867775646948   0
0.206571104426539   0.137979711526958   0.0421106503291175   0.00178496335379033   0
0.166791773445965   0.144664675032504   -0.0397793309805742   0.00668496350554623   0
0.201447107518599   0.129788980443497   0.0346553340726344   -0.0148756945890069   0
0.176479637148029   0.135396763753828   -0.02496747037057   0.00560778331033113   0
0.213554885310545   0.142421872873876   0.0370752481625159   0.0070251091200477   0
0.190032399768303   0.149882724010816   -0.0235224855422423   0.0074608511369402   0
0.218027386494656   0.159855757594628   0.0279949867263531   0.00997303358381188   0
0.188241625748292   0.158967673925775   -0.0297857607463638   -0.000888083668852846   0
0.218629208336764   0.167524397747231   0.0303875825884717   0.00855672382145589   0
0.183747412492612   0.149617010065667   -0.0348817958441519   -0.0179073876815638   0
0.20652843266168   0.166411022794533   0.0227810201690681   0.0167940127288654   0
0.18862113221336   0.146594927423632   -0.0179073004483194   -0.0198160953709005   0
0.212171792558978   0.153763798240914   0.0235506603456176   0.00716887081728171   0
0.190397965922039   0.162720702561967   -0.0217738266369388   0.00895690432105262   0
0.193706317822135   0.15708439404107   0.00330835190009587   -0.00563630852089705   0
0.202179972351096   0.153557382970577   0.00847365452896109   -0.00352701107049239   0
0.207413685797635   0.159709240957591   0.0052337134465387   0.00615185798701429   0
0.349187592875234   0.114040352202729   0.141773907077599   -0.0456688887548623   0
0.261833757952656   0.107346234120031   -0.0873538349225779   -0.00669411808269814   0
0.201466715043602   0.136277134998878   -0.0603670429090537   0.0289309008788473   0
0.277128504285942   0.127664405699083   0.0756617892423402   -0.00861272929979551   0
0.204489807196277   0.159439531372406   -0.0726386970896657   0.0317751256733234   0
0.307048790385027   0.103392168203762   0.10255898318875   -0.0560473631686442   0
0.23635970315646   0.132248352100215   -0.0706890872285665   0.0288561838964532   0
0.273986602505031   0.117250655329896   0.037626899348571   -0.0149976967703195   0
0.214937548868177   0.187153540862503   -0.0590490536368542   0.0699028855326071   0
0.270760569154742   0.144629057115963   0.0558230202865653   -0.0425244837465397   0
0.221793519798956   0.175502443049947   -0.0489670493557861   0.0308733859339843   0
0.254751725659886   0.164172235718802   0.0329582058609301   -0.011330207331145   0
0.233471570660335   0.200660572806549   -0.0212801549995518   0.036488337087747   0
0.253258881830431   0.152838062803617   0.019787311170096   -0.047822510002932   0
0.225899180417747   0.161955938467412   -0.0273597014126832   0.00911787566379418   0
0.247279013979371   0.127830410720063   0.0213798335616237   -0.0341255277473486   0
0.240250871875712   0.166383956566161   -0.00702814210365865   0.0385535458460975   0
0.253470533699679   0.159725250348599   0.0132196618239663   -0.00665870621756193   0
0.228892434663727   0.185679081747245   -0.024578099035952   0.0259538313986462   0
0.257670361557165   0.160450767481025   0.0287779268934381   -0.0252283142662196   0
0.257166311319271   0.185990754161067   -0.000504050237893405   0.0255399866800419   0
0.273038296568448   0.168071839346371   0.015871985249177   -0.0179189148146956   0
0.286962157619589   0.182002834331639   0.0139238610511409   0.0139309949852675   0
0.269568015592522   0.166012981584272   -0.0173941420270676   -0.0159898527473664   0
0.252316841408099   0.195988089103012   -0.0172511741844222   0.0299751075187391   0
0.283419877709733   0.164689268400373   0.0311030363016335   -0.0312988207026388   0
0.29080427624815   0.179568128821626   0.00738439853841688   0.0148788604212531   0
0.266868718058618   0.198428078872422   -0.0239355581895321   0.0188599500507959   0
0.250806100240186   0.209486701631034   -0.0160626178184322   0.0110586227586126   0
0.271372318466715   0.195516602499634   0.0205662182265291   -0.0139700991314   0
0.273735657853503   0.190288354381581   0.00236333938678823   -0.00522824811805367   0
0.268051115848097   0.212829057563811   -0.00568454200540575   0.0225407031822305   0
0.262590534539994   0.203802461440607   -0.00546058130810273   -0.00902659612320433   0
0.278886441368167   0.219671368617419   0.0162959068281725   0.0158689071768123   0
0.282478618324025   0.20039172548037   0.00359217695585773   -0.019279643137049   0
0.265559279220836   0.251526057778314   -0.0169193391031885   0.0511343322979444   0
0.28501833033684   0.209664909440636   0.0194590511160038   -0.0418611483376787   0
0.228940033295796   0.268665173813057   -0.0560782970410444   0.059000264372421   0
0.268482331380316   0.229672183721712   0.0395422980845208   -0.0389929900913444   0
0.2856187969182   0.218898547374691   0.0171364655378837   -0.010773636347021   0
0.265317952067251   0.240714832297991   -0.0203008448509492   0.0218162849232998   0
0.273431943945765   0.231907595279348   0.00811399187851419   -0.00880723701864289   0
0.261300514571326   0.2126029561683   -0.0121314293744386   -0.0193046391110485   0
0.289227041386883   0.216263897471353   0.027926526815557   0.0036609413030535   0
0.279138822662058   0.200963699001835   -0.0100882187248252   -0.0153001984695186   0
0.283887406118764   0.196120790924241   0.0047485834567057   -0.00484290807759327   0
0.262263123727088   0.194338712765239   -0.0216242823916757   -0.00178207815900255   0
0.253203576353455   0.210040654913519   -0.00905954737363313   0.0157019421482802   0
0.252542997457265   0.200526969636256   -0.000660578896190422   -0.0095136852772629   0
0.278511889765949   0.191194645901762   0.0259688923086841   -0.00933232373449455   0
0.276008749558433   0.182938327275205   -0.00250314020751541   -0.00825631862655665   0
0.274514622728116   0.188764398656765   -0.00149412683031719   0.00582607138155977   0
0.256392549134213   0.172360278029771   -0.0181220735939029   -0.0164041206269936   0
0.26390220990058   0.188526318848987   0.00750966076636705   0.0161660408192161   0
0.291153120724834   0.168608781331964   0.027250910824254   -0.0199175375170234   0
0.261248324834273   0.170702662158803   -0.0299047958905618   0.00209388082683934   0
0.281160111980523   0.172216536759685   0.01991178714625   0.00151387460088201   0
0.250750302164883   0.174580873815268   -0.0304098098156398   0.00236433705558273   0
0.265123130434823   0.17673769216229   0.01437282826994   0.00215681834702242   0
0.266286220600879   0.184762829421538   0.00116309016605631   0.00802513725924811   0
0.269577435917771   0.173341388556657   0.00329121531689208   -0.0114214408648813   0
0.274877536972813   0.150466849444994   0.00530010105504153   -0.0228745391116631   0
0.26874423651437   0.174601441876206   -0.00613330045844268   0.0241345924312115   0
0.28638289150604   0.149243044471794   0.0176386549916696   -0.0253583974044112   0
0.266009196769379   0.177812839114615   -0.0203736947366608   0.0285697946428207   0
0.289595963910773   0.14717646860317   0.0235867671413948   -0.0306363705114447   0
0.280309777903933   0.166698813978984   -0.0092861860068405   0.0195223453758138   0
0.300049531556775   0.163321018429962   0.0197397536528419   -0.00337779554902221   0
0.278075484774635   0.190674063093935   -0.0219740467821395   0.0273530446639732   0
0.295520964622224   0.173845594063381   0.0174454798475891   -0.0168284690305538   0
0.273682585628041   0.18563674188549   -0.0218383789941834   0.0117911478221085   0
0.297828353493686   0.177802717676081   0.0241457678656451   -0.0078340242094094   0
0.294644435484467   0.164597125460927   -0.00318391800921947   -0.013205592215154   0
0.284294875703749   0.173316882145104   -0.0103495597807178   0.00871975668417782   0
0.270767805580002   0.167513152121378   -0.0135270701237464   -0.00580373002372614   0
0.274221704345681   0.167272008997322   0.00345389876567842   -0.000241143124056736   0
0.29042352433293   0.168920419263221   0.0162018199872492   0.0016484102658999   0
0.287419522380161   0.158936823864146   -0.00300400195276884   -0.00998359539907562   0
0.295621062682634   0.180462959202914   0.00820154030247305   0.0215261353387679   0
0.299250818129893   0.161593577450529   0.0036297554472583   -0.0188693817523851   0
0.290360666014889   0.177193694913927   -0.00889015211500338   0.0156001174633988   0
0.304524406662192   0.155590210142934   0.0141637406473027   -0.021603484770993   0
0.301062523903258   0.155564498364826   -0.00346188275893355   -2.57117781082838e-05   0
0.305664596611318   0.164549261823018   0.00460207270806007   0.00898476345819144   0
0.294176290479722   0.162968439406991   -0.011488306131596   -0.00158082241602692   0
0.311182430469395   0.163122742937979   0.0170061399896729   0.000154303530988387   0
0.307031280988257   0.159965620902586   -0.00415114948113826   -0.00315712203539265   0
0.301275316229193   0.175836640221826   -0.00575596475906437   0.01587101931924   0
0.313471475941289   0.170851676755197   0.0121961597120961   -0.00498496346662888   0
0.308692146240943   0.184662444550185   -0.00477932970034539   0.0138107677949871   0
0.315511653235265   0.168991092560348   0.00681950699432149   -0.0156713519898369   0
0.303569347357016   0.164058684114862   -0.0119423058782485   -0.0049324084454859   0
0.305126934939362   0.171433411166698   0.00155758758234609   0.00737472705183578   0
0.297445640238683   0.164515096281466   -0.00768129470067958   -0.00691831488523167   0
0.317550455105342   0.186366764775134   0.0201048148666593   0.0218516684936678   0
0.309003349557266   0.167826317606179   -0.00854710554807614   -0.0185404471689549   0
0.312967794071531   0.180622320573206   0.00396444451426459   0.0127960029670272   0
0.314335114119979   0.159371047392555   0.00136732004844797   -0.0212512731806511   0
0.317929118071371   0.161636625219967   0.00359400395139275   0.00226557782741185   0
0.316633606159296   0.152705181513268   -0.00129551191207572   -0.00893144370669924   0
0.303265471799511   0.177473125836702   -0.0133681343597847   0.0247679443234348   0
0.300416961933177   0.156152195687413   -0.00284850986633384   -0.0213209301492898   0
0.304801414354068   0.172921257083969   0.00438445242089047   0.0167690613965561   0
0.302204297624322   0.153512834051131   -0.00259711672974522   -0.019408423032838   0
0.300349723526306   0.17465876268384   -0.00185457409801643   0.0211459286327094   0
0.315587098410455   0.14081843340292   0.0152373748841488   -0.0338403292809206   0
0.306970810958306   0.17195350444815   -0.00861628745214882   0.0311350710452306   0
0.313650732520363   0.154992973009553   0.0066799215620566   -0.0169605314385973   0
0.305760262795891   0.170387361528078   -0.00789046972447194   0.0153943885185252   0
0.317344107939379   0.163027521070286   0.011583845143488   -0.00735984045779225   0
0.291525865659944   0.194907991946841   -0.0258182422794341   0.0318804708765555   0
0.33066078781617   0.175192280477508   0.0391349221562252   -0.0197157114693329   0
0.30610348934105   0.169164795703036   -0.0245572984751196   -0.00602748477447221   0
0.316497727115852   0.158229358643584   0.0103942377748014   -0.0109354370594521   0
0.30986575467586   0.163732412983807   -0.00663197243999197   0.005503054340223   0
0.320185503658567   0.17895330827132   0.010319748982707   0.0152208952875126   0
0.297742082552265   0.172033222827925   -0.0224434211063013   -0.00692008544339473   0
0.314099790954977   0.177046006369813   0.0163577084027113   0.00501278354188836   0
0.321034453659681   0.165212342833518   0.00693466270470461   -0.0118336635362951   0
0.310111260006808   0.179331283335479   -0.0109231936528734   0.0141189405019611   0
0.317644109652611   0.16005726974199   0.0075328496458032   -0.0192740135934899   0
0.314337509792129   0.158467618069118   -0.00330659986048193   -0.00158965167287106   0
0.318364762243264   0.174881062575605   0.00402725245113478   0.016413444506486   0
0.310479614663008   0.163154372314995   -0.00788514758025582   -0.0117266902606095   0
0.321932458498332   0.162484240728909   0.0114528438353235   -0.000670131586086115   0
0.329250731328527   0.157180284373876   0.00731827283019554   -0.00530395635503295   0
0.317987967812321   0.176568733232982   -0.0112627635162057   0.0193884488591062   0
0.323691885899678   0.166628091510893   0.00570391808735626   -0.00994064172208922   0
0.338043970058053   0.162534010984624   0.0143520841583755   -0.00409408052626853   0
0.346910943930341   0.171599567943337   0.00886697387228746   0.00906555695871283   0
0.331535137421496   0.183293514066919   -0.0153758065088451   0.0116939461235823   0
0.341949639031832   0.150464193192467   0.0104145016103361   -0.0328293208744526   0
0.335069439287277   0.163023241025628   -0.006880199744555   0.0125590478331611   0
0.338130942813077   0.154443454816771   0.00306150352579987   -0.00857978620885694   0
0.332254719014509   0.163470936678359   -0.005876223798568   0.00902748186158778   0
0.344816892479893   0.147724389660484   0.0125621734653844   -0.0157465470178749   0
0.320893272090582   0.165135014169777   -0.0239236203893113   0.0174106245092932   0
0.320882514932257   0.152151239742969   -1.07571583248256e-05   -0.0129837744268079   0
0.328093481244642   0.157972336360674   0.00721096631238494   0.00582109661770497   0
0.327359102207973   0.161746706080688   -0.000734379036668953   0.00377436972001388   0
0.322405206230308   0.171206962313161   -0.00495389597766427   0.00946025623247257   0
0.329539413506184   0.172636863262138   0.00713420727587594   0.00142990094897696   0
0.322774215372537   0.154636234960471   -0.00676519813364745   -0.0180006283016666   0
0.321592838708218   0.164854002540892   -0.00118137666431889   0.0102177675804212   0
0.311497646189983   0.149597192286227   -0.0100951925182348   -0.0152568102546648   0
0.320555940179308   0.158113863758053   0.00905829398932462   0.00851667147182508   0
0.322079701337122   0.146566465395985   0.00152376115781455   -0.0115473983620674   0
0.317232206193019   0.15689534000967   -0.0048474951441036   0.010328874613685   0
0.324840582991781   0.137683768452213   0.00760837679876186   -0.0192115715574575   0
0.317598737073177   0.160807082519707   -0.00724184591860383   0.0231233140674948   0
0.329429939006764   0.155385140263065   0.0118312019335868   -0.00542194225664205   0
0.315537332565023   0.152404626350383   -0.0138926064417405   -0.00298051391268189   0
0.318987191404749   0.15953633218572   0.00344985883972593   0.00713170583533684   0
