0.125858667927163   0.0686617636361207   0   0   0
0.125858667927163   0.0686617636361207   -0.203042436491612   -0.138679110004968   0
0.106213272471052   0.056977538191735   -0.0196453954561111   -0.0116842254443856   0
0.106213272471052   0.056977538191735   -0.0196453954561111   -0.0116842254443856   0
0.122724890841467   0.0846144060211528   0.0165116183704147   0.0276368678294178   0
0.122724890841467   0.0846144060211528   0.0165116183704147   0.0276368678294178   0
0.113882682494969   0.0616141420317811   -0.00884220834649768   -0.0230002639893717   0
0.113882682494969   0.0616141420317811   -0.00884220834649768   -0.0230002639893717   0
0.113474607541687   0.0702635025543162   -0.000408074953281878   0.00864936052253507   0
0.113474607541687   0.0702635025543162   -0.000408074953281878   0.00864936052253507   0
0.11130986933682   0.0760651967214974   -0.00216473820486721   0.00580169416718122   0
0.11130986933682   0.0760651967214974   -0.00216473820486721   0.00580169416718122   0
0.102049309764692   0.0667592080020614   -0.00926055957212857   -0.009305988719436   0
0.102049309764692   0.0667592080020614   -0.00926055957212857   -0.009305988719436   0
0.11905695259253   0.084179670740699   0.0170076428278386   0.0174204627386376   0
0.11905695259253   0.084179670740699   0.0170076428278386   0.0174204627386376   0
0.0950773160172814   0.058629878402121   -0.0239796365752488   -0.025549792338578   0
0.0950773160172814   0.058629878402121   -0.0239796365752488   -0.025549792338578   0
0.0867296041004454   0.0662285006762572   -0.00834771191683602   0.00759862227413616   0
0.0867296041004454   0.0662285006762572   -0.00834771191683602   0.00759862227413616   0
0.11482937659863   0.076249679242686   0.0280997724981846   0.0100211785664288   0
0.11482937659863   0.076249679242686   0.0280997724981846   0.0100211785664288   0
0.10053567627534   0.0397257369569464   -0.0142937003232898   -0.0365239422857396   0
0.10053567627534   0.0397257369569464   -0.0142937003232898   -0.0365239422857396   0
0.0659489497889087   0.107251381743185   -0.0345867264864315   0.067525644786239   0
0.0659489497889087   0.107251381743185   -0.0345867264864315   0.067525644786239   0
0.106121412203193   0.0675417705557087   0.0401724624142843   -0.0397096111874768   0
0.106121412203193   0.0675417705557087   0.0401724624142843   -0.0397096111874768   0
0.102623689176476   0.0663725681676549   -0.00349772302671679   -0.00116920238805379   0
0.102623689176476   0.0663725681676549   -0.00349772302671679   -0.00116920238805379   0
0.0935297615186738   0.0689541987892144   -0.00909392765780237   0.00258163062155949   0
0.0935297615186738   0.0689541987892144   -0.00909392765780237   0.00258163062155949   0
0.110919818903206   0.0368198709247126   0.0173900573845321   -0.0321343278645018   0
0.110919818903206   0.0368198709247126   0.0173900573845321   -0.0321343278645018   0
0.0954910541190639   0.0621295566109239   -0.015428764784142   0.0253096856862113   0
0.0954910541190639   0.0621295566109239   -0.015428764784142   0.0253096856862113   0
0.140935088374932   0.114788083611932   0.0454440342558684   0.0526585270010086   0
0.140935088374932   0.114788083611932   0.0454440342558684   0.0526585270010086   0
0.109845564546685   0.0400494074596451   -0.0310895238282471   -0.0747386761522874   0
0.109845564546685   0.0400494074596451   -0.0310895238282471   -0.0747386761522874   0
0.087316837845458   0.0403488348244717   -0.0225287267012273   0.000299427364826611   0
0.087316837845458   0.0403488348244717   -0.0225287267012273   0.000299427364826611   0
0.0895887145725956   0.0310901015706366   0.00227187672713763   -0.00925873325383511   0
0.0895887145725956   0.0310901015706366   0.00227187672713763   -0.00925873325383511   0
0.108335007512161   0.0403851016318518   0.0187462929395655   0.00929500006121522   0
0.108335007512161   0.0403851016318518   0.0187462929395655   0.00929500006121522   0
0.167668408359744   0.0321528780609528   0.0593334008475833   -0.00823222357089901   0
0.167668408359744   0.0321528780609528   0.0593334008475833   -0.00823222357089901   0
0.168998067966826   0.0335265444116476   0.00132965960708176   0.00137366635069475   0
0.168998067966826   0.0335265444116476   0.00132965960708176   0.00137366635069475   0
0.203824514771604   0.038729405166004   0.0348264468047783   0.00520286075435648   0
0.203824514771604   0.038729405166004   0.0348264468047783   0.00520286075435648   0
0.207778526600465   0.0453053791844249   0.00395401182886021   0.00657597401842092   0
0.207778526600465   0.0453053791844249   0.00395401182886021   0.00657597401842092   0
0.247994067195346   0.0683433351063183   0.0402155405948818   0.0230379559218934   0
0.247994067195346   0.0683433351063183   0.0402155405948818   0.0230379559218934   0
0.23303354808482   0.033729511583044   -0.0149605191105267   -0.0346138235232743   0
0.23303354808482   0.033729511583044   -0.0149605191105267   -0.0346138235232743   0
0.211477533899466   0.029559481465855   -0.0215560141853532   -0.00417003011718903   0
0.211477533899466   0.029559481465855   -0.0215560141853532   -0.00417003011718903   0
0.232838073388632   0.0675849266925598   0.0213605394891656   0.0380254452267048   0
0.232838073388632   0.0675849266925598   0.0213605394891656   0.0380254452267048   0
0.231277598476485   0.0397944179780908   -0.00156047491214753   -0.0277905087144689   0
0.231277598476485   0.0397944179780908   -0.00156047491214753   -0.0277905087144689   0
0.197427347590373   0.0597656442359864   -0.0338502508861115   0.0199712262578956   0
0.197427347590373   0.0597656442359864   -0.0338502508861115   0.0199712262578956   0
0.210079920266955   0.0617010304564883   0.0126525726765815   0.00193538622050188   0
0.210079920266955   0.0617010304564883   0.0126525726765815   0.00193538622050188   0
0.22107435383963   0.0488240271189299   0.0109944335726758   -0.0128770033375585   0
0.22107435383963   0.0488240271189299   0.0109944335726758   -0.0128770033375585   0
0.186104725681955   0.057896668390353   -0.0349696281576757   0.00907264127142311   0
0.186104725681955   0.057896668390353   -0.0349696281576757   0.00907264127142311   0
0.188543480440789   0.0591629797134365   0.00243875475883409   0.00126631132308352   0
0.188543480440789   0.0591629797134365   0.00243875475883409   0.00126631132308352   0
0.150198346560839   0.0665318376821954   -0.0383451338799494   0.00736885796875892   0
0.150198346560839   0.0665318376821954   -0.0383451338799494   0.00736885796875892   0
0.158411438564753   0.0621625556196815   0.00821309200391329   -0.0043692820625139   0
0.158411438564753   0.0621625556196815   0.00821309200391329   -0.0043692820625139   0
0.171363575235258   0.054761455275837   0.0129521366705056   -0.0074011003438445   0
0.171363575235258   0.054761455275837   0.0129521366705056   -0.0074011003438445   0
0.158829505902647   0.0540206164683448   -0.0125340693326115   -0.000740838807492289   0
0.158829505902647   0.0540206164683448   -0.0125340693326115   -0.000740838807492289   0
0.165028592126698   0.0596960242760982   0.00619908622405113   0.00567540780775341   0
0.165028592126698   0.0596960242760982   0.00619908622405113   0.00567540780775341   0
0.179979161899927   0.0745080058297932   0.0149505697732287   0.0148119815536951   0
0.179979161899927   0.0745080058297932   0.0149505697732287   0.0148119815536951   0
0.189483592982216   0.0757728614938752   0.00950443108228916   0.00126485566408201   0
0.189483592982216   0.0757728614938752   0.00950443108228916   0.00126485566408201   0
0.189131512512306   0.0810152029791631   -0.000352080469909921   0.00524234148528788   0
0.189131512512306   0.0810152029791631   -0.000352080469909921   0.00524234148528788   0
0.214699021455828   0.10081927362976   0.0255675089435219   0.0198040706505973   0
0.214699021455828   0.10081927362976   0.0255675089435219   0.0198040706505973   0
0.199794271010802   0.0851947642753503   -0.0149047504450263   -0.0156245093544101   0
0.199794271010802   0.0851947642753503   -0.0149047504450263   -0.0156245093544101   0
0.222776849035756   0.0877902584906207   0.0229825780249545   0.0025954942152704   0
0.222776849035756   0.0877902584906207   0.0229825780249545   0.0025954942152704   0
0.220720189607233   0.0707321502543398   -0.00205665942852293   -0.0170581082362809   0
0.220720189607233   0.0707321502543398   -0.00205665942852293   -0.0170581082362809   0
0.110935965626816   0.121439958388384   -0.109784223980418   0.0507078081340445   0
0.110935965626816   0.121439958388384   -0.109784223980418   0.0507078081340445   0
0.107822130319242   0.0864361572104666   -0.00311383530757356   -0.0350038011779177   0
0.107822130319242   0.0864361572104666   -0.00311383530757356   -0.0350038011779177   0
0.126632470246774   0.0784855868244769   0.0188103399275316   -0.00795057038598972   0
0.126632470246774   0.0784855868244769   0.0188103399275316   -0.00795057038598972   0
0.0821367708941008   0.119112580116764   -0.0444956993526728   0.040626993292287   0
0.0821367708941008   0.119112580116764   -0.0444956993526728   0.040626993292287   0
0.0939987508136917   0.119218282558717   0.0118619799195909   0.000105702441952724   0
0.0939987508136917   0.119218282558717   0.0118619799195909   0.000105702441952724   0
0.0888386564970813   0.113946823563669   -0.00516009431661041   -0.00527145899504726   0
0.0888386564970813   0.113946823563669   -0.00516009431661041   -0.00527145899504726   0
0.108160946077449   0.118075636851977   0.0193222895803681   0.00412881328830783   0
0.108160946077449   0.118075636851977   0.0193222895803681   0.00412881328830783   0
0.120006816628223   0.121679160591492   0.0118458705507739   0.00360352373951439   0
0.120006816628223   0.121679160591492   0.0118458705507739   0.00360352373951439   0
0.0910321064023184   0.126317518914638   -0.0289747102259048   0.0046383583231467   0
0.0910321064023184   0.126317518914638   -0.0289747102259048   0.0046383583231467   0
0.123631071057885   0.122338143636807   0.0325989646555671   -0.00397937527783138   0
0.123631071057885   0.122338143636807   0.0325989646555671   -0.00397937527783138   0
0.0668915559774909   0.139021039193713   -0.0567395150803946   0.0166828955569065   0
0.0668915559774909   0.139021039193713   -0.0567395150803946   0.0166828955569065   0
0.0788036001784823   0.136778712236225   0.0119120442009914   -0.00224232695748858   0
0.0788036001784823   0.136778712236225   0.0119120442009914   -0.00224232695748858   0
0.0803561826213198   0.16559394152112   0.00155258244283746   0.0288152292848949   0
0.0803561826213198   0.16559394152112   0.00155258244283746   0.0288152292848949   0
0.0777165721116159   0.148073450396248   -0.00263961050970388   -0.0175204911248721   0
0.0777165721116159   0.148073450396248   -0.00263961050970388   -0.0175204911248721   0
0.107758061686029   0.136978276416372   0.0300414895744129   -0.0110951739798756   0
0.107758061686029   0.136978276416372   0.0300414895744129   -0.0110951739798756   0
0.101517788748327   0.139901746397248   -0.0062402729377016   0.00292346998087642   0
0.101517788748327   0.139901746397248   -0.0062402729377016   0.00292346998087642   0
0.0936942915365157   0.150834790499407   -0.00782349721181155   0.0109330441021586   0
0.0936942915365157   0.150834790499407   -0.00782349721181155   0.0109330441021586   0
0.142973335887537   0.150265177463875   0.049279044351021   -0.000569613035531491   0
0.142973335887537   0.150265177463875   0.049279044351021   -0.000569613035531491   0
0.103973097549751   0.129580142400987   -0.0390002383377859   -0.0206850350628887   0
0.103973097549751   0.129580142400987   -0.0390002383377859   -0.0206850350628887   0
0.138486461952965   0.13790624083322   0.0345133644032141   0.008326098432233   0
0.138486461952965   0.13790624083322   0.0345133644032141   0.008326098432233   0
0.122427128650679   0.134722706102767   -0.0160593333022856   -0.00318353473045288   0
0.122427128650679   0.134722706102767   -0.0160593333022856   -0.00318353473045288   0
0.100202515654149   0.14072891639271   -0.0222246129965303   0.00600621028994264   0
0.100202515654149   0.14072891639271   -0.0222246129965303   0.00600621028994264   0
0.125341257218284   0.126502223597344   0.0251387415641348   -0.0142266927953652   0
0.125341257218284   0.126502223597344   0.0251387415641348   -0.0142266927953652   0
0.131905833991071   0.13338507140176   0.00656457677278721   0.00688284780441523   0
0.131905833991071   0.13338507140176   0.00656457677278721   0.00688284780441523   0
0.0967385791434834   0.127231160744342   -0.0351672548475877   -0.00615391065741794   0
0.0967385791434834   0.127231160744342   -0.0351672548475877   -0.00615391065741794   0
0.13733215399727   0.12892329623753   0.040593574853787   0.00169213549318867   0
0.13733215399727   0.12892329623753   0.040593574853787   0.00169213549318867   0
0.0909854347962903   0.116227194099531   -0.0463467192009801   -0.0126961021379995   0
0.0909854347962903   0.116227194099531   -0.0463467192009801   -0.0126961021379995   0
0.162178535945297   0.103637132591847   0.0711931011490067   -0.0125900615076841   0
0.162178535945297   0.103637132591847   0.0711931011490067   -0.0125900615076841   0
0.193347257322906   0.106594265303017   0.0311687213776089   0.00295713271117048   0
0.193347257322906   0.106594265303017   0.0311687213776089   0.00295713271117048   0
0.178121655513247   0.0831463062875014   -0.0152256018096585   -0.0234479590155157   0
0.178121655513247   0.0831463062875014   -0.0152256018096585   -0.0234479590155157   0
0.161330197088735   0.0867945983310021   -0.0167914584245127   0.00364829204350073   0
0.161330197088735   0.0867945983310021   -0.0167914584245127   0.00364829204350073   0
0.179727609828902   0.0936568798453963   0.0183974127401672   0.00686228151439415   0
0.179727609828902   0.0936568798453963   0.0183974127401672   0.00686228151439415   0
0.187117277628261   0.10993102331195   0.00738966779935882   0.0162741434665537   0
0.187117277628261   0.10993102331195   0.00738966779935882   0.0162741434665537   0
0.0838359799496612   0.121905006102344   -0.1032812976786   0.0119739827903938   0
0.0838359799496612   0.121905006102344   -0.1032812976786   0.0119739827903938   0
0.167648367236624   0.118978993175416   0.0838123872869633   -0.00292601292692812   0
0.167648367236624   0.118978993175416   0.0838123872869633   -0.00292601292692812   0
0.0510761834901552   0.256164701912505   -0.116572183746469   0.137185708737089   0
0.0510761834901552   0.256164701912505   -0.116572183746469   0.137185708737089   0
0.0505305870496277   0.191447214432105   -0.000545596440527499   -0.0647174874803996   0
0.0505305870496277   0.191447214432105   -0.000545596440527499   -0.0647174874803996   0
0.170570690690697   0.117381453126068   0.12004010364107   -0.0740657613060376   0
0.170570690690697   0.117381453126068   0.12004010364107   -0.0740657613060376   0
0.045375076136475   0.181795149134973   -0.125195614554223   0.0644136960089052   0
0.045375076136475   0.181795149134973   -0.125195614554223   0.0644136960089052   0
0.134995076687269   0.194427588808302   0.0896200005507939   0.0126324396733287   0
0.134995076687269   0.194427588808302   0.0896200005507939   0.0126324396733287   0
0.143876282713043   0.162802202249909   0.00888120602577455   -0.0316253865583928   0
0.143876282713043   0.162802202249909   0.00888120602577455   -0.0316253865583928   0
0.192075652122412   0.148878770331905   0.048199369409369   -0.0139234319180042   0
0.192075652122412   0.148878770331905   0.048199369409369   -0.0139234319180042   0
0.102811817595413   0.185553281101521   -0.0892638345269993   0.0366745107696162   0
0.102811817595413   0.185553281101521   -0.0892638345269993   0.0366745107696162   0
0.084932093438337   0.227497457823027   -0.0178797241570762   0.0419441767215062   0
0.084932093438337   0.227497457823027   -0.0178797241570762   0.0419441767215062   0
0.0936451965705796   0.202766239950596   0.00871310313224269   -0.0247312178724315   0
0.0936451965705796   0.202766239950596   0.00871310313224269   -0.0247312178724315   0
0.0695645959931487   0.196580279158598   -0.0240806005774309   -0.0061859607919971   0
0.0695645959931487   0.196580279158598   -0.0240806005774309   -0.0061859607919971   0
0.126093135950376   0.199755911448658   0.0565285399572273   0.00317563229005938   0
0.126093135950376   0.199755911448658   0.0565285399572273   0.00317563229005938   0
0.0836600410023208   0.198148229432167   -0.0424330949480552   -0.00160768201649134   0
0.0836600410023208   0.198148229432167   -0.0424330949480552   -0.00160768201649134   0
0.180866828712205   0.161281581616423   0.0972067877098839   -0.0368666478157433   0
0.180866828712205   0.161281581616423   0.0972067877098839   -0.0368666478157433   0
0.134262240705457   0.182589372049991   -0.046604588006748   0.0213077904335677   0
0.134262240705457   0.182589372049991   -0.046604588006748   0.0213077904335677   0
0.171397093573753   0.163913393637341   0.0371348528682967   -0.0186759784126496   0
0.171397093573753   0.163913393637341   0.0371348528682967   -0.0186759784126496   0
0.237959610681078   0.153795322987933   0.0665625171073241   -0.0101180706494087   0
0.237959610681078   0.153795322987933   0.0665625171073241   -0.0101180706494087   0
0.156371965246652   0.156979455125957   -0.081587645434426   0.00318413213802402   0
0.156371965246652   0.156979455125957   -0.081587645434426   0.00318413213802402   0
0.176641512105054   0.151933612443083   0.0202695468584026   -0.00504584268287345   0
0.176641512105054   0.151933612443083   0.0202695468584026   -0.00504584268287345   0
0.175053700667367   0.154866600068591   -0.00158781143768752   0.00293298762550817   0
0.175053700667367   0.154866600068591   -0.00158781143768752   0.00293298762550817   0
0.250049319433707   0.128141964082562   0.0749956187663403   -0.0267246359860293   0
0.250049319433707   0.128141964082562   0.0749956187663403   -0.0267246359860293   0
0.198323686348101   0.139607743247053   -0.0517256330856058   0.0114657791644907   0
0.198323686348101   0.139607743247053   -0.0517256330856058   0.0114657791644907   0
0.268663283335572   0.12703371570532   0.0703395969874712   -0.012574027541733   0
0.268663283335572   0.12703371570532   0.0703395969874712   -0.012574027541733   0
0.201275199710098   0.165841290855753   -0.0673880836254739   0.0388075751504334   0
0.201275199710098   0.165841290855753   -0.0673880836254739   0.0388075751504334   0
0.264213700923817   0.15957955521652   0.0629385012137181   -0.00626173563923266   0
0.264213700923817   0.15957955521652   0.0629385012137181   -0.00626173563923266   0
0.265061146528815   0.145757461859153   0.000847445604998553   -0.0138220933573673   0
0.265061146528815   0.145757461859153   0.000847445604998553   -0.0138220933573673   0
0.254299334151094   0.1816622056025   -0.0107618123777207   0.0359047437433468   0
0.254299334151094   0.1816622056025   -0.0107618123777207   0.0359047437433468   0
0.238104573861864   0.240746572733113   -0.0161947602892301   0.0590843671306128   0
0.238104573861864   0.240746572733113   -0.0161947602892301   0.0590843671306128   0
0.244195114016881   0.226644578037888   0.00609054015501684   -0.0141019946952244   0
0.244195114016881   0.226644578037888   0.00609054015501684   -0.0141019946952244   0
0.226495947217009   0.217110362394227   -0.0176991667998725   -0.00953421564366158   0
0.226495947217009   0.217110362394227   -0.0176991667998725   -0.00953421564366158   0
0.21818747565782   0.218171689357539   -0.00830847155918918   0.00106132696331213   0
0.21818747565782   0.218171689357539   -0.00830847155918918   0.00106132696331213   0
0.231133889264426   0.208024783916388   0.0129464136066066   -0.0101469054411508   0
0.231133889264426   0.208024783916388   0.0129464136066066   -0.0101469054411508   0
0.243112522761832   0.22349093469358   0.0119786334974055   0.0154661507771917   0
0.243112522761832   0.22349093469358   0.0119786334974055   0.0154661507771917   0
0.258312218894964   0.204892168059006   0.0151996961331328   -0.0185987666345738   0
0.258312218894964   0.204892168059006   0.0151996961331328   -0.0185987666345738   0
0.253395419579202   0.22272899287971   -0.00491679931576211   0.0178368248207041   0
0.253395419579202   0.22272899287971   -0.00491679931576211   0.0178368248207041   0
0.281388673947051   0.220095469611059   0.0279932543678491   -0.00263352326865146   0
0.281388673947051   0.220095469611059   0.0279932543678491   -0.00263352326865146   0
0.248761552550132   0.2131363892795   -0.0326271213969194   -0.00695908033155887   0
0.248761552550132   0.2131363892795   -0.0326271213969194   -0.00695908033155887   0
0.299256436593518   0.194764241066019   0.0504948840433856   -0.0183721482134805   0
0.299256436593518   0.194764241066019   0.0504948840433856   -0.0183721482134805   0
0.241522381000975   0.200766110025703   -0.0577340555925429   0.00600186895968319   0
0.241522381000975   0.200766110025703   -0.0577340555925429   0.00600186895968319   0
0.276244567690462   0.197694080970125   0.0347221866894868   -0.0030720290555771   0
0.276244567690462   0.197694080970125   0.0347221866894868   -0.0030720290555771   0
0.198787070314445   0.210879644163733   -0.0774574973760168   0.0131855631936073   0
0.198787070314445   0.210879644163733   -0.0774574973760168   0.0131855631936073   0
0.264413860941139   0.212946098713031   0.0656267906266943   0.00206645454929849   0
0.264413860941139   0.212946098713031   0.0656267906266943   0.00206645454929849   0
0.209160152418478   0.225646744554852   -0.0552537085226611   0.0127006458418206   0
0.209160152418478   0.225646744554852   -0.0552537085226611   0.0127006458418206   0
0.258719878332957   0.21696494739016   0.049559725914479   -0.0086817971646915   0
0.258719878332957   0.21696494739016   0.049559725914479   -0.0086817971646915   0
0.237922651337152   0.216125143094371   -0.0207972269958049   -0.000839804295788865   0
0.237922651337152   0.216125143094371   -0.0207972269958049   -0.000839804295788865   0
0.245862356712043   0.2152317272819   0.00793970537489125   -0.000893415812471765   0
0.245862356712043   0.2152317272819   0.00793970537489125   -0.000893415812471765   0
0.261450804840546   0.214713729931093   0.015588448128503   -0.00051799735080621   0
0.261450804840546   0.214713729931093   0.015588448128503   -0.00051799735080621   0
0.209052758724634   0.222210889827829   -0.0523980461159124   0.00749715989673574   0
0.209052758724634   0.222210889827829   -0.0523980461159124   0.00749715989673574   0
0.331311556537423   0.202275115725674   0.122258797812789   -0.0199357741021547   0
0.331311556537423   0.202275115725674   0.122258797812789   -0.0199357741021547   0
0.171337294153141   0.227660809874027   -0.159974262384282   0.0253856941483529   0
0.171337294153141   0.227660809874027   -0.159974262384282   0.0253856941483529   0
0.230425360861994   0.218823505213672   0.0590880667088526   -0.00883730466035515   0
0.230425360861994   0.218823505213672   0.0590880667088526   -0.00883730466035515   0
0.207352931653088   0.225579987694254   -0.0230724292089061   0.0067564824805823   0
0.207352931653088   0.225579987694254   -0.0230724292089061   0.0067564824805823   0
0.259083911642888   0.222846390354185   0.0517309799898008   -0.00273359734006906   0
0.259083911642888   0.222846390354185   0.0517309799898008   -0.00273359734006906   0
0.221151544450451   0.213052711112203   -0.037932367192437   -0.00979367924198202   0
0.221151544450451   0.213052711112203   -0.037932367192437   -0.00979367924198202   0
0.243972037055479   0.213639948560446   0.0228204926050275   0.000587237448242545   0
0.243972037055479   0.213639948560446   0.0228204926050275   0.000587237448242545   0
0.28030232733884   0.209140736810909   0.0363302902833607   -0.00449921174953674   0
0.28030232733884   0.209140736810909   0.0363302902833607   -0.00449921174953674   0
0.238139180947298   0.210159479265583   -0.0421631463915415   0.00101874245467379   0
0.238139180947298   0.210159479265583   -0.0421631463915415   0.00101874245467379   0
0.289147054779501   0.199096234773218   0.0510078738322033   -0.0110632444923646   0
0.289147054779501   0.199096234773218   0.0510078738322033   -0.0110632444923646   0
0.263045963930717   0.190428269460797   -0.0261010908487845   -0.00866796531242109   0
0.263045963930717   0.190428269460797   -0.0261010908487845   -0.00866796531242109   0
0.286305125866216   0.18822947885858   0.0232591619354987   -0.00219879060221764   0
0.286305125866216   0.18822947885858   0.0232591619354987   -0.00219879060221764   0
0.322594396263171   0.174607946889768   0.0362892703969557   -0.0136215319688118   0
0.322594396263171   0.174607946889768   0.0362892703969557   -0.0136215319688118   0
0.32681429920695   0.153415222717597   0.00421990294377889   -0.0211927241721705   0
0.32681429920695   0.153415222717597   0.00421990294377889   -0.0211927241721705   0
0.485565836471266   0.187314412663041   0.158751537264316   0.0338991899454436   0
0.485565836471266   0.187314412663041   0.158751537264316   0.0338991899454436   0
0.308027691557009   0.178627570781333   -0.177538144914257   -0.00868684188170835   0
0.308027691557009   0.178627570781333   -0.177538144914257   -0.00868684188170835   0
0.355104409558766   0.188947867292595   0.0470767180017571   0.0103202965112622   0
0.355104409558766   0.188947867292595   0.0470767180017571   0.0103202965112622   0
0.262043478763811   0.184869137736873   -0.093060930794955   -0.00407872955572156   0
0.262043478763811   0.184869137736873   -0.093060930794955   -0.00407872955572156   0
0.249060276920749   0.159930001536735   -0.0129832018430626   -0.0249391362001384   0
0.249060276920749   0.159930001536735   -0.0129832018430626   -0.0249391362001384   0
0.384887981457735   0.1794345592464   0.135827704536987   0.0195045577096656   0
0.384887981457735   0.1794345592464   0.135827704536987   0.0195045577096656   0
0.278366376692804   0.1726716696637   -0.106521604764931   -0.00676288958270024   0
0.278366376692804   0.1726716696637   -0.106521604764931   -0.00676288958270024   0
0.381967323037259   0.1856149072915   0.103600946344455   0.0129432376278   0
0.381967323037259   0.1856149072915   0.103600946344455   0.0129432376278   0
0.340584178107762   0.180374679537068   -0.041383144929497   -0.00524022775443217   0
0.340584178107762   0.180374679537068   -0.041383144929497   -0.00524022775443217   0
0.384766208938584   0.19714846625856   0.0441820308308215   0.0167737867214918   0
0.384766208938584   0.19714846625856   0.0441820308308215   0.0167737867214918   0
0.349749724407897   0.197368646291502   -0.0350164845306867   0.00022018003294208   0
0.349749724407897   0.197368646291502   -0.0350164845306867   0.00022018003294208   0
0.295540604866337   0.193609144688035   -0.0542091195415597   -0.00375950160346683   0
0.295540604866337   0.193609144688035   -0.0542091195415597   -0.00375950160346683   0
0.347457886042928   0.193764573741164   0.0519172811765901   0.000155429053128958   0
0.347457886042928   0.193764573741164   0.0519172811765901   0.000155429053128958   0
0.319354180957864   0.185034474074351   -0.0281037050850636   -0.00873009966681296   0
0.319354180957864   0.185034474074351   -0.0281037050850636   -0.00873009966681296   0
0.371254799910538   0.202227247234822   0.0519006189526741   0.0171927731604714   0
0.371254799910538   0.202227247234822   0.0519006189526741   0.0171927731604714   0
0.326730979259773   0.184041281771543   -0.0445238206507654   -0.0181859654632794   0
0.326730979259773   0.184041281771543   -0.0445238206507654   -0.0181859654632794   0
0.364191693424617   0.179321176517231   0.0374607141648441   -0.0047201052543123   0
0.364191693424617   0.179321176517231   0.0374607141648441   -0.0047201052543123   0
0.376245723376838   0.160711187522108   0.0120540299522211   -0.0186099889951229   0
0.376245723376838   0.160711187522108   0.0120540299522211   -0.0186099889951229   0
0.370293737521633   0.156012351053101   -0.0059519858552049   -0.0046988364690066   0
0.370293737521633   0.156012351053101   -0.0059519858552049   -0.0046988364690066   0
0.402775336179925   0.143760211230759   0.032481598658292   -0.0122521398223421   0
0.402775336179925   0.143760211230759   0.032481598658292   -0.0122521398223421   0
0.358949711866384   0.144719049355825   -0.0438256243135411   0.000958838125065448   0
0.358949711866384   0.144719049355825   -0.0438256243135411   0.000958838125065448   0
0.411408169723512   0.146557795885616   0.052458457857128   0.0018387465297918   0
0.411408169723512   0.146557795885616   0.052458457857128   0.0018387465297918   0
0.401994239445542   0.141158434366196   -0.00941393027796961   -0.00539936151942055   0
0.401994239445542   0.141158434366196   -0.00941393027796961   -0.00539936151942055   0
0.419031641513242   0.14091281371073   0.0170374020677   -0.000245620655465489   0
0.419031641513242   0.14091281371073   0.0170374020677   -0.000245620655465489   0
0.436602028092449   0.13989532563206   0.0175703865792072   -0.00101748807867072   0
0.436602028092449   0.13989532563206   0.0175703865792072   -0.00101748807867072   0
0.359812540734922   0.121978439064328   -0.0767894873575274   -0.0179168865677316   0
0.359812540734922   0.121978439064328   -0.0767894873575274   -0.0179168865677316   0
0.429957619708931   0.170481854597667   0.0701450789740093   0.0485034155333387   0
0.429957619708931   0.170481854597667   0.0701450789740093   0.0485034155333387   0
0.367545261188075   0.175391501075822   -0.0624123585208567   0.00490964647815501   0
0.367545261188075   0.175391501075822   -0.0624123585208567   0.00490964647815501   0
0.398718217251933   0.157262141974229   0.0311729560638588   -0.018129359101593   0
0.398718217251933   0.157262141974229   0.0311729560638588   -0.018129359101593   0
0.428349240542948   0.146474743661501   0.0296310232910141   -0.0107873983127276   0
0.428349240542948   0.146474743661501   0.0296310232910141   -0.0107873983127276   0
0.504859685757508   0.206463840238969   0.0765104452145607   0.0599890965774677   0
0.504859685757508   0.206463840238969   0.0765104452145607   0.0599890965774677   0
0.330508127857035   0.173455723829137   -0.174351557900473   -0.0330081164098315   0
0.330508127857035   0.173455723829137   -0.174351557900473   -0.0330081164098315   0
0.360067847811839   0.16462722611239   0.029559719954804   -0.00882849771674746   0
0.360067847811839   0.16462722611239   0.029559719954804   -0.00882849771674746   0
0.46726488158475   0.182998236682222   0.10719703377291   0.0183710105698319   0
0.46726488158475   0.182998236682222   0.10719703377291   0.0183710105698319   0
0.45687910881869   0.188831366971625   -0.0103857727660599   0.00583313028940308   0
0.45687910881869   0.188831366971625   -0.0103857727660599   0.00583313028940308   0
0.559002146563186   0.186669716222155   0.102123037744497   -0.00216165074946967   0
0.559002146563186   0.186669716222155   0.102123037744497   -0.00216165074946967   0
0.55694004505767   0.202350663621774   -0.00206210150551578   0.0156809473996191   0
0.55694004505767   0.202350663621774   -0.00206210150551578   0.0156809473996191   0
0.573046534672578   0.197798409828037   0.0161064896149073   -0.00455225379373764   0
0.573046534672578   0.197798409828037   0.0161064896149073   -0.00455225379373764   0
0.551255253361825   0.204984277672094   -0.0217912813107527   0.00718586784405689   0
0.551255253361825   0.204984277672094   -0.0217912813107527   0.00718586784405689   0
0.546406335211452   0.223679773494386   -0.00484891815037269   0.0186954958222927   0
0.546406335211452   0.223679773494386   -0.00484891815037269   0.0186954958222927   0
0.55954774490919   0.2214998846862   0.0131414096977377   -0.00217988880818612   0
0.55954774490919   0.2214998846862   0.0131414096977377   -0.00217988880818612   0
0.537225906330149   0.238476104437111   -0.0223218385790411   0.016976219750911   0
0.537225906330149   0.238476104437111   -0.0223218385790411   0.016976219750911   0
0.546474081983995   0.240615985936616   0.00924817565384584   0.0021398814995052   0
0.546474081983995   0.240615985936616   0.00924817565384584   0.0021398814995052   0
0.522144560088497   0.233181333672423   -0.0243295218954979   -0.00743465226419321   0
0.522144560088497   0.233181333672423   -0.0243295218954979   -0.00743465226419321   0
0.515426631840313   0.212933520832354   -0.00671792824818362   -0.0202478128400693   0
0.515426631840313   0.212933520832354   -0.00671792824818362   -0.0202478128400693   0
0.365636063002407   0.154477729437167   -0.149790568837906   -0.0584557913951872   0
0.365636063002407   0.154477729437167   -0.149790568837906   -0.0584557913951872   0
0.375712504984862   0.163382606640525   0.0100764419824552   0.00890487720335817   0
0.375712504984862   0.163382606640525   0.0100764419824552   0.00890487720335817   0
0.434881299572424   0.163659327123571   0.0591687945875616   0.000276720483046   0
0.434881299572424   0.163659327123571   0.0591687945875616   0.000276720483046   0
0.424224201932233   0.172520095462818   -0.0106570976401906   0.00886076833924757   0
0.424224201932233   0.172520095462818   -0.0106570976401906   0.00886076833924757   0
0.4944544976657   0.185011301159551   0.0702302957334673   0.0124912056967323   0
0.4944544976657   0.185011301159551   0.0702302957334673   0.0124912056967323   0
0.472205957325826   0.18353548911859   -0.0222485403398741   -0.00147581204096101   0
0.472205957325826   0.18353548911859   -0.0222485403398741   -0.00147581204096101   0
0.536784507518334   0.189762186503924   0.0645785501925075   0.0062266973853341   0
0.536784507518334   0.189762186503924   0.0645785501925075   0.0062266973853341   0
0.48114080850514   0.172508469361652   -0.0556436990131934   -0.017253717142272   0
0.48114080850514   0.172508469361652   -0.0556436990131934   -0.017253717142272   0
0.531301241103595   0.196984492855402   0.0501604325984544   0.0244760234937503   0
0.531301241103595   0.196984492855402   0.0501604325984544   0.0244760234937503   0
0.569528550013333   0.202752410226734   0.0382273089097387   0.0057679173713322   0
0.569528550013333   0.202752410226734   0.0382273089097387   0.0057679173713322   0
0.493511919534564   0.168528020843716   -0.0760166304787693   -0.0342243893830183   0
0.493511919534564   0.168528020843716   -0.0760166304787693   -0.0342243893830183   0
0.532833201139193   0.175937187494571   0.0393212816046292   0.00740916665085536   0
0.532833201139193   0.175937187494571   0.0393212816046292   0.00740916665085536   0
0.520616166268586   0.20844641956729   -0.0122170348706072   0.0325092320727181   0
0.520616166268586   0.20844641956729   -0.0122170348706072   0.0325092320727181   0
0.38363519986624   0.172547044884642   -0.136980966402346   -0.035899374682648   0
0.38363519986624   0.172547044884642   -0.136980966402346   -0.035899374682648   0
0.392682520697268   0.153564981327124   0.00904732083102755   -0.0189820635575173   0
0.392682520697268   0.153564981327124   0.00904732083102755   -0.0189820635575173   0
0.441152704531311   0.146489303118863   0.0484701838340431   -0.0070756782082616   0
0.441152704531311   0.146489303118863   0.0484701838340431   -0.0070756782082616   0
0.469825622124954   0.118442726926234   0.0286729175936433   -0.0280465761926283   0
0.469825622124954   0.118442726926234   0.0286729175936433   -0.0280465761926283   0
0.425860572907611   0.127941599623617   -0.0439650492173427   0.00949887269738307   0
0.425860572907611   0.127941599623617   -0.0439650492173427   0.00949887269738307   0
0.541880492316572   0.131363955182815   0.11601991940896   0.00342235555919718   0
0.541880492316572   0.131363955182815   0.11601991940896   0.00342235555919718   0
0.495382842731609   0.144614614515002   -0.0464976495849626   0.013250659332187   0
0.495382842731609   0.144614614515002   -0.0464976495849626   0.013250659332187   0
0.536444518577271   0.147624808844923   0.0410616758456621   0.00301019432992125   0
0.536444518577271   0.147624808844923   0.0410616758456621   0.00301019432992125   0
0.499579445227263   0.147843221570182   -0.036865073350008   0.000218412725259437   0
0.499579445227263   0.147843221570182   -0.036865073350008   0.000218412725259437   0
0.485335963169308   0.142991338304983   -0.0142434820579549   -0.00485188326519959   0
0.485335963169308   0.142991338304983   -0.0142434820579549   -0.00485188326519959   0
0.458725959437931   0.144845403355612   -0.0266100037313776   0.00185406505062957   0
0.458725959437931   0.144845403355612   -0.0266100037313776   0.00185406505062957   0
0.459016123797956   0.134757310725328   0.000290164360024936   -0.0100880926302846   0
0.459016123797956   0.134757310725328   0.000290164360024936   -0.0100880926302846   0
0.47302246263555   0.146767076230502   0.0140063388375942   0.0120097655051744   0
0.47302246263555   0.146767076230502   0.0140063388375942   0.0120097655051744   0
0.460936430578024   0.139657150324688   -0.0120860320575252   -0.00710992590581405   0
0.460936430578024   0.139657150324688   -0.0120860320575252   -0.00710992590581405   0
0.49249042565857   0.149893140274163   0.031553995080546   0.0102359899494753   0
0.49249042565857   0.149893140274163   0.031553995080546   0.0102359899494753   0
0.491967299751244   0.143110347587098   -0.000523125907326838   -0.00678279268706536   0
0.491967299751244   0.143110347587098   -0.000523125907326838   -0.00678279268706536   0
0.581502422835649   0.152727260323755   0.0895351230844054   0.00961691273665694   0
0.581502422835649   0.152727260323755   0.0895351230844054   0.00961691273665694   0
0.51845821539775   0.139984831419336   -0.0630442074378988   -0.0127424289044186   0
0.51845821539775   0.139984831419336   -0.0630442074378988   -0.0127424289044186   0
0.560342786229251   0.169982746442838   0.0418845708315008   0.0299979150235012   0
0.560342786229251   0.169982746442838   0.0418845708315008   0.0299979150235012   0
0.518480126522223   0.157549864688136   -0.0418626597070283   -0.0124328817547014   0
0.518480126522223   0.157549864688136   -0.0418626597070283   -0.0124328817547014   0
0.537411895647324   0.170553349856431   0.0189317691251011   0.0130034851682944   0
0.537411895647324   0.170553349856431   0.0189317691251011   0.0130034851682944   0
0.538899026780435   0.164311538605023   0.00148713113311139   -0.00624181125140744   0
0.538899026780435   0.164311538605023   0.00148713113311139   -0.00624181125140744   0
0.491540840676957   0.159247255766779   -0.0473581861034778   -0.00506428283824392   0
0.491540840676957   0.159247255766779   -0.0473581861034778   -0.00506428283824392   0
0.574708054617655   0.176086055298965   0.083167213940698   0.0168387995321854   0
0.574708054617655   0.176086055298965   0.083167213940698   0.0168387995321854   0
0.44031569221135   0.142658866855517   -0.134392362406306   -0.033427188443448   0
0.44031569221135   0.142658866855517   -0.134392362406306   -0.033427188443448   0
0.560375103526031   0.156974753270231   0.120059411314681   0.0143158864147148   0
0.560375103526031   0.156974753270231   0.120059411314681   0.0143158864147148   0
0.516367063500336   0.147151547176712   -0.044008040025695   -0.00982320609351969   0
0.516367063500336   0.147151547176712   -0.044008040025695   -0.00982320609351969   0
0.591089873250219   0.140805627815439   0.074722809749883   -0.00634591936127241   0
0.591089873250219   0.140805627815439   0.074722809749883   -0.00634591936127241   0
0.577937500993801   0.149829681339346   -0.0131523722564177   0.00902405352390689   0
0.577937500993801   0.149829681339346   -0.0131523722564177   0.00902405352390689   0
0.602247622424771   0.156027867851387   0.0243101214309702   0.00619818651204126   0
0.602247622424771   0.156027867851387   0.0243101214309702   0.00619818651204126   0
0.617034554143777   0.161190951559013   0.0147869317190059   0.00516308370762536   0
0.617034554143777   0.161190951559013   0.0147869317190059   0.00516308370762536   0
0.580826722988156   0.156415117370413   -0.0362078311556215   -0.0047758341886   0
0.580826722988156   0.156415117370413   -0.0362078311556215   -0.0047758341886   0
0.658650328022609   0.15827513333591   0.0778236050344527   0.00186001596549698   0
0.658650328022609   0.15827513333591   0.0778236050344527   0.00186001596549698   0
0.574623230172963   0.157989857160199   -0.0840270978496456   -0.000285276175710975   0
0.574623230172963   0.157989857160199   -0.0840270978496456   -0.000285276175710975   0
0.64999931696761   0.170598372108294   0.0753760867946472   0.0126085149480954   0
0.64999931696761   0.170598372108294   0.0753760867946472   0.0126085149480954   0
0.611286477602515   0.181163231695894   -0.0387128393650953   0.0105648595875994   0
0.611286477602515   0.181163231695894   -0.0387128393650953   0.0105648595875994   0
0.643370191269606   0.183836651381736   0.0320837136670915   0.00267341968584264   0
0.643370191269606   0.183836651381736   0.0320837136670915   0.00267341968584264   0
0.573550551254935   0.15609348918757   -0.0698196400146713   -0.0277431621941663   0
0.573550551254935   0.15609348918757   -0.0698196400146713   -0.0277431621941663   0
0.563817408867667   0.143757947595081   -0.00973314238726808   -0.0123355415924891   0
0.563817408867667   0.143757947595081   -0.00973314238726808   -0.0123355415924891   0
0.542681415694964   0.14818678747277   -0.0211359931727033   0.00442883987768952   0
0.542681415694964   0.14818678747277   -0.0211359931727033   0.00442883987768952   0
0.588740602456668   0.145498583572143   0.046059186761704   -0.00268820390062691   0
0.588740602456668   0.145498583572143   0.046059186761704   -0.00268820390062691   0
0.6117330462477   0.164830424049233   0.0229924437910318   0.0193318404770897   0
0.6117330462477   0.164830424049233   0.0229924437910318   0.0193318404770897   0
0.586430264262478   0.166915342237465   -0.0253027819852214   0.0020849181882317   0
0.586430264262478   0.166915342237465   -0.0253027819852214   0.0020849181882317   0
0.610652161976391   0.163117694211879   0.0242218977139125   -0.00379764802558599   0
0.610652161976391   0.163117694211879   0.0242218977139125   -0.00379764802558599   0
0.600204624525178   0.201902449376549   -0.0104475374512125   0.0387847551646704   0
0.600204624525178   0.201902449376549   -0.0104475374512125   0.0387847551646704   0
0.56928627731521   0.185800209303569   -0.0309183472099682   -0.0161022400729803   0
0.56928627731521   0.185800209303569   -0.0309183472099682   -0.0161022400729803   0
0.661561952688484   0.20602452313499   0.0922756753732742   0.020224313831421   0
0.661561952688484   0.20602452313499   0.0922756753732742   0.020224313831421   0
0.613242605372042   0.219162677446458   -0.0483193473164422   0.0131381543114677   0
0.613242605372042   0.219162677446458   -0.0483193473164422   0.0131381543114677   0
0.673433097691738   0.214620436932856   0.0601904923196961   -0.00454224051360166   0
0.673433097691738   0.214620436932856   0.0601904923196961   -0.00454224051360166   0
0.679760725075589   0.211433233590417   0.00632762738385062   -0.00318720334243855   0
0.679760725075589   0.211433233590417   0.00632762738385062   -0.00318720334243855   0
0.546023548934375   0.137660608065234   -0.133737176141213   -0.0737726255251833   0
0.546023548934375   0.137660608065234   -0.133737176141213   -0.0737726255251833   0
0.428918576321847   0.120996260710414   -0.117104972612528   -0.01666434735482   0
0.428918576321847   0.120996260710414   -0.117104972612528   -0.01666434735482   0
0.56348616846393   0.125295692879883   0.134567592142083   0.00429943216946901   0
0.56348616846393   0.125295692879883   0.134567592142083   0.00429943216946901   0
0.492874680458644   0.130216274733767   -0.070611488005286   0.00492058185388433   0
0.492874680458644   0.130216274733767   -0.070611488005286   0.00492058185388433   0
0.59227643258563   0.121052148989591   0.0994017521269861   -0.00916412574417608   0
0.59227643258563   0.121052148989591   0.0994017521269861   -0.00916412574417608   0
0.543018905412408   0.125938696869241   -0.0492575271732213   0.00488654787964934   0
0.543018905412408   0.125938696869241   -0.0492575271732213   0.00488654787964934   0
0.610903909242894   0.125093029577801   0.0678850038304856   -0.000845667291440116   0
0.610903909242894   0.125093029577801   0.0678850038304856   -0.000845667291440116   0
0.551997797572246   0.123781128965162   -0.0589061116706483   -0.00131190061263887   0
0.551997797572246   0.123781128965162   -0.0589061116706483   -0.00131190061263887   0
0.511640064636694   0.121546091278412   -0.040357732935552   -0.00223503768675   0
0.511640064636694   0.121546091278412   -0.040357732935552   -0.00223503768675   0
0.544703054989239   0.118954965681387   0.0330629903525453   -0.00259112559702457   0
0.544703054989239   0.118954965681387   0.0330629903525453   -0.00259112559702457   0
0.476920300111035   0.119818775978809   -0.0677827548782037   0.00086381029742176   0
0.476920300111035   0.119818775978809   -0.0677827548782037   0.00086381029742176   0
0.530852259685725   0.124758507597689   0.0539319595746893   0.00493973161887959   0
0.530852259685725   0.124758507597689   0.0539319595746893   0.00493973161887959   0
0.450847245639197   0.116822537070122   -0.080005014046528   -0.00793597052756663   0
0.450847245639197   0.116822537070122   -0.080005014046528   -0.00793597052756663   0
0.503912706471818   0.126547355519149   0.0530654608326212   0.00972481844902756   0
0.503912706471818   0.126547355519149   0.0530654608326212   0.00972481844902756   0
0.49094012072484   0.127233974211146   -0.0129725857469782   0.000686618691996321   0
0.49094012072484   0.127233974211146   -0.0129725857469782   0.000686618691996321   0
0.486864593053514   0.131065500550002   -0.00407552767132524   0.00383152633885595   0
0.486864593053514   0.131065500550002   -0.00407552767132524   0.00383152633885595   0
0.538749351838407   0.139578530615887   0.051884758784893   0.00851303006588489   0
0.538749351838407   0.139578530615887   0.051884758784893   0.00851303006588489   0
0.482825553028143   0.138905794922863   -0.0559237988102648   -0.000672735693023507   0
0.482825553028143   0.138905794922863   -0.0559237988102648   -0.000672735693023507   0
0.560211907522118   0.137009564337394   0.0773863544939753   -0.00189623058546912   0
0.560211907522118   0.137009564337394   0.0773863544939753   -0.00189623058546912   0
0.473578617575678   0.137991722771839   -0.0866332899464401   0.000982158434444769   0
0.473578617575678   0.137991722771839   -0.0866332899464401   0.000982158434444769   0
0.540541674001165   0.134245780847072   0.0669630564254877   -0.00374594192476707   0
0.540541674001165   0.134245780847072   0.0669630564254877   -0.00374594192476707   0
0.488644840734056   0.137243751349278   -0.0518968332671095   0.00299797050220652   0
0.488644840734056   0.137243751349278   -0.0518968332671095   0.00299797050220652   0
0.50728745841621   0.139318269137621   0.0186426176821537   0.00207451778834244   0
0.50728745841621   0.139318269137621   0.0186426176821537   0.00207451778834244   0
0.50448117517865   0.142830453144594   -0.00280628323756005   0.00351218400697315   0
0.50448117517865   0.142830453144594   -0.00280628323756005   0.00351218400697315   0
0.485030952601599   0.139160472299797   -0.0194502225770501   -0.00366998084479703   0
0.485030952601599   0.139160472299797   -0.0194502225770501   -0.00366998084479703   0
0.56993575228312   0.143492542490969   0.084904799681521   0.0043320701911721   0
0.56993575228312   0.143492542490969   0.084904799681521   0.0043320701911721   0
0.493929863627714   0.134106014740102   -0.0760058886554061   -0.00938652775086668   0
0.493929863627714   0.134106014740102   -0.0760058886554061   -0.00938652775086668   0
0.55551490428128   0.156339265931499   0.0615850406535659   0.022233251191397   0
0.55551490428128   0.156339265931499   0.0615850406535659   0.022233251191397   0
0.616608198168213   0.156204926254744   0.0610932938869326   -0.000134339676755163   0
0.616608198168213   0.156204926254744   0.0610932938869326   -0.000134339676755163   0
0.560931951107271   0.138664091103285   -0.0556762470609418   -0.0175408351514594   0
0.560931951107271   0.138664091103285   -0.0556762470609418   -0.0175408351514594   0
0.659003871645805   0.135631312029192   0.0980719205385334   -0.00303277907409269   0
0.659003871645805   0.135631312029192   0.0980719205385334   -0.00303277907409269   0
0.550273662780621   0.131550278020136   -0.108730208865184   -0.00408103400905616   0
0.550273662780621   0.131550278020136   -0.108730208865184   -0.00408103400905616   0
0.542539980142857   0.121699094564103   -0.00773368263776308   -0.00985118345603263   0
0.542539980142857   0.121699094564103   -0.00773368263776308   -0.00985118345603263   0
0.286996847717462   0.186222577340262   -0.255543132425396   0.0645234827761593   0
0.286996847717462   0.186222577340262   -0.255543132425396   0.0645234827761593   0
0.253532145482462   0.202894870620846   -0.0334647022350004   0.016672293280584   0
0.253532145482462   0.202894870620846   -0.0334647022350004   0.016672293280584   0
0.391940123832876   0.186600406548994   0.138407978350414   -0.016294464071852   0
0.391940123832876   0.186600406548994   0.138407978350414   -0.016294464071852   0
0.398466780492427   0.185764904387912   0.00652665665955104   -0.000835502161082635   0
0.398466780492427   0.185764904387912   0.00652665665955104   -0.000835502161082635   0
0.386751139219744   0.186552026792126   -0.0117156412726827   0.000787122404213969   0
0.386751139219744   0.186552026792126   -0.0117156412726827   0.000787122404213969   0
0.399038056383784   0.205743829175993   0.0122869171640393   0.0191918023838668   0
0.399038056383784   0.205743829175993   0.0122869171640393   0.0191918023838668   0
0.353945380180671   0.198467802902637   -0.0450926762031122   -0.00727602627335544   0
0.353945380180671   0.198467802902637   -0.0450926762031122   -0.00727602627335544   0
0.402425291838309   0.179717342152893   0.0484799116576376   -0.0187504607497441   0
0.402425291838309   0.179717342152893   0.0484799116576376   -0.0187504607497441   0
0.342713646761564   0.188432306812022   -0.059711645076745   0.00871496465912905   0
0.342713646761564   0.188432306812022   -0.059711645076745   0.00871496465912905   0
0.347434170133763   0.202534517487761   0.00472052337219958   0.0141022106757386   0
0.347434170133763   0.202534517487761   0.00472052337219958   0.0141022106757386   0
0.338393885915005   0.190005529607035   -0.00904028421875824   -0.0125289878807252   0
0.338393885915005   0.190005529607035   -0.00904028421875824   -0.0125289878807252   0
0.328901104418775   0.207340873641089   -0.00949278149623012   0.0173353440340535   0
0.328901104418775   0.207340873641089   -0.00949278149623012   0.0173353440340535   0
