0.294847170276755   0.131202563757382   0   0   0
0.278210460712767   0.143152400782427   -0.0166367095639886   0.0119498370250442   0
0.200751792497402   0.122407612135898   -0.0774586682153647   -0.0207447886465284   0
0.171796961397052   0.130943482112752   -0.0289548311003506   0.00853586997685336   0
0.188936517749031   0.168174667229372   0.0171395563519798   0.0372311851166204   0
0.155467812086168   0.118221705016729   -0.0334687056628634   -0.0499529622126429   0
0.204919656079669   0.126785935124179   0.0494518439935016   0.00856423010744982   0
0.148855001786739   0.120779622718445   -0.0560646542929307   -0.00600631240573353   0
0.183738994708091   0.118808376516936   0.0348839929213525   -0.00197124620150947   0
0.154782539309348   0.128545115921648   -0.0289564553987428   0.00973673940471242   0
0.186166410431635   0.100119651539845   0.0313838711222866   -0.0284254643818032   0
0.133396739323606   0.0896955561121062   -0.0527696711080294   -0.0104240954277388   0
0.117473171240756   0.104984236962727   -0.0159235680828496   0.0152886808506212   0
0.126783096553287   0.0980448102690933   0.00930992531253057   -0.00693942669363413   0
0.12624714750936   0.0651856098415325   -0.000535949043927036   -0.0328592004275608   0
0.132556492446277   0.0604307076638194   0.00630934493691779   -0.00475490217771313   0
0.113823899770523   0.0838507914370669   -0.0187325926757547   0.0234200837732476   0
0.125008114136083   0.0670170006689347   0.0111842143655605   -0.0168337907681322   0
0.132618609521816   0.0508136532583763   0.00761049538573316   -0.0162033474105584   0
0.141146603274397   0.0392776072061741   0.00852799375258059   -0.0115360460522022   0
0.0885624265885934   0.0251852778896566   -0.0525841766858035   -0.0140923293165175   0
0.113962356374989   0.0292418562217757   0.0253999297863956   0.00405657833211908   0
0.153929873719853   0.0267113269152339   0.0399675173448644   -0.00253052930654174   0
0.0496850292902198   0.182972574942003   -0.104244844429634   0.156261248026769   0
0.0425093076196261   0.153422255372532   -0.00717572167059372   -0.0295503195694706   0
0.100419360327827   0.137181070223128   0.0579100527082011   -0.0162411851494035   0
0.163699860010814   0.069995707135936   0.0632804996829865   -0.0671853630871924   0
0.139762875995917   0.113626492428721   -0.0239369840148969   0.0436307852927851   0
0.224903786425418   0.0569531143881897   0.0851409104295011   -0.0566733780405314   0
0.268324561088787   0.067616950238084   0.0434207746633687   0.0106638358498942   0
0.260159998613853   0.0524738043604509   -0.00816456247493358   -0.015143145877633   0
0.287572886874198   0.0224984338439173   0.0274128882603445   -0.0299753705165336   0
0.24185105683509   0.0251098552926281   -0.0457218300391074   0.0026114214487108   0
0.305095453846825   0.0365357728260841   0.0632443970117346   0.011425917533456   0
0.273591678684221   0.0611698093847455   -0.0315037751626038   0.0246340365586614   0
0.320508032170553   0.0667700750146668   0.0469163534863317   0.00560026562992125   0
0.279633455430497   0.0751480407676356   -0.0408745767400552   0.00837796575296888   0
0.306391774976434   0.0846145921155041   0.0267583195459369   0.00946655134786845   0
0.314924667736984   0.100696423521293   0.00853289276055003   0.0160818314057885   0
0.314517404237047   0.084259785394329   -0.000407263499937471   -0.0164366381269636   0
0.333765206660326   0.0892649196217361   0.0192478024232789   0.0050051342274071   0
0.323004516031897   0.0736559456059233   -0.0107606906284289   -0.0156089740158128   0
0.387210178268289   0.11036155900778   0.0642056622363918   0.0367056134018568   0
0.316034115066412   0.10019713674583   -0.071176063201877   -0.0101644222619503   0
0.426490471099071   0.107970821602098   0.110456356032659   0.00777368485626838   0
0.352067779174465   0.0720047462063585   -0.0744226919246059   -0.0359660753957396   0
0.383863907689705   0.101007781534952   0.0317961285152393   0.0290030353285931   0
0.356589298556813   0.106639655908194   -0.0272746091328914   0.00563187437324283   0
0.382310965222605   0.135753713765711   0.025721666665792   0.0291140578575163   0
0.315198441534472   0.151327889527451   -0.067112523688133   0.0155741757617406   0
0.357914531759874   0.179718673008991   0.0427160902254021   0.0283907834815393   0
0.318276640792314   0.156158357643115   -0.0396378909675598   -0.0235603153658757   0
0.386242456443165   0.190043118954094   0.0679658156508502   0.0338847613109793   0
0.307961780057591   0.186773352345269   -0.0782806763855738   -0.00326976660882525   0
0.368910374036147   0.208628400606401   0.0609485939785562   0.0218550482611322   0
0.341614172928774   0.195427124125702   -0.0272962011073735   -0.0132012764806992   0
0.377665176599869   0.188135090619932   0.0360510036710951   -0.00729203350576998   0
0.353635316833656   0.204600967090976   -0.0240298597662131   0.0164658764710437   0
0.365224257296746   0.195577846326118   0.0115889404630907   -0.00902312076485798   0
0.409402999063221   0.226296990568793   0.044178741766475   0.0307191442426756   0
0.360406727500598   0.189367942117489   -0.0489962715626237   -0.0369290484513046   0
0.411533147051668   0.221059543020908   0.0511264195510706   0.031691600903419   0
0.336943185191228   0.197174207391053   -0.0745899618604404   -0.0238853356298545   0
0.404112477558464   0.214823403448135   0.0671692923672361   0.0176491960570815   0
0.311710405632792   0.198538592493475   -0.0924020719256715   -0.0162848109546599   0
0.425985016547871   0.262138310928511   0.114274610915079   0.0635997184350359   0
0.351096932568828   0.219134691423796   -0.0748880839790433   -0.0430036195047141   0
0.41583819027641   0.251166291438481   0.0647412577075826   0.0320316000146846   0
0.341294133300603   0.214784890963703   -0.074544056975807   -0.0363814004747776   0
0.417885915442732   0.25846537849834   0.0765917821421285   0.0436804875346363   0
0.374327996251162   0.227541522593218   -0.0435579191915697   -0.0309238559051216   0
0.451998912975065   0.227885917033441   0.0776709167239025   0.000344394440223189   0
0.407841415106411   0.215455389002029   -0.0441574978686534   -0.0124305280314124   0
0.459881662372659   0.212232473901946   0.0520402472662475   -0.00322291510008343   0
0.385845599516296   0.19876074899308   -0.0740360628563626   -0.0134717249088659   0
0.453319944489055   0.222665229637953   0.0674743449727589   0.0239044806448737   0
0.389956054721349   0.21448058906932   -0.0633638897677058   -0.00818464056863341   0
0.445877487273006   0.235123121165109   0.0559214325516571   0.020642532095789   0
0.399397698533292   0.214678509680574   -0.0464797887397149   -0.0204446114845345   0
0.468521269223031   0.249115788966441   0.0691235706897396   0.0344372792858668   0
0.438347184449724   0.24374208527542   -0.0301740847733075   -0.00537370369102147   0
0.486493985281514   0.253874191040213   0.0481468008317904   0.0101321057647931   0
0.397927440938936   0.237591118791696   -0.0885665443425785   -0.0162830722485164   0
0.496738487642301   0.287268665334948   0.098811046703365   0.0496775465432518   0
0.468110546491702   0.264528519142214   -0.0286279411505984   -0.0227401461927346   0
0.538936714759358   0.314747797045305   0.0708261682676562   0.0502192779030913   0
0.489461516635588   0.261939500741106   -0.0494751981237703   -0.0528082963041987   0
0.570561216874763   0.315913070931324   0.0810997002391746   0.0539735701902181   0
0.514107858898928   0.288998733914978   -0.0564533579758347   -0.0269143370163469   0
0.527199449846678   0.322317739674025   0.0130915909477501   0.0333190057590474   0
0.536975953133145   0.284879564487473   0.00977650328646729   -0.0374381751865516   0
0.51786661202074   0.284819174220807   -0.019109341112405   -6.03902666662104e-05   0
0.573688756220034   0.305091522559068   0.055822144199294   0.0202723483382604   0
0.545947765135539   0.286658187875194   -0.0277409910844951   -0.0184333346838736   0
0.60948612792578   0.317025449776654   0.0635383627902406   0.0303672619014605   0
0.532241304025918   0.293384603725622   -0.0772448238998614   -0.0236408460510328   0
0.562062782389797   0.313247577252802   0.0298214783638784   0.0198629735271801   0
0.496275680043824   0.259613156125422   -0.0657871023459728   -0.0536344211273802   0
0.562460211254129   0.290291966565284   0.0661845312103055   0.0306788104398625   0
0.510401963001721   0.258089442780231   -0.0520582482524087   -0.0322025237850533   0
0.570793618434019   0.319574057588695   0.0603916554322979   0.0614846148084641   0
0.512731947660188   0.286271771966295   -0.0580616707738305   -0.0333022856223997   0
0.577132517882514   0.330571867822263   0.0644005702223255   0.0443000958559683   0
0.531551772691955   0.276103183836931   -0.0455807451905584   -0.0544686839853327   0
0.605867171753686   0.325157708174795   0.0743153990617305   0.0490545243378644   0
0.548519403366517   0.27206101255213   -0.0573477683871685   -0.0530966956226656   0
0.582232184807882   0.304765702815934   0.033712781441365   0.0327046902638041   0
0.53368556102012   0.2607007807506   -0.0485466237877623   -0.0440649220653335   0
0.675385841156927   0.306491710999564   0.141700280136807   0.0457909302489635   0
0.568346555328041   0.231222473352808   -0.107039285828886   -0.0752692376467556   0
0.599347715282047   0.276142224350316   0.0310011599540063   0.0449197509975076   0
0.536978381118682   0.25285758381328   -0.0623693341633658   -0.0232846405370354   0
0.591572355441167   0.287648974744114   0.054593974322485   0.0347913909308339   0
0.549866581059442   0.258499556246022   -0.0417057743817245   -0.0291494184980925   0
0.556793938858892   0.265417621521047   0.00692735779945031   0.00691806527502592   0
0.556405031989907   0.27928277200762   -0.000388906868984962   0.0138651504865721   0
0.567606534372614   0.296506545571767   0.011201502382707   0.0172237735641477   0
0.604795419100385   0.223868658857688   0.0371888847277703   -0.0726378867140789   0
0.688227028001582   0.222963789567948   0.0834316089011972   -0.000904869289740734   0
0.605057426664808   0.203135496031153   -0.0831696013367734   -0.0198282935367947   0
0.649905101004785   0.247870217373952   0.0448476743399767   0.0447347213427987   0
0.581482321561886   0.204423734903484   -0.0684227794428997   -0.0434464824704673   0
0.654601528698307   0.235626985266735   0.0731192071364212   0.0312032503632504   0
0.582145168051372   0.196803640346311   -0.0724563606469348   -0.038823344920424   0
0.652662500037539   0.243526444847788   0.0705173319861667   0.0467228045014768   0
0.595634519346017   0.212822554930886   -0.057027980691522   -0.0307038899169015   0
0.718569547235068   0.243318510865511   0.122935027889051   0.0304959559346255   0
0.611011438899469   0.235816435428195   -0.107558108335598   -0.0075020754373166   0
0.696165101597667   0.325620757380131   0.0851536626981978   0.0898043219519359   0
0.62994641997158   0.254515758427278   -0.0662186816260874   -0.0711049989528528   0
0.705875097405518   0.290313888656743   0.0759286774339386   0.0357981302294654   0
0.72827162811278   0.296815543216473   0.0223965307072621   0.00650165455972973   0
0.81154500529543   0.3621133247001   0.0832733771826498   0.0652977814836269   0
0.754938750798368   0.323439836845278   -0.0566062544970625   -0.0386734878548221   0
0.797136390207698   0.357692289082026   0.0421976394093304   0.0342524522367486   0
0.73425732321061   0.319407630306091   -0.0628790669970882   -0.0382846587759355   0
0.839152715955356   0.356051861537491   0.104895392744746   0.0366442312313998   0
0.760753546634493   0.32211350303078   -0.0783991693208628   -0.0339383585067112   0
0.829900708193607   0.36887447947947   0.0691471615591137   0.0467609764486905   0
0.772210862863512   0.32183799646557   -0.0576898453300947   -0.0470364830138996   0
0.837173863367849   0.364284924323654   0.0649630005043369   0.0424469278580832   0
0.753908648488827   0.319083199534467   -0.0832652148790219   -0.0452017247891866   0
0.842285607096482   0.371865413444017   0.0883769586076554   0.0527822139095503   0
0.771672178590391   0.347059690718383   -0.0706134285060918   -0.0248057227256339   0
0.851062788335878   0.38827613812183   0.0793906097454876   0.0412164474034466   0
0.732760740452189   0.351142721925373   -0.11830204788369   -0.0371334161964569   0
0.81885071370425   0.40159659392145   0.0860899732520615   0.0504538719960768   0
0.774214396930392   0.365614396869779   -0.0446363167738586   -0.0359821970516707   0
0.824881989502868   0.419167017924705   0.0506675925724767   0.0535526210549257   0
0.793647763720934   0.406226307643354   -0.0312342257819339   -0.0129407102813515   0
0.833738471353727   0.447688864054795   0.040090707632793   0.0414625564114412   0
0.833384833662192   0.422988599873342   -0.000353637691534958   -0.0247002641814529   0
0.860532092629955   0.446558782935114   0.0271472589677629   0.0235701830617719   0
0.870527898245593   0.422820746431499   0.00999580561563795   -0.0237380365036147   0
0.824791640435474   0.440328112729916   -0.0457362578101195   0.0175073662984174   0
0.888989208114789   0.463089476801527   0.0641975676793154   0.0227613640716111   0
0.854612646773753   0.437175597139856   -0.0343765613410358   -0.0259138796616711   0
0.898776003747074   0.428701511120328   0.0441633569733202   -0.00847408601952865   0
0.874553695683261   0.439399889546882   -0.0242223080638125   0.0106983784265547   0
0.907105463715218   0.446077424960051   0.0325517680319566   0.00667753541316862   0
0.884492405788201   0.445374205774844   -0.0226130579270165   -0.000703219185206605   0
0.914882805964786   0.441411959139645   0.0303904001765848   -0.00396224663519906   0
0.94379020646169   0.454362988163935   0.0289074004969044   0.0129510290242894   0
0.906420194647604   0.417599773559817   -0.0373700118140865   -0.0367632146041183   0
0.950347797672515   0.46062214096053   0.0439276030249113   0.0430223674007136   0
0.896497785793116   0.421890214335092   -0.0538500118793989   -0.038731926625438   0
0.968273464874547   0.455632233512578   0.0717756790814306   0.0337420191774854   0
0.890460977922946   0.424202691250966   -0.0778124869516005   -0.0314295422616114   0
0.959214361881019   0.451986725727526   0.0687533839580723   0.02778403447656   0
0.898829421312014   0.446892657711155   -0.0603849405690046   -0.00509406801637069   0
0.953656345118324   0.441434447426727   0.0548269238063099   -0.00545821028442817   0
0.935347055648057   0.436017832088712   -0.0183092894702667   -0.00541661533801563   0
0.939498706307896   0.480277185303966   0.00415165065983847   0.0442593532152542   0
0.876962882875689   0.432673338097522   -0.0625358234322065   -0.047603847206444   0
0.975968750496982   0.483366906975873   0.0990058676212926   0.0506935688783514   0
0.935887551317764   0.43432877904165   -0.0400811991792179   -0.0490381279342237   0
1.01450297657415   0.503934520645183   0.0786154252563857   0.0696057416035331   0
0.922152603657231   0.43210213989718   -0.0923503729169185   -0.0718323807480022   0
0.977254966839238   0.475802568956287   0.0551023631820068   0.0437004290591068   0
0.910368851603135   0.413145065684624   -0.0668861152361033   -0.0626575032716629   0
0.992426852989095   0.454069333970551   0.082058001385961   0.0409242682859269   0
0.946220965844178   0.441968000002557   -0.046205887144917   -0.0121013339679945   0
0.965789243222915   0.436598322001416   0.0195682773787361   -0.00536967800114035   0
0.951863139272033   0.44560117408041   -0.0139261039508815   0.00900285207899371   0
0.950044659991287   0.425467319476042   -0.0018184792807463   -0.0201338546043682   0
0.976721068039638   0.443534178095105   0.0266764080483507   0.0180668586190627   0
0.958779846587448   0.422553538510687   -0.0179412214521897   -0.0209806395844178   0
1.02237707644648   0.452720893797384   0.0635972298590316   0.0301673552866975   0
0.960043462264516   0.39281707419808   -0.062333614181963   -0.0599038195993041   0
1.02970652762126   0.433799133798409   0.0696630653567469   0.0409820596003288   0
0.941776032382562   0.392997811480996   -0.0879304952387018   -0.040801322317413   0
1.04298219377198   0.445364478303962   0.101206161389417   0.0523666668229658   0
0.944463645872201   0.374977498456121   -0.0985185478997781   -0.0703869798478411   0
1.00315073346185   0.445792171863776   0.0586870875896452   0.0708146734076555   0
0.949249025284914   0.39871699577998   -0.0539017081769319   -0.0470751760837962   0
1.03755287589152   0.482000389616443   0.0883038506066037   0.0832833938364627   0
0.981436663098343   0.402916916852051   -0.0561162127931751   -0.0790834727643918   0
1.06275631231717   0.46880084860193   0.0813196492188317   0.0658839317498794   0
0.99591536624171   0.434884323346163   -0.0668409460754644   -0.0339165252557674   0
1.06789318508624   0.447330736780017   0.0719778188445324   0.0124464134338537   0
1.05321338179482   0.449944621164094   -0.0146798032914184   0.00261388438407728   0
1.03945163537511   0.456259459165572   -0.0137617464197097   0.00631483800147781   0
1.10859623340816   0.472891397360895   0.0691445980330456   0.0166319381953234   0
1.08427127977873   0.469758945478689   -0.0243249536294323   -0.00313245188220601   0
1.12134800840035   0.498692301305374   0.0370767286216263   0.0289333558266849   0
1.11294620768857   0.445565085061936   -0.00840180071178831   -0.0531272162434384   0
1.18001237261571   0.484495919721467   0.0670661649271456   0.0389308346595311   0
1.13828881377812   0.459691758749817   -0.0417235588375866   -0.0248041609716497   0
1.22282777578989   0.504174332789416   0.0845389620117614   0.0444825740395987   0
1.20019318825773   0.467007518554038   -0.0226345875321581   -0.0371668142353778   0
1.23448278371093   0.480921768866309   0.0342895954532034   0.0139142503122716   0
1.20781607207656   0.487878952011308   -0.0266667116343755   0.00695718314499888   0
1.25636526711177   0.479372943323359   0.0485491950352184   -0.00850600868794976   0
1.29094784138388   0.495223066778497   0.034582574272102   0.0158501234551388   0
1.25515592271455   0.431446287292231   -0.0357919186693274   -0.0637767794862667   0
1.32458204487899   0.461137953568398   0.0694261221644425   0.0296916662761674   0
1.25877413279597   0.439584345236497   -0.0658079120830197   -0.0215536083319007   0
1.32265107349485   0.404619457670303   0.0638769406988824   -0.0349648875661944   0
1.3031175767129   0.476485426497758   -0.019533496781958   0.0718659688274548   0
1.29191291499346   0.439152202147342   -0.0112046617194392   -0.0373332243504155   0
1.35584983727034   0.457191445310933   0.063936922276884   0.0180392431635911   0
1.33363258227105   0.426614071358778   -0.0222172549992867   -0.0305773739521552   0
1.42970850499367   0.482615670862284   0.0960759227226178   0.0560015995035061   0
1.44719757512857   0.468501406505736   0.0174890701348973   -0.0141142643565485   0
1.49074145031966   0.496815337289178   0.0435438751910897   0.0283139307834426   0
1.4494084885875   0.482525195574742   -0.0413329617321625   -0.0142901417144363   0
1.63050963270145   0.489423477869833   0.181101144113951   0.00689828229509076   0
1.51864402334925   0.43056419643743   -0.111865609352193   -0.0588592814324025   0
1.54378045982821   0.504664315021475   0.025136436478959   0.0741001185840452   0
1.48678697897044   0.464511198278362   -0.0569934808577759   -0.0401531167431131   0
1.5604435447842   0.52465146966897   0.0736565658137662   0.0601402713906076   0
1.50588934045235   0.516441809518807   -0.0545542043318583   -0.00820966015016267   0
1.52155613245946   0.550483375605476   0.0156667920071183   0.0340415660866692   0
1.4937658295144   0.528213249802627   -0.0277903029450648   -0.0222701258028494   0
1.52512048979038   0.580601045817918   0.0313546602759784   0.0523877960152909   0
1.53391760858549   0.546052948306547   0.0087971187951168   -0.0345480975113709   0
1.61730838202547   0.560547329766687   0.083390773439975   0.0144943814601396   0
1.54782827226183   0.517571030562656   -0.0694801097636395   -0.0429762992040305   0
1.45006466550151   0.442674520425854   -0.0977636067603216   -0.0748965101368019   0
1.53788381148642   0.358421218507638   0.0878191459849127   -0.0842533019182162   0
1.61981257117815   0.361657100894908   0.0819287596917266   0.00323588238727041   0
1.67029704893093   0.35041424766475   0.0504844777527786   -0.0112428532301588   0
1.73347199461553   0.383716825981986   0.0631749456846087   0.0333025783172367   0
1.68189535050074   0.363023347208003   -0.0515766441147965   -0.0206934787739831   0
1.76470314911602   0.378116138958773   0.0828077986152824   0.0150927917507696   0
1.70084256836195   0.357415168452883   -0.063860580754066   -0.0207009705058901   0
1.75044930869127   0.382236502670284   0.0496067403293197   0.0248213342174012   0
1.76151144322227   0.387618803615795   0.0110621345309974   0.00538230094551073   0
1.72946731458222   0.401510586001693   -0.0320441286400475   0.0138917823858978   0
1.70684334186205   0.418308283820142   -0.0226239727201742   0.0167976978184495   0
1.76384833888594   0.425804823157571   0.0570049970238902   0.00749653933742866   0
1.79900854191392   0.422930105190858   0.0351602030279803   -0.0028747179667129   0
1.77640851183642   0.389835492884178   -0.0226000300774987   -0.0330946123066798   0
1.78717840818453   0.413132975922974   0.0107698963481109   0.0232974830387959   0
1.81619638188463   0.424561231514007   0.0290179737000944   0.0114282555910328   0
1.76619483245559   0.444727108370122   -0.0500015494290338   0.020165876856115   0
1.80471501069061   0.454738152471563   0.0385201782350146   0.0100110441014408   0
1.79968844953925   0.478247859574928   -0.00502656115135514   0.0235097071033654   0
1.80637892931524   0.466298686672352   0.00669047977599191   -0.0119491729025762   0
1.79422057999602   0.466931491900311   -0.0121583493192259   0.00063280522795911   0
1.79845353796156   0.468505348544977   0.00423295796553758   0.00157385664466581   0
1.78612010943861   0.50240261665689   -0.0123334285229442   0.0338972681119135   0
1.7686309442337   0.474896468217021   -0.017489165204909   -0.0275061484398692   0
1.8165178837614   0.495678414750635   0.0478869395276982   0.020781946533614   0
1.87483113138464   0.438593178899023   0.0583132476232362   -0.0570852358516123   0
1.94773719488132   0.453111615216979   0.0729060634966845   0.0145184363179569   0
1.8857643564425   0.434360796956657   -0.0619728384388207   -0.0187508182603222   0
1.95032320627249   0.462025951945613   0.0645588498299872   0.0276651549889558   0
1.92307848739359   0.445981919538363   -0.0272447188789033   -0.0160440324072505   0
1.93687941946421   0.442201933035149   0.0138009320706209   -0.00377998650321343   0
2.00354728725001   0.458139121933832   0.0666678677858077   0.0159371888986827   0
2.01030685393151   0.423492428589532   0.0067595666814948   -0.0346466933442997   0
2.10181144715433   0.439679225537619   0.0915045932228264   0.0161867969480863   0
2.04307781604226   0.423492762783206   -0.0587336311120779   -0.0161864627544129   0
2.06676392905455   0.448632280817679   0.0236861130122925   0.025139518034473   0
2.02605087515492   0.432819295165766   -0.0407130538996339   -0.0158129856519132   0
2.07517244585504   0.438489837208127   0.0491215707001267   0.00567054204236178   0
2.10249976514053   0.44641380343836   0.027327319285491   0.00792396623023245   0
2.11703556312217   0.422621544203384   0.0145357979816358   -0.0237922592349761   0
2.09023296684843   0.402132176674166   -0.0268025962737366   -0.0204893675292178   0
2.13940182785189   0.418804645090766   0.0491688610034551   0.0166724684166003   0
2.12677312856849   0.424226098924394   -0.0126286992833986   0.0054214538336283   0
