0.226276415715735   0.106397659641566   0   0   0
0.239639428146977   0.112241233197297   0.013363012431242   0.00584357355573108   0
0.213162359711653   0.111260955791913   -0.0264770684353241   -0.000980277405384034   0
0.190307955926808   0.0792829855360058   -0.0228544037848444   -0.0319779702559072   0
0.191558756726494   0.096077923614767   0.00125080079968545   0.0167949380787612   0
0.209053526206663   0.091593994985143   0.0174947694801694   -0.004483928629624   0
0.195973484397507   0.0851065025697697   -0.013080041809156   -0.00648749241537326   0
0.211256125035465   0.108476621077424   0.0152826406379578   0.0233701185076542   0
0.23002673284738   0.115488710844188   0.0187706078119152   0.00701208976676426   0
0.17492400339233   0.101689568608302   -0.0551027294550498   -0.0137991422358864   0
0.196427445577852   0.077394255619361   0.0215034421855216   -0.0242953129889407   0
0.11650433370609   0.0547869760867544   -0.0799231118717619   -0.0226072795326066   0
0.0780863838457128   0.0621500918259378   -0.0384179498603773   0.00736311573918338   0
0.13492676427103   0.059938085998789   0.0568403804253168   -0.00221200582714881   0
0.117232841554575   0.0520807764007097   -0.017693922716455   -0.00785730959807925   0
0.139529060223202   0.0525773391369393   0.0222962186686276   0.000496562736229521   0
0.101086290078823   0.0451995682821   -0.038442770144379   -0.00737777085483921   0
0.0877885446197851   0.031892899904222   -0.0132977454590381   -0.013306668377878   0
0.0964766372096893   0.0274789248949668   0.00868809258990418   -0.00441397500925524   0
0.0881321193205973   0.0282443534867825   -0.00834451788909196   0.000765428591815765   0
0.0697665516935587   0.0202377155689569   -0.0183655676270386   -0.00800663791782566   0
0.0609600015232119   0.0516721528759759   -0.0088065501703468   0.031434437307019   0
0.0731851013899004   0.0269632463357201   0.0122250998666885   -0.0247089065402558   0
0.0859378789469463   0.0171854543340422   0.0127527775570459   -0.00977779200167792   0
0.0874836161165621   0.0367251314374775   0.00154573716961576   0.0195396771034353   0
0.0950455458834868   0.0687222122597381   0.00756192976692475   0.0319970808222606   0
0.114085323937393   0.043133255183034   0.0190397780539066   -0.0255889570767042   0
0.115598643700781   0.0564311765831841   0.00151331976338705   0.0132979214001501   0
0.0365092526361209   0.106820398053968   -0.0790893910646596   0.0503892214707842   0
0.109201597894628   0.081297205716791   0.072692345258507   -0.0255231923371773   0
0.104626305521556   0.0993373283637451   -0.00457529237307179   0.0180401226469542   0
0.124729344242003   0.0499708021631882   0.0201030387204465   -0.0493665262005569   0
0.140902781536333   0.0799023987213496   0.0161734372943304   0.0299315965581613   0
0.142190789466336   0.0533105395605728   0.0012880079300033   -0.0265918591607767   0
0.151966751588925   0.05662347302312   0.00977596212258849   0.00331293346254719   0
0.150952802456198   0.0571738370768265   -0.00101394913272668   0.000550364053706481   0
0.171888396340591   0.0602786121582523   0.0209355938843925   0.00310477508142578   0
0.182620192156426   0.0601442332655634   0.0107317958158354   -0.000134378892688913   0
0.174393838377507   0.0838111005703302   -0.0082263537789192   0.0236668673047668   0
0.161234355474539   0.0753326316750085   -0.0131594829029679   -0.00847846889532164   0
0.18694925315692   0.0870577545345761   0.0257148976823806   0.0117251228595675   0
0.194483984672183   0.110006187703124   0.00753473151526365   0.0229484331685482   0
0.165669242754411   0.0836891780982763   -0.0288147419177721   -0.026317009604848   0
0.19435724612234   0.101892627576312   0.0286880033679293   0.0182034494780357   0
0.129976698100006   0.137550803362403   -0.0643805480223348   0.0356581757860912   0
0.177150052100924   0.101380328876291   0.0471733540009182   -0.0361704744861118   0
0.157466413601536   0.118683817141407   -0.0196836384993878   0.0173034882651159   0
0.15052391654023   0.0932658384364956   -0.0069424970613064   -0.0254179787049117   0
0.181997670651715   0.100672097028248   0.0314737541114851   0.00740625859175252   0
0.146031017437837   0.107799206821722   -0.0359666532138772   0.00712710979347436   0
0.17803556459601   0.11474228378987   0.0320045471581724   0.00694307696814726   0
0.159381697440139   0.120346840338301   -0.0186538671558709   0.00560455654843119   0
0.15706922544216   0.102689616967406   -0.00231247199797924   -0.0176572233708952   0
0.170406710958606   0.117719180998956   0.0133374855164466   0.0150295640315504   0
0.161611794323713   0.119768647260729   -0.00879491663489365   0.00204946626177316   0
0.15918718756687   0.112598018844971   -0.00242460675684217   -0.00717062841575805   0
0.18244808180699   0.119923107654384   0.0232608942401192   0.00732508880941285   0
0.178453903284546   0.134885994304153   -0.00399417852244399   0.0149628866497689   0
0.15047170137172   0.141854246572265   -0.027982201912826   0.00696825226811218   0
0.178391227811936   0.144490342201555   0.0279195264402161   0.00263609562928999   0
0.163844520300467   0.178730893489521   -0.0145467075114693   0.0342405512879658   0
0.153596706706394   0.126022117277177   -0.0102478135940726   -0.0527087762123442   0
0.157354445693155   0.130488911645888   0.00375773898676085   0.00446679436871134   0
0.164603937373108   0.121741200330506   0.00724949167995304   -0.00874771131538171   0
0.191712100086979   0.101762334434812   0.0271081627138715   -0.0199788658956945   0
0.157202499315405   0.110205836920464   -0.0345096007715741   0.00844350248565254   0
0.16706397812431   0.132600122716761   0.00986147880890492   0.0223942857962963   0
0.199787505122918   0.116322606429275   0.0327235269986078   -0.0162775162874857   0
0.202853318732625   0.127489793866999   0.00306581360970709   0.0111671874377244   0
0.20093917971864   0.118182275128041   -0.00191413901398488   -0.00930751873895831   0
0.220193839067423   0.131759911953864   0.0192546593487824   0.0135776368258229   0
0.202659557403938   0.149667215915419   -0.0175342816634847   0.0179073039615545   0
0.205099352681792   0.122490881427037   0.00243979527785382   -0.0271763344883813   0
0.242742102010776   0.13614286695256   0.0376427493289843   0.0136519855255229   0
0.225612059184433   0.150121920561497   -0.0171300428263433   0.0139790536089371   0
0.222600011056267   0.14605515812806   -0.00301204812816622   -0.00406676243343768   0
0.253520324811819   0.154663906550623   0.030920313755552   0.00860874842256387   0
0.239658732569877   0.155340348776686   -0.0138615922419412   0.000676442226062668   0
0.26952063302649   0.159046835220643   0.0298619004566129   0.00370648644395724   0
0.266579346455347   0.192018801337922   -0.00294128657114306   0.032971966117279   0
0.279033866113058   0.18624064572902   0.0124545196577109   -0.00577815560890194   0
0.248010553639981   0.191507578792825   -0.0310233124730768   0.00526693306380435   0
0.23759947617579   0.166852179034647   -0.0104110774641908   -0.0246553997581775   0
0.240171811702456   0.173016349870207   0.00257233552666558   0.00616417083556003   0
0.245175834532056   0.156559898257392   0.0050040228295998   -0.0164564516128151   0
0.241321643474865   0.173049798042818   -0.00385419105719051   0.0164898997854255   0
0.236373531442842   0.166498122259239   -0.00494811203202378   -0.00655167578357874   0
0.268488267546275   0.176656309807606   0.0321147361034332   0.0101581875483671   0
0.279972110955716   0.190047043957707   0.0114838434094417   0.0133907341501006   0
0.267040853492495   0.174676322093351   -0.0129312574632218   -0.015370721864356   0
0.296532843580606   0.188492959635957   0.0294919900881111   0.0138166375426063   0
0.313616061701246   0.185794570185294   0.0170832181206407   -0.00269838945066272   0
0.280536595848028   0.18203220881198   -0.0330794658532181   -0.00376236137331395   0
0.331556832974379   0.200113428292929   0.0510202371263502   0.0180812194809487   0
0.321199810003057   0.200620979301462   -0.0103570229713215   0.000507551008532919   0
0.158765659789896   0.148787059061213   -0.162434150213161   -0.0518339202402488   0
0.169080123640155   0.0342921750686906   0.010314463850259   -0.114494883992522   0
0.157966076265412   0.0933803752895248   -0.0111140473747426   0.0590882002208342   0
0.21757367061538   0.132301104170073   0.0596075943499682   0.0389207288805485   0
0.22521239661484   0.1220503724574   0.00763872599945969   -0.0102507317126736   0
0.215589712787415   0.135211333228672   -0.0096226838274252   0.0131609607712723   0
0.259104889056536   0.176072048771813   0.0435151762691215   0.0408607155431411   0
0.238729715555814   0.149316737715451   -0.020375173500722   -0.0267553110563623   0
0.252634170393001   0.20760302612791   0.0139044548371869   0.0582862884124591   0
0.262422472657145   0.189832441888893   0.00978830226414373   -0.0177705842390167   0
0.225508180859897   0.20660530879948   -0.036914291797248   0.0167728669105869   0
0.237738491645421   0.188604744696084   0.0122303107855242   -0.0180005641033962   0
0.21777879919083   0.176887910784549   -0.0199596924545908   -0.0117168339115351   0
0.223557576206578   0.1766758463802   0.0057787770157478   -0.0002120644043489   0
0.237166226651267   0.192366235662123   0.0136086504446885   0.0156903892819236   0
0.244078505689788   0.203241588062163   0.00691227903852157   0.0108753524000396   0
0.254364329482339   0.202553590458556   0.0102858237925509   -0.00068799760360691   0
0.293370846340668   0.233746491022587   0.0390065168583291   0.0311929005640311   0
0.303723755097226   0.233569859551527   0.0103529087565582   -0.000176631471060423   0
0.288195075147789   0.253731421933459   -0.015528679949437   0.0201615623819321   0
0.31073607150442   0.289614211451566   0.0225409963566305   0.0358827895181072   0
0.30108889546604   0.264909712039121   -0.00964717603837995   -0.0247044994124452   0
0.314003415821293   0.27149887083425   0.0129145203552532   0.00658915879512856   0
0.256744713187672   0.267189112141293   -0.0572587026336212   -0.00430975869295636   0
0.290884496708986   0.26481149785378   0.0341397835213138   -0.00237761428751326   0
0.250969363380752   0.245452506690388   -0.0399151333282338   -0.0193589911633918   0
0.28007040174108   0.240011877864539   0.029101038360328   -0.00544062882584884   0
0.296556625390515   0.259481201256758   0.0164862236494344   0.0194693233922185   0
0.258998398806807   0.258452837983287   -0.0375582265837072   -0.00102836327347111   0
0.297042574124064   0.255194160413968   0.0380441753172566   -0.00325867756931869   0
0.293494856009113   0.259688562091864   -0.00354771811495086   0.00449440167789628   0
0.26533115718822   0.254428141579253   -0.0281636988208929   -0.005260420512611   0
0.314408004057801   0.261269829380776   0.0490768468695805   0.00684168780152311   0
0.270883189733896   0.25197672666044   -0.0435248143239045   -0.00929310272033645   0
0.31619221609015   0.252364168867314   0.0453090263562536   0.000387442206873811   0
0.282641817601731   0.249101011317944   -0.0335503984884191   -0.00326315754936954   0
0.304371937947571   0.260714847629551   0.0217301203458403   0.0116138363116069   0
0.341643113819143   0.258150782011642   0.0372711758715722   -0.00256406561790862   0
0.280734994080271   0.25962875152277   -0.0609081197388718   0.00147796951112811   0
0.289231928647392   0.245611158632527   0.00849693456712053   -0.0140175928902432   0
0.293720876035395   0.228335047260167   0.00448894738800332   -0.0172761113723607   0
0.255798529686079   0.247421870098325   -0.0379223463493159   0.0190868228381587   0
0.244103838458493   0.22114903980285   -0.0116946912275864   -0.0262728302954753   0
0.245703883993335   0.231445922092419   0.00160004553484167   0.0102968822895689   0
0.23146146075995   0.201132351953036   -0.0142424232333843   -0.0303135701393827   0
0.184112294786551   0.183278775509666   -0.0473491659733989   -0.0178535764433702   0
0.143165012039604   0.134164939788903   -0.0409472827469473   -0.0491138357207628   0
0.163610960853147   0.133309918411244   0.0204459488135428   -0.000855021377659276   0
0.126052426507942   0.171017923206414   -0.0375585343452055   0.0377080047951704   0
0.168383410114714   0.130016179815591   0.0423309836067726   -0.0410017433908236   0
0.183118775743177   0.161456360977053   0.0147353656284631   0.0314401811614625   0
0.207913015297263   0.147109241699528   0.0247942395540861   -0.0143471192775256   0
0.192026507582   0.147913698733958   -0.015886507715263   0.000804457034430189   0
0.199697655217682   0.160784504841605   0.00767114763568125   0.012870806107647   0
0.201804440261507   0.140560619473094   0.00210678504382511   -0.0202238853685104   0
0.185042694660827   0.150217721362727   -0.0167617456006798   0.00965710188963312   0
0.205431053295114   0.161371771798571   0.0203883586342872   0.0111540504358434   0
0.198815939346447   0.145612214049543   -0.00661511394866729   -0.0157595577490275   0
0.218795277820638   0.164700600519427   0.0199793384741908   0.0190883864698841   0
0.204534353887214   0.178452268891432   -0.0142609239334238   0.0137516683720048   0
0.227653908441608   0.16297983306628   0.0231195545543941   -0.0154724358251521   0
0.225295758948321   0.16821434517232   -0.00235814949328678   0.00523451210604023   0
0.20358363670757   0.166071656149808   -0.0217121222407507   -0.00214268902251244   0
0.226182955850015   0.167749921410235   0.022599319142445   0.00167826526042714   0
0.215041876887503   0.18021932192152   -0.0111410789625123   0.0124694005112852   0
0.224215512063394   0.19591128440243   0.00917363517589101   0.0156919624809104   0
0.246547821330183   0.191352831540325   0.0223323092667893   -0.00455845286210549   0
0.211990828803842   0.201223215311635   -0.034556992526341   0.00987038377130972   0
0.222204330898432   0.19805855321316   0.01021350209459   -0.00316466209847505   0
0.230748466001943   0.201544963211196   0.00854413510351101   0.0034864099980367   0
0.223202221435204   0.226825429242865   -0.00754624456673897   0.0252804660316687   0
0.264084018808882   0.241949821207704   0.0408817973736778   0.015124391964839   0
0.274098936147607   0.237752917726413   0.010014917338725   -0.00419690348129109   0
0.242893476131925   0.238521558383388   -0.0312054600156821   0.000768640656975073   0
0.265233020804895   0.228297104092036   0.0223395446729703   -0.0102244542913519   0
0.260740853609959   0.23268038175803   -0.00449216719493639   0.00438327766599367   0
0.255889761018314   0.256013826811468   -0.00485109259164457   0.0233334450534385   0
0.275704065585838   0.248997501501642   0.0198143045675236   -0.00701632530982679   0
0.29241087623187   0.249256646399349   0.0167068106460322   0.000259144897707231   0
0.267506907365324   0.248893720071058   -0.0249039688665462   -0.00036292632829113   0
0.245081642925149   0.268295431607696   -0.0224252644401754   0.0194017115366386   0
0.301330536080912   0.259995057507234   0.0562488931557638   -0.00830037410046203   0
0.255631159123687   0.246157063514278   -0.0456993769572249   -0.0138379939929558   0
0.273673409853789   0.272972665259472   0.0180422507301017   0.026815601745194   0
0.240279743207163   0.26425258789132   -0.0333936666466265   -0.00872007736815206   0
0.244911134346236   0.278117235137648   0.00463139113907329   0.013864647246328   0
0.275352658369154   0.291145206808922   0.0304415240229181   0.0130279716712737   0
0.285625008622862   0.277855098244683   0.0102723502537081   -0.013290108564239   0
0.279219432848808   0.30006581908443   -0.00640557577405404   0.0222107208397471   0
0.297659988361906   0.296652712120688   0.018440555513098   -0.00341310696374186   0
0.260127212660287   0.298728885576554   -0.0375327757016193   0.00207617345586586   0
0.308594441761497   0.294931138816402   0.0484672291012104   -0.00379774676015182   0
0.281967908540954   0.303978570214123   -0.0266265332205426   0.00904743139772057   0
0.262771417296878   0.284688773506947   -0.0191964912440764   -0.0192897967071755   0
0.27527258667381   0.305518733197823   0.0125011693769316   0.0208299596908755   0
0.259126637785157   0.286014909951042   -0.0161459488886525   -0.0195038232467812   0
0.227332495322292   0.307375494821074   -0.0317941424628649   0.0213605848700321   0
0.271357117411797   0.291632369668989   0.0440246220895052   -0.0157431251520845   0
0.259250539092612   0.320479678983317   -0.0121065783191853   0.0288473093143278   0
0.27405798603728   0.330622883432923   0.014807446944668   0.0101432044496056   0
0.241454242029416   0.294437702510157   -0.0326037440078636   -0.0361851809227653   0
0.261510338448483   0.304291697090966   0.0200560964190662   0.00985399458080821   0
0.29540418862875   0.323341417528191   0.0338938501802671   0.0190497204372254   0
0.295163551983659   0.318384262039991   -0.000240636645091052   -0.00495715548819958   0
0.27906087083511   0.310434777043649   -0.0161026811485486   -0.00794948499634257   0
0.332049611446844   0.296469455665757   0.0529887406117338   -0.0139653213778924   0
0.306027260638068   0.319018931199231   -0.0260223508087759   0.0225494755334749   0
0.296471248542519   0.323228258906148   -0.00955601209554913   0.00420932770691679   0
0.339993985342109   0.321645984582817   0.0435227367995898   -0.0015822743233308   0
0.305620051546426   0.311762978521745   -0.0343739337956828   -0.00988300606107251   0
0.357338967052909   0.321854443268226   0.0517189155064831   0.0100914647464815   0
0.32574597058943   0.311405492363253   -0.0315929964634786   -0.0104489509049734   0
0.337721152035833   0.320268986981256   0.0119751814464023   0.00886349461800312   0
0.345824707727036   0.312634502323   0.00810355569120358   -0.00763448465825595   0
0.299260002102269   0.315287131310889   -0.0465647056247673   0.00265262898788921   0
0.320654857455817   0.324241500739033   0.0213948553535476   0.00895436942814315   0
0.346888334408193   0.344061004209283   0.026233476952376   0.0198195034702501   0
0.352570852722187   0.340548426845948   0.00568251831399436   -0.0035125773633346   0
0.301775624797895   0.333613280879599   -0.0507952279242917   -0.00693514596634931   0
0.282333407557891   0.328600482179348   -0.0194422172400044   -0.00501279870025068   0
0.231127619714001   0.318532744921539   -0.0512057878438894   -0.0100677372578094   0
0.207685919503947   0.329333692190763   -0.0234417002100542   0.010800947269224   0
0.195382108815981   0.3201658917534   -0.0123038106879657   -0.00916780043736243   0
0.168294525326702   0.247704869408637   -0.0270875834892793   -0.072461022344763   0
0.0788354207262827   0.249638553049704   -0.0894591046004195   0.00193368364106705   0
0.344393505930484   0.18975675283702   0.265558085204201   -0.059881800212684   0
0.206206355223136   0.161717600898147   -0.138187150707348   -0.0280391519388729   0
0.153077304832036   0.209967458960311   -0.0531290503910999   0.0482498580621638   0
0.0818175773818805   0.233766003782629   -0.0712597274501553   0.0237985448223175   0
0.0682097077613744   0.254833112058166   -0.0136078696205061   0.0210671082755377   0
0.0726596209504977   0.250361579315298   0.00444991318912327   -0.00447153274286893   0
0.0367434210526184   0.262176048252887   -0.0359161998978793   0.0118144689375893   0
0.0538365138779435   0.268886001970166   0.0170930928253251   0.006709953717279   0
0.0691898348910445   0.269128332870213   0.015353321013101   0.000242330900046883   0
0.0353409058102647   0.276994472291867   -0.0338489290807798   0.00786613942165454   0
0.072468852762549   0.280266140945085   0.0371279469522843   0.00327166865321737   0
0.0415178772472775   0.297770467778875   -0.0309509755152715   0.0175043268337904   0
0.0576432032355962   0.30429826106511   0.0161253259883187   0.00652779328623532   0
0.0463580867108426   0.297857221027962   -0.0112851165247536   -0.00644104003714863   0
0.0279886926674416   0.303446422758203   -0.018369394043401   0.00558920173024124   0
0.0453738863940935   0.290380743728385   0.0173851937266519   -0.0130656790298179   0
0.0366869890126472   0.297499181871984   -0.00868689738144622   0.00711843814359936   0
0.0311958745182757   0.315420235600857   -0.0054911144943716   0.0179210537288725   0
0.0117718733625076   0.306923158188251   -0.019424001155768   -0.00849707741260602   0
0.0425579366489587   0.313968866740398   0.0307860632864511   0.00704570855214753   0
0.0358589730308887   0.312501594431532   -0.00669896361807004   -0.00146727230886584   0
0.0140206779223724   0.322811591906177   -0.0218382951085163   0.0103099974746443   0
0.0519829140224757   0.337507706043136   0.0379622361001033   0.0146961141369594   0
0.0231977429079059   0.343246312069409   -0.0287851711145697   0.00573860602627269   0
0.0440947340310711   0.343572032050777   0.0208969911231652   0.000325719981367933   0
0.0266286517884045   0.338004079313771   -0.0174660822426666   -0.00556795273700578   0
0.0324833146402637   0.336658842263574   0.00585466285185919   -0.00134523705019696   0
0.0337900059400214   0.351631582323744   0.00130669129975766   0.01497274006017   0
0.0390995784852627   0.352213721873524   0.00530957254524129   0.000582139549779759   0
0.055167117650228   0.353374871451692   0.0160675391649653   0.00116114957816843   0
0.0342322483269563   0.351119093920069   -0.0209348693232718   -0.00225577753162359   0
0.0107758735250791   0.364412558304801   -0.0234563748018772   0.0132934643847323   0
0.0358284972544898   0.362915354065862   0.0250526237294107   -0.00149720423893895   0
0.0268363321778246   0.375410969961588   -0.00899216507666517   0.0124956158957256   0
0.0437995307515092   0.401248720482384   0.0169631985736846   0.025837750520796   0
0.054358164054542   0.392661674035358   0.0105586333030328   -0.00858704644702524   0
0.0395036590593479   0.393181555159318   -0.0148545049951941   0.000519881123959898   0
0.0287833540675015   0.381159776651144   -0.0107203049918464   -0.0120217785081743   0
0.0620792653935829   0.365555928171737   0.0332959113260814   -0.0156038484794072   0
0.0460151899426711   0.373856848687435   -0.0160640754509118   0.00830092051569864   0
0.0302956431773877   0.366094803699124   -0.0157195467652834   -0.00776204498831162   0
0.0663089825061138   0.362204355924594   0.036013339328726   -0.00389044777452974   0
0.038728124628874   0.387021060784488   -0.0275808578772397   0.0248167048598935   0
0.0205769916373628   0.396676804031632   -0.0181511329915112   0.00965574324714474   0
0.0513396876777955   0.382117241291858   0.0307626960404326   -0.0145595627397743   0
0.0354144616032787   0.36107436037124   -0.0159252260745168   -0.0210428809206182   0
0.015793230452485   0.354718628757005   -0.0196212311507937   -0.00635573161423469   0
0.0156050882943   0.372174832197517   -0.00018814215818498   0.0174562034405119   0
0.0258085273219919   0.375188167680565   0.0102034390276918   0.00301333548304833   0
0.0564340357210965   0.369612749457456   0.0306255083991047   -0.00557541822310959   0
0.0595517867804359   0.363825597454673   0.00311775105933936   -0.0057871520027824   0
0.0671260745884936   0.386355233760978   0.00757428780805765   0.0225296363063047   0
0.0623737506426381   0.399419659842252   -0.00475232394585542   0.0130644260812736   0
