0.134197097960574   0.317517571717692   0   0   0
0.152621814686007   0.269678775120049   0.0184247167254331   -0.0478387965976434   0
0.119972949733596   0.25422229165978   -0.0326488649524113   -0.0154564834602695   0
0.0977477191241821   0.254022607624223   -0.022225230609414   -0.00019968403555648   0
0.113704395451275   0.226340084892784   0.0159566763270932   -0.0276825227314394   0
0.109237399576152   0.22950605738035   -0.00446699587512284   0.00316597248756631   0
0.0938603752519667   0.195151935188977   -0.0153770243241858   -0.0343541221913734   0
0.0916143874125129   0.197531486511803   -0.00224598783945379   0.00237955132282616   0
0.101888655727564   0.173147713219811   0.0102742683150508   -0.0243837732919915   0
0.0886220382937563   0.183735930866829   -0.0132666174338074   0.0105882176470173   0
0.106648543850631   0.16587458558218   0.0180265055568749   -0.0178613452846484   0
0.100465592168911   0.169791268743419   -0.00618295168171992   0.00391668316123905   0
0.116806765362499   0.151090119501417   0.0163411731935882   -0.0187011492420021   0
0.118938585585839   0.111781115638879   0.00213182022333978   -0.0393090038625378   0
0.0809020501866918   0.108567351800173   -0.0380365353991474   -0.00321376383870638   0
0.0887966249145514   0.0797126383339085   0.00789457472785959   -0.0288547134662644   0
0.126378045722665   0.0888198291518988   0.0375814208081136   0.00910719081799034   0
0.115290348467077   0.051311107178685   -0.0110876972555882   -0.0375087219732138   0
0.104815906830309   0.0389419299168968   -0.0104744416367678   -0.0123691772617882   0
0.0946657707804146   0.0260842623641316   -0.0101501360498943   -0.0128576675527652   0
0.0462170432786532   0.0686091223104131   -0.0484487275017614   0.0425248599462815   0
0.0840863886118318   0.0687680573107546   0.0378693453331787   0.000158935000341476   0
0.0968546813763796   0.0359494084080322   0.0127682927645477   -0.0328186489027223   0
0.09623479204638   0.0362777594574541   -0.000619889329999582   0.000328351049421846   0
0.0954803494722343   0.0408448003291117   -0.000754442574145642   0.00456704087165757   0
0.0962832465590458   0.0325466458152023   0.000802897086811444   -0.00829815451390937   0
0.104017553056155   0.0323975904970184   0.00773430649710913   -0.000149055318183849   0
0.104516684653169   0.0496966671757272   0.000499131597014243   0.0172990766787087   0
0.11191770761296   0.059482887597863   0.00740102295979082   0.00978622042213577   0
0.131733587571963   0.061964200904252   0.0198158799590029   0.002481313306389   0
0.0878011632712232   0.0810482083847632   -0.0439324243007396   0.0190840074805112   0
0.0866586811874032   0.0821114288489276   -0.00114248208381998   0.00106322046416442   0
0.105053830414174   0.0825144090647809   0.0183951492267706   0.000402980215853291   0
0.113837030442515   0.0980855287820788   0.00878320002834077   0.0155711197172978   0
0.09906870613532   0.106316240567187   -0.0147683243071946   0.00823071178510834   0
0.0978803302531561   0.123285043254808   -0.00118837588216396   0.0169688026876214   0
0.0970429499544403   0.11868310825366   -0.000837380298715801   -0.00460193500114839   0
0.107795289840141   0.127163608578673   0.0107523398857007   0.00848050032501306   0
0.122097464522282   0.118357485840567   0.0143021746821414   -0.00880612273810623   0
0.123152742996169   0.122209721654008   0.00105527847388644   0.00385223581344063   0
0.143768490327923   0.104764398530095   0.0206157473317539   -0.0174453231239129   0
0.139848773149213   0.107964825593802   -0.00391971717870984   0.00320042706370699   0
0.147453566134088   0.12917308370512   0.0076047929848756   0.0212082581113186   0
0.144388155923988   0.102332028133437   -0.00306541021010001   -0.0268410555716834   0
0.152811178941202   0.0978916644170483   0.00842302301721337   -0.00444036371638851   0
0.151272233776063   0.0907981507655993   -0.00153894516513831   -0.007093513651449   0
0.164240429689586   0.0978530337806269   0.012968195913523   0.00705488301502757   0
0.153243243018314   0.104609773544361   -0.0109971866712726   0.00675673976373416   0
0.158857489354578   0.0882738347929895   0.00561424633626456   -0.0163359387513715   0
0.149167529248325   0.0910080963431414   -0.00968996010625306   0.00273426155015188   0
0.158956107696842   0.0932606666054044   0.00978857844851655   0.00225257026226307   0
0.175809885111162   0.105248824157577   0.0168537774143201   0.0119881575521722   0
0.174097614793799   0.0979173814750987   -0.00171227031736312   -0.007331442682478   0
0.148690139267034   0.102794962462224   -0.0254074755267648   0.00487758098712512   0
0.14977460248243   0.0937263478689957   0.00108446321539613   -0.00906861459322807   0
0.170474133808886   0.0950955729164218   0.0206995313264559   0.00136922504742608   0
0.180077440007792   0.0983991588011427   0.00960330619890612   0.00330358588472089   0
0.167595346776096   0.0949913770628813   -0.0124820932316959   -0.00340778173826137   0
0.186381095152271   0.102618390917625   0.0187857483761749   0.00762701385474367   0
0.179672973547971   0.106191718290552   -0.00670812160430001   0.00357332737292719   0
0.179955944941588   0.114599869786455   0.000282971393617132   0.00840815149590307   0
0.172488878020584   0.109091524091878   -0.00746706692100413   -0.00550834569457678   0
0.178366364470575   0.0979636381405877   0.0058774864499907   -0.0111278859512908   0
0.179238785312471   0.0836307960462233   0.000872420841895816   -0.0143328420943644   0
0.150790954077524   0.0984956848144247   -0.0284478312349467   0.0148648887682014   0
0.181108256351719   0.0998079437861661   0.0303173022741949   0.00131225897174139   0
0.153610102770261   0.141135320283629   -0.0274981535814586   0.0413273764974628   0
0.112021786718067   0.168152765714075   -0.0415883160521935   0.0270174454304458   0
0.127853186811202   0.140376429140597   0.0158314000931345   -0.0277763365734779   0
0.135082691931313   0.157134154304546   0.00722950512011142   0.0167577251639496   0
0.166135491255331   0.123170533737782   0.0310527993240176   -0.0339636205667648   0
0.155283043747861   0.12775423860531   -0.0108524475074699   0.00458370486752846   0
0.161605508525421   0.129239951448662   0.00632246477756063   0.00148571284335189   0
0.167485651325837   0.136180252838664   0.00588014280041624   0.00694030139000221   0
0.200118335814088   0.125204953604889   0.0326326844882503   -0.0109752992337748   0
0.2047348659242   0.116693141144638   0.00461653011011187   -0.00851181246025098   0
0.196911937995135   0.102891667674805   -0.00782292792906433   -0.0138014734698335   0
0.18541380216718   0.128195389259911   -0.0114981358279558   0.0253037215851056   0
0.197583879340522   0.12236666640262   0.0121700771733426   -0.00582872285729095   0
0.217304538203876   0.114241865811269   0.0197206588633543   -0.00812480059135061   0
0.204266148592957   0.0770831800094061   -0.0130383896109194   -0.0371586858018629   0
0.187114583732135   0.106199100418083   -0.0171515648608224   0.0291159204086766   0
0.186598753562959   0.151813290974473   -0.000515830169175335   0.0456141905563903   0
0.202239027712259   0.118058712540625   0.0156402741493001   -0.0337545784338477   0
0.230920708631773   0.11530505252876   0.0286816809195133   -0.00275366001186574   0
0.205463236387924   0.103106735690424   -0.0254574722438485   -0.0121983168383354   0
0.172032821634972   0.12116007059569   -0.0334304147529524   0.0180533349052654   0
0.175069319125083   0.143603884363977   0.00303649749011084   0.0224438137682874   0
0.181464035021929   0.146170475309388   0.00639471589684679   0.00256659094541123   0
0.194495409206593   0.148164655269644   0.0130313741846635   0.00199417996025589   0
0.195881811395443   0.132321473092956   0.00138640218885039   -0.0158431821766877   0
0.180843895405402   0.142323108164227   -0.0150379159900412   0.010001635071271   0
0.197341296143103   0.145694654467348   0.0164974007377012   0.00337154630312078   0
0.229305718100116   0.136413042919953   0.031964421957013   -0.0092816115473954   0
0.214417952808271   0.124004173706412   -0.0148877652918451   -0.0124088692135409   0
0.204612583973811   0.134964060931086   -0.00980536883445982   0.0109598872246744   0
0.191412817416311   0.135949748867237   -0.0131997665575004   0.000985687936150947   0
0.208506683110854   0.124849701548908   0.0170938656945428   -0.0111000473183294   0
0.201312504668339   0.117740714834557   -0.00719417844251483   -0.00710898671435087   0
0.209020393724536   0.104888958792668   0.0077078890561969   -0.0128517560418892   0
0.158189220336438   0.125828001976905   -0.0508311733880983   0.020939043184237   0
0.227966494414596   0.084533826954495   0.0697772740781583   -0.04129417502241   0
0.175544066446462   0.0946581932862127   -0.0524224279681335   0.0101243663317177   0
0.189322973160787   0.071439166708291   0.0137789067143244   -0.0232190265779216   0
0.184995759612214   0.100216667366873   -0.00432721354857299   0.0287775006585821   0
0.179783849355525   0.106488716129269   -0.00521191025668913   0.00627204876239569   0
0.187583664110844   0.110734474668426   0.00779981475531946   0.00424575853915689   0
0.189761309790326   0.106349105869971   0.00217764567948164   -0.00438536879845508   0
0.193887442618649   0.113489774553006   0.00412613282832341   0.00714066868303577   0
0.214107103707467   0.11310669664897   0.0202196610888177   -0.000383077904035967   0
0.192183807139519   0.124281462294633   -0.0219232965679475   0.0111747656456623   0
0.196912025863455   0.114586964192452   0.00472821872393564   -0.009694498102181   0
0.183997069439434   0.107797414203032   -0.0129149564240208   -0.00678954998941995   0
0.183579140345765   0.111992647621807   -0.0004179290936695   0.00419523341877517   0
0.212336822028116   0.117597877997477   0.0287576816823517   0.0056052303756705   0
0.198740071716199   0.12154486867363   -0.0135967503119173   0.00394699067615266   0
0.200990920763103   0.120501368031871   0.00225084904690395   -0.00104350064175883   0
0.249363127119147   0.105234116245173   0.0483722063560442   -0.0152672517866987   0
0.287229402292244   0.113637720807573   0.0378662751730972   0.0084036045624008   0
0.309936008470797   0.121255372122175   0.0227066061785526   0.00761765131460196   0
0.308105426077114   0.138165865974641   -0.001830582393683   0.0169104938524658   0
0.38916325663274   0.140961409712242   0.0810578305556261   0.00279554373760069   0
0.381956853260941   0.146613697908109   -0.00720640337179923   0.00565228819586669   0
0.400170108971172   0.154563610320273   0.0182132557102315   0.00794991241216456   0
0.360716305477033   0.155043791676811   -0.0394538034941397   0.000480181356538351   0
0.398309345834365   0.163635455789967   0.0375930403573325   0.00859166411315604   0
0.386726575374644   0.162938518090421   -0.0115827704597215   -0.000696937699546318   0
0.37214604184379   0.165065119962577   -0.0145805335308536   0.00212660187215605   0
0.389966231098284   0.16123128256828   0.0178201892544935   -0.00383383739429735   0
0.366267271906732   0.150091787678449   -0.0236989591915516   -0.0111394948898312   0
0.37345303688148   0.162054666299007   0.00718576497474788   0.0119628786205583   0
0.36834811323122   0.150345448578465   -0.0051049236502595   -0.0117092177205415   0
0.366264486370164   0.152495082159992   -0.00208362686105651   0.00214963358152617   0
0.370038394036349   0.152894352742359   0.00377390766618468   0.000399270582367717   0
0.365602813122383   0.152559827474609   -0.00443558091396579   -0.000334525267750213   0
0.329256958268159   0.151686936020377   -0.0363458548542242   -0.000872891454231917   0
0.333714473244719   0.164457119901739   0.00445751497655994   0.012770183881362   0
0.369841449874132   0.180755416188824   0.0361269766294133   0.0162982962870849   0
0.354669142116988   0.179478969937323   -0.0151723077571441   -0.00127644625150103   0
0.353472388843881   0.170196525849604   -0.00119675327310648   -0.00928244408771881   0
0.320411986258317   0.187413676505772   -0.0330604025855641   0.0172171506561673   0
0.33420344432097   0.17829030311478   0.0137914580626534   -0.00912337339099192   0
0.369848853976864   0.180415724551472   0.035645409655894   0.00212542143669206   0
0.363964079319649   0.18383584111035   -0.0058847746572151   0.00342011655887872   0
0.368185735133777   0.178172906249337   0.00422165581412792   -0.00566293486101349   0
0.344449455441579   0.198238563909119   -0.0237362796921987   0.0200656576597824   0
0.392757903375604   0.191204864447665   0.048308447934025   -0.00703369946145424   0
0.372319710517722   0.191709427390758   -0.0204381928578821   0.000504562943093367   0
0.375788091020724   0.184325225811397   0.00346838050300258   -0.00738420157936148   0
0.398911907460783   0.185565396617695   0.0231238164400585   0.0012401708062981   0
0.417703665454351   0.191190903040155   0.0187917579935679   0.00562550642246004   0
0.395924246169643   0.197849808661621   -0.0217794192847076   0.00665890562146573   0
0.36908778748287   0.213221167177118   -0.0268364586867731   0.0153713585154971   0
0.423256959995934   0.239308521094047   0.0541691725130645   0.0260873539169291   0
0.39450956055969   0.22365592545524   -0.0287473994362439   -0.0156525956388068   0
0.384711876181383   0.225540925115111   -0.00979768437830703   0.00188499965987046   0
0.382954796220128   0.217522509368921   -0.00175707996125507   -0.00801841574618939   0
0.408097265322864   0.224982030466546   0.0251424691027356   0.00745952109762502   0
0.428859248385761   0.227419609147815   0.0207619830628973   0.00243757868126876   0
0.413721608395066   0.238651484908276   -0.0151376399906956   0.0112318757604607   0
0.387201388507324   0.240497708649619   -0.0265202198877411   0.00184622374134316   0
0.448448007740028   0.248659477309577   0.0612466192327034   0.00816176865995807   0
0.442550932513988   0.245604479773747   -0.00589707522604016   -0.0030549975358298   0
0.419682357201253   0.238248447745673   -0.0228685753127348   -0.00735603202807464   0
0.481200239646657   0.245572797148717   0.061517882445404   0.00732434940304452   0
0.416552908598656   0.241792584005951   -0.0646473310480012   -0.00378021314276589   0
0.441877457561483   0.256192637063368   0.025324548962827   0.0144000530574165   0
0.47526985910007   0.25569633807087   0.0333924015385869   -0.000496298992498034   0
0.425296616478429   0.255783482243723   -0.0499732426216404   8.71441728533262e-05   0
0.401153062371459   0.2367807839562   -0.0241435541069697   -0.0190026982875234   0
0.453729068263209   0.25621229879193   0.0525760058917498   0.0194315148357299   0
0.457883926005271   0.255895369319364   0.00415485774206126   -0.000316929472565231   0
0.475606436446144   0.269343325627841   0.0177225104408734   0.0134479563084763   0
0.500669065397494   0.285272771103452   0.02506262895135   0.0159294454756113   0
0.515763499300794   0.284277087346131   0.0150944339032999   -0.000995683757320676   0
0.508586710657091   0.280792661279907   -0.00717678864370241   -0.0034844260662244   0
0.491086430462093   0.280890428847193   -0.0175002801949984   9.77675672860778e-05   0
0.462650661365571   0.28092832796867   -0.0284357690965222   3.7899121476892e-05   0
0.463572566341021   0.275216812796112   0.000921904975449916   -0.00571151517255813   0
0.461008373843686   0.276673244626888   -0.00256419249733442   0.00145643183077659   0
0.470197637505762   0.277799979062387   0.00918926366207584   0.00112673443549838   0
0.475610549177581   0.279188545576283   0.00541291167181873   0.00138856651389585   0
0.478863498994233   0.298748858875017   0.00325294981665242   0.0195603132987348   0
0.49805370121504   0.289705214318663   0.0191902022208065   -0.00904364455635426   0
0.478904332077921   0.278995608564387   -0.0191493691371183   -0.0107096057542763   0
0.478673457276461   0.270536821144927   -0.000230874801460279   -0.00845878741945921   0
0.518156263195766   0.28596147832   0.0394828059193049   0.0154246571750728   0
0.465119843792973   0.2799725528831   -0.0530364194027926   -0.00598892543690072   0
0.446105667030806   0.292324648257913   -0.0190141767621679   0.0123520953748133   0
0.465119934913566   0.341939087250935   0.0190142678827606   0.049614438993022   0
0.505294855161815   0.353832760318632   0.0401749202482492   0.0118936730676972   0
0.471758684061036   0.375201825062579   -0.0335361711007798   0.0213690647439467   0
0.463604299691019   0.366410662676351   -0.00815438437001675   -0.00879116238622796   0
0.522963712038417   0.378209533499517   0.0593594123473979   0.0117988708231666   0
0.491558495392969   0.37462297969906   -0.0314052166454473   -0.00358655380045708   0
0.487440390941292   0.370135427930065   -0.00411810445167704   -0.00448755176899501   0
0.508370722105434   0.374927348958768   0.0209303311641411   0.00479192102870302   0
0.524219069128547   0.39224260245765   0.0158483470231131   0.0173152534988816   0
0.507579915563057   0.373347705063487   -0.0166391535654897   -0.0188948973941628   0
0.479426489733306   0.360979864959862   -0.0281534258297507   -0.0123678401036253   0
0.436292827291488   0.348394485167349   -0.0431336624418184   -0.0125853797925122   0
0.444025103968233   0.333376367283225   0.00773227667674509   -0.0150181178841241   0
0.434949702988748   0.329941577868147   -0.00907540097948495   -0.00343478941507841   0
0.420109654033325   0.314575157397624   -0.014840048955423   -0.0153664204705228   0
0.408076277788847   0.322460280097162   -0.0120333762444781   0.00788512269953756   0
0.446667212160239   0.324331804018774   0.0385909343713924   0.00187152392161238   0
0.467902390019542   0.342218041394459   0.0212351778593033   0.0178862373756854   0
0.468892404224039   0.339365182200738   0.000990014204497014   -0.00285285919372169   0
0.461536813749456   0.330962590901842   -0.00735559047458345   -0.00840259129889581   0
0.466872707136538   0.33129235646838   0.00533589338708246   0.000329765566538465   0
0.479806962605796   0.328157397740871   0.0129342554692578   -0.00313495872750974   0
0.486191605436581   0.324086716366473   0.00638464283078466   -0.00407068137439798   0
0.44842027870849   0.330140853938228   -0.0377713267280907   0.00605413757175544   0
0.435625357303727   0.321899325891202   -0.012794921404763   -0.0082415280470266   0
0.465889178142184   0.330270598939173   0.0302638208384571   0.00837127304797131   0
0.47580639446838   0.359772673368115   0.00991721632619602   0.0295020744289416   0
0.487742958609348   0.350915374089908   0.0119365641409674   -0.00885729927820661   0
0.532250463766825   0.351512981071055   0.0445075051574769   0.000597606981147303   0
0.555223308231922   0.346872691588748   0.0229728444650974   -0.00464028948230744   0
0.582771031366522   0.374520597072314   0.0275477231346001   0.0276479054835662   0
0.590620886560067   0.413555015723812   0.0078498551935452   0.0390344186514981   0
0.571208972556454   0.409960963268117   -0.0194119140036132   -0.00359405245569494   0
0.574332881007174   0.408555766568926   0.0031239084507193   -0.00140519669919142   0
0.594727333350335   0.426784465801677   0.0203944523431611   0.0182286992327508   0
0.59641941997222   0.442469037012594   0.00169208662188591   0.0156845712109177   0
0.589824913257316   0.44448709287598   -0.0065945067149048   0.0020180558633856   0
0.60141816223739   0.434536806666259   0.0115932489800747   -0.0099502862097206   0
0.584757827211402   0.435775499031428   -0.0166603350259883   0.00123869236516871   0
0.571210427951906   0.3921303998899   -0.0135473992594959   -0.0436450991415284   0
0.588012961405614   0.382269183238997   0.0168025334537077   -0.00986121665090239   0
0.591606618395197   0.383342186432778   0.00359365698958281   0.00107300319378045   0
0.566235548099022   0.359317433811428   -0.0253710702961747   -0.0240247526213501   0
0.560616979495805   0.356853011213864   -0.00561856860321686   -0.00246442259756302   0
0.534135392317341   0.362335330925917   -0.026481587178464   0.00548231971205226   0
0.559877964926286   0.360072519313992   0.0257425726089452   -0.00226281161192465   0
0.585001576006424   0.364650147077085   0.0251236110801376   0.00457762776309323   0
0.535122325975099   0.357349613827163   -0.0498792500313251   -0.00730053324992236   0
0.573733901568488   0.374134607696361   0.0386115755933896   0.0167849938691981   0
0.564786255081513   0.375938414220897   -0.00894764648697532   0.00180380652453566   0
0.533839704451627   0.377541602717399   -0.0309465506298866   0.00160318849650248   0
0.491668406653305   0.360146702726406   -0.0421712977983212   -0.0173948999909929   0
0.525389048994172   0.35728107782284   0.0337206423408662   -0.00286562490356662   0
0.512637024010167   0.352755996308443   -0.0127520249840051   -0.00452508151439635   0
0.506202330256391   0.349252516378995   -0.00643469375377592   -0.00350347992944861   0
0.460198323737712   0.322896674541257   -0.0460040065186785   -0.0263558418377376   0
0.467691833216061   0.327661913382895   0.00749350947834915   0.00476523884163826   0
0.435883398470279   0.302151597959571   -0.0318084347457823   -0.0255103154233239   0
0.428438145175007   0.275501846268642   -0.00744525329527235   -0.0266497516909298   0
0.39775634267853   0.267731687445477   -0.0306818024964769   -0.00777015882316479   0
0.414478159377548   0.276646607245656   0.0167218166990182   0.00891491980017917   0
0.447401838538914   0.27552568757786   0.0329236791613656   -0.00112091966779598   0
0.437644909188945   0.276183437022883   -0.00975692934996847   0.000657749445022504   0
0.377306000477066   0.252262820338477   -0.0603389087118787   -0.023920616684406   0
0.322710891565268   0.244333898239683   -0.0545951089117986   -0.00792892209879306   0
0.433115637721625   0.247165525050365   0.110404746156357   0.00283162681068133   0
0.394349033834242   0.278989354727134   -0.0387666038873833   0.031823829676769   0
0.436004120450713   0.317164311712498   0.0416550866164713   0.038174956985364   0
0.453050953387144   0.310593647327682   0.0170468329364307   -0.00657066438481585   0
0.484328327838668   0.321655185861588   0.0312773744515239   0.0110615385339057   0
0.468157360909769   0.343557022434868   -0.0161709669288984   0.0219018365732805   0
0.494813476903166   0.353659307768879   0.0266561159933967   0.0101022853340106   0
0.511897008208683   0.342399438878136   0.0170835313055165   -0.0112598688907426   0
0.517105637550008   0.338617022926052   0.00520862934132527   -0.00378241595208406   0
0.543829627380672   0.355192447627958   0.0267239898306637   0.0165754247019063   0
0.524606228180718   0.349337746643359   -0.0192233991999532   -0.00585470098459895   0
0.513098699976915   0.339615574271046   -0.0115075282038035   -0.00972217237231321   0
0.531190799643593   0.33180427274666   0.0180920996666784   -0.00781130152438619   0
0.553372565663496   0.346379911738239   0.0221817660199026   0.0145756389915785   0
0.46595435345643   0.324969098084222   -0.0874182122070654   -0.0214108136540169   0
0.570524067654468   0.332187972607002   0.104569714198038   0.00721887452277981   0
0.510288239512729   0.352735534235339   -0.0602358281417392   0.0205475616283375   0
0.528999995140832   0.350158457338303   0.018711755628103   -0.00257707689703629   0
0.54491119402064   0.348558558310566   0.0159111988798087   -0.00159989902773705   0
0.561525827780878   0.360170552226098   0.0166146337602373   0.0116119939155325   0
0.512317834677849   0.349991875705083   -0.0492079931030287   -0.0101786765210148   0
0.488551762645474   0.351869460849134   -0.0237660720323746   0.00187758514405029   0
0.496282888012472   0.344298191617296   0.00773112536699772   -0.00757126923183798   0
0.497581441612325   0.341457643019603   0.00129855359985326   -0.00284054859769284   0
0.464105258155949   0.33270982769008   -0.0334761834563765   -0.00874781532952318   0
0.480577601289324   0.337618023554964   0.0164723431333746   0.004908195864884   0
0.452800322196219   0.318530712644499   -0.0277772790931042   -0.0190873109104645   0
0.452129935308424   0.313387350049822   -0.000670386887794916   -0.00514336259467668   0
0.460211418651254   0.329654694788365   0.00808148334282982   0.0162673447385424   0
0.440292919668259   0.3339455815001   -0.0199184989829952   0.00429088671173528   0
0.434103595481539   0.320970387551519   -0.00618932418671958   -0.0129751939485809   0
0.48095065442621   0.323745401116587   0.0468470589446709   0.00277501356506799   0
0.431249319871927   0.310755307310092   -0.0497013345542829   -0.0129900938064949   0
0.421295456393729   0.325835578528481   -0.00995386347819893   0.0150802712183888   0
0.398475978173352   0.315016400051335   -0.0228194782203762   -0.0108191784771465   0
0.447970345882403   0.308217172853006   0.049494367709051   -0.00679922719832832   0
0.443197495430649   0.311761757956572   -0.00477285045175441   0.00354458510356614   0
0.428837521569941   0.309451454792351   -0.0143599738607074   -0.00231030316422143   0
0.432359939312097   0.315136972108161   0.00352241774215523   0.00568551731581024   0
0.459932519677061   0.296827840524183   0.0275725803649641   -0.018309131583978   0
0.449489829726558   0.301079026676967   -0.010442689950503   0.00425118615278403   0
0.425020912800959   0.312630652026077   -0.0244689169255993   0.0115516253491096   0
0.43299585055864   0.325349228167595   0.00797493775768132   0.0127185761415184   0
0.487834292120798   0.334012254539863   0.0548384415621581   0.00866302637226812   0
0.399408196637225   0.323427176559948   -0.0884260954835732   -0.0105850779799151   0
0.516911262538359   0.349634727850084   0.117503065901134   0.026207551290136   0
0.486665699313194   0.341920001450782   -0.0302455632251649   -0.00771472639930271   0
0.506616658203222   0.338388082621492   0.0199509588900279   -0.00353191882928916   0
0.517993674316589   0.34527133260126   0.0113770161133668   0.00688324997976775   0
0.477383199374465   0.349460477663144   -0.0406104749421238   0.00418914506188345   0
0.490331658396641   0.341249600479696   0.012948459022176   -0.00821087718344715   0
0.519213169991864   0.339540496997858   0.028881511595223   -0.00170910348183839   0
0.494016989004427   0.338550060205651   -0.0251961809874368   -0.00099043679220695   0
0.476220341540552   0.328783975385469   -0.0177966474638749   -0.00976608482018243   0
0.449415431187003   0.324800184197931   -0.0268049103535488   -0.00398379118753761   0
0.469180124133578   0.319905892907543   0.0197646929465751   -0.00489429129038793   0
0.483180346749534   0.327788210698234   0.0140002226159557   0.00788231779069104   0
0.448392391935902   0.349290107756865   -0.0347879548136316   0.021501897058631   0
0.440233910437395   0.350570933262443   -0.0081584814985079   0.0012808255055774   0
0.467394091735229   0.353595209776575   0.0271601812978348   0.00302427651413228   0
0.480512205353829   0.356708313257096   0.0131181136185993   0.00311310348052107   0
