0.109645662700264   0.04942685298221   0   0   0
0.0922467268386798   0.0383131199994858   -0.0173989358615839   -0.0111137329827242   0
0.121558339344777   0.0369732997569192   0.0293116125060974   -0.00133982024256663   0
0.0915536655989808   0.0305682316569425   -0.0300046737457964   -0.00640506809997671   0
0.0934627290473588   0.0406515939004229   0.00190906344837798   0.0100833622434804   0
0.101729873865694   0.0428914214153017   0.0082671448183352   0.00223982751487879   0
0.0811454543743517   0.0380504944039483   -0.0205844194913422   -0.00484092701135339   0
0.112697581721481   0.0373707953841298   0.0315521273471298   -0.000679699019818451   0
0.0861683183111983   0.0314426368081623   -0.0265292634102832   -0.00592815857596758   0
0.0971489206529337   0.0488212262809262   0.0109806023417353   0.017378589472764   0
0.0860982995591086   0.0279339740619734   -0.0110506210938251   -0.0208872522189529   0
0.0887420465356755   0.0279841555882807   0.00264374697656693   5.01815263073101e-05   0
0.100348015643011   0.038721240321108   0.0116059691073356   0.0107370847328273   0
0.0799680782977808   0.0409646390084085   -0.0203799373452303   0.00224339868730052   0
0.0947640572145368   0.0390106303030982   0.014795978916756   -0.00195400870531037   0
0.0900554664927677   0.0373342666670312   -0.00470859072176909   -0.00167636363606691   0
0.0695300829708264   0.047028953092191   -0.0205253835219413   0.00969468642515975   0
0.0822014464348408   0.0386624598180913   0.0126713634640144   -0.00836649327409968   0
0.0679451465449888   0.0417096103006549   -0.014256299889852   0.00304715048256362   0
0.0741317624785759   0.0294699292181878   0.00618661593358717   -0.0122396810824671   0
0.0699135305892929   0.0349368312454421   -0.00421823188928301   0.00546690202725428   0
0.0672720296881252   0.0110922338034151   -0.00264150090116771   -0.023844597442027   0
0.0826136423124535   0.0248686938953878   0.0153416126243282   0.0137764600919727   0
0.0648230587530394   0.0259532787487636   -0.017790583559414   0.00108458485337578   0
0.116166830345757   0.0375339704931413   0.0513437715927181   0.0115806917443777   0
0.0693064027450567   0.0344502749819301   -0.0468604276007008   -0.00308369551121117   0
0.0895006150784451   0.0253983548114834   0.0201942123333885   -0.00905192017044675   0
0.081046540106904   0.0286443709932602   -0.00845407497154112   0.00324601618177682   0
0.0703891757896766   0.0337373873091856   -0.0106573643172274   0.00509301631592546   0
0.0966616277241905   0.0508559764883637   0.0262724519345139   0.0171185891791781   0
0.0647291071161962   0.0223952537135104   -0.0319325206079943   -0.0284607227748533   0
0.0588481357036058   0.0314576747343156   -0.00588097141259043   0.00906242102080527   0
0.0717158905002929   0.0334653759620671   0.0128677547966871   0.00200770122775149   0
0.0633691531306045   0.0637738875808312   -0.00834673736968841   0.0303085116187641   0
0.126814387704629   0.0641745423100352   0.0634452345740247   0.000400654729203975   0
0.0874468734220955   0.0375074765807099   -0.0393675142825336   -0.0266670657293253   0
0.0785674372633606   0.040727217673934   -0.00887943615873496   0.0032197410932241   0
0.0527140348731721   0.0499416204018752   -0.0258534023901885   0.00921440272794126   0
0.0906696048586846   0.0333859876053188   0.0379555699855125   -0.0165556327965564   0
0.0810987110174385   0.0442465929881895   -0.0095708938412461   0.0108606053828707   0
0.0398081315465823   0.0956814034387038   -0.0412905794708562   0.0514348104505143   0
0.108117215198737   0.0444995912557913   0.0683090836521547   -0.0511818121829125   0
0.0468290175691312   0.0577173120594064   -0.0612881976296057   0.0132177208036151   0
0.113680723149486   0.0276801792142071   0.0668517055803544   -0.0300371328451993   0
0.0692408764729332   0.0446043121149738   -0.0444398466765524   0.0169241329007667   0
0.0969326478510723   0.0323005780567856   0.0276917713781391   -0.0123037340581882   0
0.0758847143803678   0.0380240755851474   -0.0210479334707045   0.00572349752836175   0
0.0698200250834959   0.0293804643602258   -0.00606468929687187   -0.00864361122492154   0
0.0713325960466181   0.0299590503702592   0.00151257096312221   0.000578586010033324   0
0.0535918911188997   0.0495146245683535   -0.0177407049277184   0.0195555741980944   0
0.082782841625907   0.0378564791190359   0.0291909505070073   -0.0116581454493176   0
0.0462317309856553   0.0486751925766093   -0.0365511106402517   0.0108187134575734   0
0.0845059900485759   0.0576943617034628   0.0382742590629206   0.00901916912685355   0
0.0506746929530905   0.0736870105396467   -0.0338312970954854   0.0159926488361838   0
0.0620931980329569   0.0677872485812044   0.0114185050798664   -0.00589976195844223   0
0.050658376462141   0.0542782247677188   -0.0114348215708159   -0.0135090238134856   0
0.118730974398132   0.0413998797453266   0.0680725979359915   -0.0128783450223922   0
0.0702346586555384   0.0780570649045459   -0.048496315742594   0.0366571851592194   0
0.0687986135206953   0.039902320510028   -0.00143604513484313   -0.038154744394518   0
0.075702483207554   0.0456979716762681   0.00690386968685872   0.0057956511662401   0
0.056250103431816   0.0528775052753531   -0.019452379775738   0.00717953359908505   0
0.08520899299892   0.0341489422724555   0.028958889567104   -0.0187285630028976   0
0.0488970502527504   0.0639484407040547   -0.0363119427461696   0.0297994984315992   0
0.107065374167141   0.0428453470149618   0.058168323914391   -0.0211030936890929   0
0.0934883531713443   0.0339549089879803   -0.0135770209957971   -0.00889043802698155   0
0.0615962470335653   0.0590236215134458   -0.031892106137779   0.0250687125254655   0
0.116249315728782   0.0375786305376194   0.0546530686952165   -0.0214449909758264   0
0.106912157801159   0.0413012946343695   -0.00933715792762244   0.00372266409675013   0
0.0666071746454539   0.0347409846186493   -0.0403049831557055   -0.00656031001572025   0
0.0711381865383846   0.0565174489077046   0.00453101189293066   0.0217764642890553   0
0.0735880835149958   0.0514194886244019   0.00244989697661123   -0.00509796028330266   0
0.0382596137296837   0.0766972054340965   -0.0353284697853121   0.0252777168096945   0
0.0390693412911057   0.0671532819784149   0.000809727561422058   -0.00954392345568161   0
0.0775888832285914   0.0558971802835572   0.0385195419374857   -0.0112561016948576   0
0.0416226382308967   0.0744980060863544   -0.0359662449976948   0.0186008258027972   0
0.0810101994607469   0.0842866682573377   0.0393875612298503   0.00978866217098329   0
0.0398327008497805   0.055322217021035   -0.0411774986109665   -0.0289644512363027   0
0.0849603252936922   0.0493665615562802   0.0451276244439118   -0.00595565546475488   0
0.0394785507342975   0.0822036625099515   -0.0454817745593948   0.0328371009536713   0
0.0598996937543924   0.0663878507213481   0.020421143020095   -0.0158158117886034   0
0.07251585048898   0.0830749559903134   0.0126161567345876   0.0166871052689652   0
0.0712061997418764   0.03671092675451   -0.0013096507471036   -0.0463640292358033   0
0.0637823306012723   0.074917128250888   -0.00742386914060408   0.038206201496378   0
0.0909179977935062   0.044022705245958   0.0271356671922339   -0.03089442300493   0
0.069497741357224   0.0572579591699268   -0.0214202564362822   0.0132352539239687   0
0.092399025619646   0.0520253355842612   0.022901284262422   -0.00523262358566552   0
0.0485559195820728   0.0853770082058542   -0.0438431060375732   0.033351672621593   0
0.0623860536125735   0.0955448556394456   0.0138301340305007   0.0101678474335914   0
0.0899083289924243   0.0550355890292136   0.0275222753798507   -0.040509266610232   0
0.0467028374628234   0.0944367430252389   -0.0432054915296009   0.0394011539960252   0
0.0717074639196646   0.051998290438749   0.0250046264568412   -0.0424384525864898   0
0.091474266509549   0.0603695509056304   0.0197668025898844   0.00837126046688137   0
0.0847554355808523   0.0645959445025382   -0.00671883092869674   0.00422639359690784   0
0.0976488959932472   0.0702083877887999   0.0128934604123949   0.00561244328626162   0
0.0485463076785187   0.0816789330425845   -0.0491025883147285   0.0114705452537846   0
0.0856316186536842   0.0612809916365997   0.0370853109751656   -0.0203979414059848   0
0.0783242163748862   0.0846984150155863   -0.00730740227879798   0.0234174233789867   0
0.0495799766318985   0.105121397845503   -0.0287442397429878   0.0204229828299166   0
0.047644918825794   0.107889152217925   -0.00193505780610448   0.00276775437242167   0
0.0996682617606026   0.0744657165854529   0.0520233429348086   -0.0334234356324716   0
0.0447750878709143   0.102239327497666   -0.0548931738896883   0.0277736109122131   0
0.1097086265522   0.0997303628886534   0.0649335386812853   -0.00250896460901257   0
0.0896834268115353   0.0955316792303082   -0.0200251997406644   -0.00419868365834522   0
0.100841048830573   0.0700520137619541   0.0111576220190377   -0.0254796654683541   0
0.13129676286158   0.0768511652806904   0.0304557140310072   0.00679915151873639   0
0.0808842696668518   0.113707316438268   -0.0504124931947283   0.036856151157578   0
0.126658571262903   0.0817432447717241   0.0457743015960517   -0.0319640716665443   0
0.102443600781064   0.11444081265947   -0.0242149704818396   0.0326975678877463   0
0.117218971786866   0.0997082118763294   0.0147753710058017   -0.014732600783141   0
0.120601870352495   0.0956076026610463   0.00338289856562933   -0.00410060921528313   0
0.0716591659128823   0.118040903282739   -0.0489427044396126   0.022433300621693   0
0.134991585943162   0.0941301734970912   0.0633324200302793   -0.023910729785648   0
0.133470501074395   0.101427185385145   -0.00152108486876693   0.0072970118880534   0
0.121465727440665   0.0784639936059369   -0.0120047736337294   -0.0229631917792078   0
0.118552504876574   0.106933685022973   -0.00291322256409175   0.0284696914170366   0
0.114805581441365   0.078934753073377   -0.0037469234352081   -0.0279989319495965   0
0.141831193799707   0.101844533134295   0.0270256123583414   0.0229097800609179   0
0.0980073843924018   0.114469416738075   -0.0438238094073051   0.0126248836037797   0
0.13753478114986   0.0919796781976459   0.0395273967574586   -0.0224897385404287   0
0.103506036619996   0.0885294674921435   -0.0340287445298642   -0.00345021070550237   0
0.105140559819605   0.111423124891526   0.00163452319960906   0.022893657399382   0
0.111406257876387   0.108339476016328   0.00626569805678154   -0.00308364887519759   0
0.101448217597403   0.100970575852943   -0.00995804027898396   -0.00736890016338454   0
0.171269663214505   0.166234927421714   0.0698214456171022   0.0652643515687706   0
0.141551617532722   0.126718831146845   -0.0297180456817831   -0.0395160962748694   0
0.147850626866172   0.12013149551658   0.00629900933344996   -0.00658733563026488   0
0.156257485979264   0.119913984410337   0.00840685911309244   -0.000217511106242851   0
0.141332225918224   0.0964085313782058   -0.0149252600610401   -0.023505453032131   0
0.156945245842778   0.132237951344158   0.0156130199245536   0.0358294199659525   0
0.146772505290603   0.118636552127127   -0.0101727405521752   -0.0136013992170314   0
0.139622732546172   0.129788977767538   -0.00714977274443027   0.0111524256404112   0
0.152178461479442   0.136861562982682   0.0125557289332695   0.00707258521514342   0
0.152513857384239   0.136097704147581   0.000335395904797087   -0.000763858835100467   0
0.129847801758251   0.145018101126213   -0.0226660556259882   0.00892039697863178   0
0.163201141536939   0.185226337302049   0.0333533397786882   0.0402082361758364   0
0.122484330102589   0.147348631060056   -0.04071681143435   -0.0378777062419932   0
0.148750637931035   0.21845199923949   0.0262663078284464   0.0711033681794337   0
0.181851547227429   0.247952255160968   0.033100909296394   0.0295002559214788   0
0.142486806344026   0.241769800293792   -0.0393647408834033   -0.00618245486717653   0
0.187463649469037   0.248005695805243   0.044976843125011   0.00623589551145065   0
0.148621050947334   0.221429084744896   -0.0388425985217032   -0.0265766110603462   0
0.148351554976178   0.221432590473241   -0.00026949597115572   3.50572834445506e-06   0
0.160209292539166   0.222207939434446   0.0118577375629877   0.000775348961205319   0
0.136795960612512   0.225439277917769   -0.0234133319266535   0.0032313384833226   0
0.173062814644799   0.213240250176298   0.0362668540322866   -0.0121990277414711   0
0.177494162561815   0.237861006966238   0.00443134791701613   0.0246207567899399   0
0.150279864340004   0.228781502354108   -0.027214298221811   -0.00907950461213   0
0.2090251859798   0.24681732715513   0.0587453216397961   0.0180358248010224   0
0.0858844496845034   0.22023157228018   -0.123140736295297   -0.0265857548749503   0
0.153145095094843   0.290562698010761   0.0672606454103392   0.070331125730581   0
0.168287372911561   0.254433866416821   0.0151422778167187   -0.03612883159394   0
0.180673869098778   0.294464485076032   0.012386496187217   0.040030618659211   0
0.158757712088767   0.281341066743081   -0.0219161570100109   -0.0131234183329503   0
0.159839218549422   0.308148451155141   0.00108150646065486   0.0268073844120599   0
0.119347018544321   0.300786416741016   -0.0404922000051018   -0.00736203441412547   0
0.20256404141005   0.29229800516147   0.0832170228657295   -0.00848841157954539   0
0.18521261916017   0.28478875157756   -0.0173514222498806   -0.0075092535839108   0
0.211418504708788   0.276387794864815   0.0262058855486189   -0.00840095671274466   0
0.270127607034083   0.277344146336875   0.0587091023252946   0.000956351472060135   0
0.219591574998792   0.273067113206891   -0.0505360320352913   -0.00427703312998418   0
0.224048454807347   0.287763783967702   0.00445687980855564   0.0146966707608107   0
0.221495171934763   0.300241242840324   -0.00255328287258491   0.0124774588726226   0
0.170393515146792   0.302466587086198   -0.0511016567879706   0.00222534424587373   0
0.185805867099212   0.312499163420244   0.01541235195242   0.0100325763340463   0
0.159664203987932   0.300373556514322   -0.0261416631112798   -0.0121256069059223   0
0.128781411840374   0.311541064351347   -0.0308827921475582   0.0111675078370249   0
0.176430646978154   0.317932501253067   0.04764923513778   0.00639143690171984   0
0.212215846625788   0.342014997960649   0.0357851996476341   0.024082496707582   0
0.20201209509616   0.326876646757707   -0.010203751529628   -0.015138351202942   0
0.189813023842412   0.329439209724199   -0.0121990712537482   0.00256256296649271   0
0.189933667167698   0.370405440619603   0.000120643325286468   0.040966230895404   0
0.198941592647616   0.318976478942735   0.00900792547991777   -0.0514289616768684   0
0.187085657559312   0.384535214085944   -0.0118559350883045   0.0655587351432086   0
0.180919644972568   0.34957086655885   -0.00616601258674374   -0.0349643475270941   0
0.195799498347417   0.382194864037849   0.0148798533748487   0.0326239974789996   0
0.160148153747921   0.363009633682279   -0.035651344599496   -0.01918523035557   0
0.156522635690083   0.363059705530564   -0.00362551805783773   5.00718482850937e-05   0
0.210340175941854   0.377409345258649   0.0538175402517709   0.0143496397280852   0
0.181351777103562   0.360043272067393   -0.0289883988382919   -0.0173660731912562   0
0.237138959398914   0.380781935159298   0.0557871822953526   0.0207386630919049   0
0.206964364597507   0.352247983707253   -0.0301745948014071   -0.0285339514520454   0
0.222536533159165   0.367510639574992   0.0155721685616572   0.0152626558677397   0
0.231966577142592   0.355797895695917   0.00943004398342717   -0.0117127438790757   0
0.210387091206305   0.36403307197593   -0.0215794859362871   0.00823517628001297   0
0.223114270078653   0.356084083211764   0.012727178872348   -0.00794898876416572   0
0.216366624420057   0.382360590059674   -0.00674764565859573   0.0262765068479103   0
0.220100005250931   0.354992619716329   0.00373338083087429   -0.027367970343345   0
0.240654101555531   0.38258338964813   0.0205540963046001   0.0275907699318002   0
0.143877603494394   0.371886081015544   -0.0967764980611376   -0.0106973086325852   0
0.236713207560204   0.472467248821302   0.0928356040658097   0.100581167805758   0
0.186638912612563   0.39795662399876   -0.0500742949476403   -0.0745106248225424   0
0.244154322012227   0.46558796545128   0.0575154093996633   0.0676313414525207   0
0.172635929107385   0.446676006758915   -0.0715183929048417   -0.0189119586923654   0
0.224764203387928   0.536755359614601   0.0521282742805435   0.0900793528556865   0
0.139273758731643   0.513879111909905   -0.085490444656285   -0.0228762477046965   0
0.153318477835974   0.58524530319685   0.0140447191043305   0.0713661912869451   0
0.15304580976668   0.566801836363532   -0.000272668069293547   -0.0184434668333174   0
0.187449887463957   0.661146347045231   0.0344040776972763   0.0943445106816982   0
0.220110366785688   0.693913358986552   0.0326604793217312   0.0327670119413217   0
0.2088711020516   0.665406299696096   -0.0112392647340875   -0.0285070592904567   0
0.195884764019972   0.680708550610502   -0.0129863380316285   0.0153022509144061   0
0.204905061992133   0.674833267749338   0.00902029797216164   -0.00587528286116357   0
0.191469354748295   0.75083488584525   -0.0134357072438385   0.0760016180959122   0
0.193821137146133   0.730682319431639   0.00235178239783787   -0.0201525664136112   0
0.227254261742239   0.745756605081376   0.0334331245961061   0.0150742856497371   0
0.210317542360332   0.742425600319655   -0.016936719381907   -0.00333100476172132   0
0.205760385327351   0.730106974592251   -0.00455715703298079   -0.0123186257274038   0
0.232330892746316   0.727961632423715   0.0265705074189645   -0.00214534216853601   0
0.227226847079081   0.743907993901296   -0.00510404566723471   0.0159463614775804   0
0.217307018974192   0.754645697358701   -0.00991982810488851   0.0107377034574053   0
0.24134614831362   0.762225005492637   0.0240391293394279   0.00757930813393581   0
0.219725161377071   0.741384014047545   -0.021620986936549   -0.0208409914450921   0
0.218073854646173   0.734008121249009   -0.00165130673089869   -0.00737589279853557   0
0.22426720522961   0.761883448747412   0.0061933505834374   0.0278753274984027   0
0.219889297986623   0.760548646963822   -0.00437790724298673   -0.00133480178358991   0
0.206550973171588   0.757694717736141   -0.0133383248150354   -0.00285392922768113   0
0.207885558215283   0.767183846727758   0.00133458504369563   0.00948912899161725   0
0.217386416851123   0.743449328192749   0.00950085863583908   -0.0237345185350089   0
0.223815546069613   0.762702694741863   0.00642912921849012   0.0192533665491144   0
0.221445848016033   0.760967621372289   -0.00236969805357962   -0.00173507336957412   0
0.214057949982826   0.772207851392519   -0.00738789803320714   0.0112402300202292   0
0.222287159066938   0.780352235972   0.00822920908411165   0.00814438457948152   0
0.232530487567738   0.76306175163695   0.0102433285008005   -0.0172904843350503   0
0.233235982633384   0.767343898951604   0.000705495065645517   0.00428214731465459   0
0.245681190152543   0.777641672341606   0.0124452075191594   0.0102977733900018   0
0.238139221496712   0.785793256942944   -0.00754196865583112   0.00815158460133825   0
0.22525269076273   0.798294386739002   -0.012886530733982   0.012501129796058   0
0.228246946002351   0.78383912283038   0.00299425523962088   -0.0144552639086221   0
0.224905306723541   0.766836977798574   -0.00334163927880982   -0.0170021450318069   0
0.253951700674449   0.810074574910391   0.0290463939509081   0.0432375971118171   0
0.234934071705255   0.771619403412233   -0.0190176289691937   -0.038455171498158   0
0.240643939982124   0.768290434655573   0.00570986827686856   -0.00332896875665911   0
0.226277516519032   0.766369288631303   -0.0143664234630916   -0.00192114602427007   0
0.246469155669528   0.793150737897595   0.0201916391504957   0.026781449266292   0
0.24079949521208   0.782943974145021   -0.00566966045744818   -0.0102067637525739   0
0.218250494255775   0.750353283308103   -0.0225490009563049   -0.0325906908369188   0
0.246970840997272   0.791678897423065   0.0287203467414975   0.0413256141149624   0
0.238977534891567   0.781382756485258   -0.00799330610570562   -0.0102961409378071   0
0.229530984440987   0.785384424393239   -0.00944655045058024   0.0040016679079814   0
0.227675600868429   0.808007667752912   -0.00185538357255793   0.0226232433596723   0
0.215641104205877   0.821834910500582   -0.0120344966625514   0.0138272427476704   0
0.214131972076031   0.778507965977549   -0.00150913212984646   -0.0433269445230334   0
0.228267626287325   0.790997397829791   0.0141356542112946   0.0124894318522418   0
0.231554130448843   0.805626548299676   0.0032865041615173   0.0146291504698853   0
0.238923562891251   0.796972268692581   0.00736943244240845   -0.00865427960709453   0
0.21917517474956   0.800563941519352   -0.0197483881416914   0.00359167282677042   0
0.217210575789992   0.803503587055621   -0.00196459895956735   0.00293964553626924   0
0.254762150946348   0.880276785761871   0.0375515751563561   0.0767731987062497   0
0.259550913533113   0.885787678362174   0.00478876258676486   0.00551089260030313   0
0.280149683831358   0.852289552793533   0.0205987702982451   -0.0334981255686411   0
0.270032892977897   0.824187027195587   -0.0101167908534611   -0.0281025255979452   0
0.2749757408729   0.850317940237062   0.00494284789500232   0.026130913041475   0
0.234770568948175   0.838145817248556   -0.0402051719247241   -0.0121721229885062   0
0.236729263356371   0.854515440771113   0.0019586944081954   0.0163696235225572   0
0.267265302325704   0.868005199634916   0.0305360389693333   0.0134897588638025   0
0.235840872348968   0.867887324472192   -0.0314244299767358   -0.000117875162723768   0
0.255573179546877   0.853841275076931   0.0197323071979082   -0.0140460493952609   0
0.286428467898444   0.858393392419379   0.0308552883515676   0.00455211734244765   0
0.265294125226059   0.822063406206754   -0.0211343426723849   -0.0363299862126252   0
0.277363903615467   0.790957891745983   0.0120697783894076   -0.0311055144607709   0
0.261050122465974   0.783230694779322   -0.0163137811494929   -0.00772719696666047   0
0.307534645604898   0.804399662896809   0.0464845231389238   0.0211689681174866   0
0.278923429758482   0.792205996658066   -0.0286112158464156   -0.0121936662387427   0
0.338992295305793   0.837278521261294   0.0600688655473109   0.045072524603228   0
0.283480261220865   0.812394765207931   -0.0555120340849278   -0.0248837560533629   0
0.330920096428564   0.851892899536233   0.0474398352076987   0.0394981343283016   0
0.332303901360457   0.869729533334358   0.00138380493189261   0.0178366337981252   0
0.314023516060836   0.863968232386035   -0.0182803852996208   -0.00576130094832294   0
0.313922621139048   0.889111449190286   -0.000100894921788164   0.0251432168042507   0
0.307714608737772   0.872445296281377   -0.00620801240127578   -0.0166661529089087   0
0.333835751710388   0.90548501679887   0.0261211429726165   0.0330397205174929   0
0.322330156170657   0.903951625827538   -0.0115055955397315   -0.00153339097133176   0
0.318036491751638   0.871539186787376   -0.00429366441901835   -0.0324124390401628   0
0.321949036465401   0.90259313515573   0.0039125447137624   0.0310539483683546   0
0.311629436590063   0.882725048449544   -0.010319599875338   -0.0198680867061859   0
0.314127737420623   0.941389885716991   0.00249830083056035   0.0586648372674472   0
0.294948251500852   0.938346990886101   -0.019179485919771   -0.00304289483089071   0
0.31094594190309   0.958575164085999   0.0159976904022381   0.0202281731998983   0
0.31553134278561   0.946229379551412   0.00458540088251952   -0.0123457845345873   0
0.332888930794101   0.95367632203699   0.0173575880084915   0.00744694248557798   0
0.304706536204739   0.955894911587173   -0.0281823945893622   0.0022185895501835   0
0.321221366209908   0.942303829156764   0.0165148300051691   -0.0135910824304091   0
0.313963809606919   0.901159199743586   -0.00725755660298877   -0.0411446294131783   0
0.289576172956771   0.919144378510389   -0.024387636650148   0.0179851787668036   0
0.282639601592293   0.92134579134248   -0.00693657136447867   0.00220141283209008   0
0.287867571410258   0.969331126286833   0.00522796981796525   0.0479853349443533   0
0.203789227931925   0.909842975157802   -0.0840783434783332   -0.0594881511290311   0
0.2362309809064   0.898053284917576   0.0324417529744754   -0.0117896902402254   0
0.251314681374985   0.876318923634113   0.0150837004685843   -0.0217343612834636   0
0.301897085838867   0.932428658725428   0.0505824044638821   0.0561097350913149   0
